NaN        
658.61312  
645.09119  
522.22868  
448.51786  
630.30991  
1110.15901 
1669.37593 
1115.07161 
717.06397  
155.04767  
970.97683  
1713.72722 
1020.74396 
1157.60177 
865.35018  
722.27313  
947.29813  
2544.93345 
4318.52642 
5100.51645 
3184.24981 
1385.32605 
1713.53963 
1427.00879 
960.9706   
979.5804   
968.15278  
612.2067   
495.7212   
1346.849   
3105.6079  
3092.80376 
1557.18647 
1000.07127 
1317.02683 
1698.1162  
848.34344  
1010.74886 
550.6085   
934.26905  
1068.13626 
1710.91446 
5344.36981 
6418.2097  
3333.88673 
1137.05373 
1415.43797 
1175.87021 
1581.29061 
1565.15058 
1247.49264 
1241.77153 
1047.18717 
2935.45777 
16826.85088
23941.03988
4764.10272 
1901.16874 
3234.71336 
1788.57929 
1179.00807 
915.83552  
742.2212   
760.19163  
755.70022  
1179.51721 
2993.50356 
44159.9169 
13014.82783
2841.5717  
1738.45274 
1438.71875 
804.7221   
958.77672  
522.29652  
886.22946  
1013.21329 
1622.94019 
5069.56531 
6088.18896 
3162.46015 
1078.58706 
1342.65695 
1115.40762 
1568.91819 
1030.83887 
506.33505  
654.3778   
829.39261  
1292.22815 
3645.44925 
20331.27479
4314.57996 
995.98037  
768.78896  
552.18277  
820.73678  
977.85722  
532.69068  
903.86621  
1033.37713 
1655.23813 
5170.45412 
6209.34928 
3225.39588 
1100.05189 
1369.377   
1137.60522 
1000.90619 
1238.90261 
995.05615  
935.05172  
810.21195  
1301.09909 
3062.59107 
5433.73665 
1987.0203  
1041.35314 
1848.72205 
1586.37007 
6149.37653 
4575.57354 
2005.02784 
1635.86492 
1142.90523 
2425.86607 
6760.30914 
14374.96815
4242.49963 
2086.10029 
2409.82745 
1613.38622 
983.13022  
1001.64749 
809.8376   
805.69554  
810.79706  
1623.40964 
5345.93746 
4891.06599 
1644.08524 
2314.16511 
2574.6683  
1329.80478 
1035.72033 
915.66647  
786.83311  
574.81331  
522.64703  
1002.74265 
2324.21533 
5137.46831 
1993.38062 
663.41763  
1609.7711  
731.64167  
2368.39767 
2041.8586  
1679.34351 
1415.53548 
1090.11238 
1613.32562 
3547.00679 
8692.20306 
6072.15558 
2022.99147 
3600.92324 
2377.85389 
1955.77371 
1594.16958 
1185.54304 
1106.87205 
1040.90356 
2557.41742 
7297.21818 
10133.4951 
3093.65965 
1449.24105 
1214.72918 
1348.68551 
2257.02147 
1945.83822 
1600.37075 
1348.96855 
1038.84879 
1537.45742 
3380.20536 
8283.44378 
5786.60657 
1927.85834 
3431.58633 
2266.033   
682.41817  
668.4075   
541.10422  
464.72918  
653.09196  
1150.28482 
1729.7142  
1155.37499 
742.98168  
160.65174  
1006.07201 
1775.66852 
1045.50913 
818.91774  
520.27998  
281.32421  
372.66453  
880.33156  
4085.69042 
3991.62568 
941.47319  
421.98468  
524.6162   
338.51373  
1077.61156 
946.16451  
817.065    
921.61468  
831.81151  
1205.39053 
1942.57028 
2103.84452 
525.7201   
646.24235  
766.80047  
613.77085  
1395.90625 
1347.66666 
1072.19545 
1079.77083 
1244.96628 
2743.11369 
15456.25802
25207.63054
5298.6595  
1647.27877 
1586.30557 
1351.76533 
1347.59278 
1458.47528 
1255.30336 
1288.0159  
1648.57964 
2747.56009 
9023.1309  
9857.91825 
3999.03934 
1673.02445 
1335.82161 
1009.5287  
820.73678  
977.85722  
532.69068  
903.86621  
1033.37713 
1655.23813 
5170.45412 
6209.34928 
3225.39588 
1100.05189 
1369.377   
1137.60522 
1001.36141 
1135.62047 
848.91835  
708.55814  
929.31021  
2496.60859 
4236.52342 
5003.66451 
3123.78519 
1359.02057 
1681.00182 
1399.91181 
821.27196  
863.72495  
738.57726  
670.14244  
595.6979   
1462.39899 
2424.74475 
2645.83695 
1098.05497 
609.75864  
3666.30869 
2696.47749 
1394.90533 
846.65376  
586.96686  
594.24499  
618.49683  
1378.59332 
4468.5861  
4559.44388 
2240.30029 
754.65989  
991.47792  
609.58531  
