NaN      
3509.751 
2519.839 
2524.21  
1761.707 
3071.194 
7613.503 
18227.962
23100.903
8347.961 
2016.084 
3944.54  
4872.86  
2638.795 
2830.716 
2614.628 
2324.028 
3427.862 
10837.567
24011.987
32699.923
13476.924
4193.858 
4630.272 
3542.994 
3470.065 
3295.096 
3232.314 
2430.575 
2876.853 
7905.162 
16814.934
24114.193
17998.746
4133.545 
2409.627 
3146.671 
3398.114 
4076.846 
4485.642 
3769.62  
4795.175 
8998.035 
22688.377
42583.936
30447.868
6950.866 
5655.4   
4421.318 
5968.396 
4459.927 
4412.382 
4250.968 
5246.915 
13348.852
16752.942
36087.265
18900.132
8103.209 
5547.531 
3630.287 
4339.742 
3285.986 
3061.097 
3289.422 
4190.501 
7064.893 
29222.647
55365.346
27889.301
10336.575
4384.393 
5305.606 
3223.385 
3867.217 
4254.992 
3575.788 
4548.61  
8535.362 
21521.754
40394.294
28882.256
6593.456 
5364.602 
4193.976 
5516.755 
4488.389 
4396.602 
4226.266 
4834.683 
8912.982 
17831.566
73220.99 
21607.526
3260.318 
3091.679 
2519.402 
3287.533 
3944.178 
4339.671 
3646.95  
4639.131 
8705.223 
21950.055
41198.176
29457.038
6724.672 
5471.363 
4277.44  
2975.148 
3499.829 
3289.357 
3182.271 
4062.514 
8248.622 
18579.285
26675.235
14877.117
5820.562 
5605.247 
4442.999 
7895.728 
6237.834 
4950.273 
3883.281 
4501.01  
10716.531
41743.62 
57486.359
25541.146
7253.759 
4944.343 
4910.999 
3863.588 
4776.327 
3492.221 
2806.333 
3741.486 
11677.988
16021.861
19311.227
8322.643 
4040.333 
3040.885 
2857.52  
2428.9   
2606.723 
2658.057 
2343.943 
3401.566 
7561.735 
28393.816
69203.646
20826.964
3414.498 
3609.901 
1996.603 
5248.878 
3902.56  
3343.071 
3210.526 
3868.78  
8557.783 
19934.113
50462.735
31965.875
6244.507 
6191.167 
5687.762 
6661.363 
4974.538 
4759.548 
4523.145 
5565.863 
18652.095
44813.304
43424.678
36858.858
12748.011
5539.308 
5473.558 
5002.045 
3719.038 
3185.86  
3059.547 
3686.846 
8155.345 
18996.692
48089.676
30462.648
5950.853 
5900.021 
5420.29  
3636.608 
2610.916 
2615.446 
1825.383 
3182.2   
7888.687 
18886.797
23935.867
8649.691 
2088.954 
4087.113 
5048.986 
2548.233 
2261.242 
1151.048 
1153.251 
1844.914 
3978.281 
11058.206
16804.11 
7798.191 
2040.943 
2320.197 
2021.122 
2346.421 
2785.852 
2461.518 
2298.77  
3444.182 
7353.25  
18291.297
20335.138
5949.177 
1946.587 
1425.176 
2198.009 
5548.557 
4827.145 
4002.914 
3562.244 
4376.001 
8465.088 
24957.675
38104.586
13975.381
3716.025 
3437.731 
3415.941 
3699.27  
3699.641 
3465.167 
3701.655 
4751.596 
8840.27  
36325.393
53954.142
34258.447
7219.341 
4215.614 
4057.418 
3287.533 
3944.178 
4339.671 
3646.95  
4639.131 
8705.223 
21950.055
41198.176
29457.038
6724.672 
5471.363 
4277.44  
2588.687 
2776.964 
2564.98  
2279.897 
3362.772 
10631.777
23556.032
32078.996
13221.016
4114.222 
4542.35  
3475.717 
2861.208 
2527.07  
1806.537 
1856.183 
2593.824 
5502.746 
23423.697
32273.998
13542.705
4042.379 
5320.169 
3142.779 
3477.841 
3146.149 
2403.653 
2696.8   
3374.912 
5564.024 
17440.265
43522.759
16259.34 
5179.461 
3590.094 
3256.562 
