NaN      
62510.6  
73035.86 
53429.61 
46559.7  
61933.33 
149492.53
302009.03
461450.93
144611.91
46356.72 
85613.48 
70510.59 
46592.56 
40034.01 
45312.52 
42849.17 
50163.12 
160541.38
361353.36
444504.44
181479.34
79074.23 
77672.32 
50146.62 
58491.09 
66453.91 
59509.32 
54177.71 
50277.44 
99976.47 
204706.54
285103.07
192624.21
86133.72 
64904.72 
60980.76 
52716.09 
69208.4  
65696.53 
61285.8  
67190.65 
152014.14
313927.22
603112.8 
438696.62
100213.86
101089.05
68402.38 
90295.49 
85915.01 
69412.82 
58867.92 
49839.04 
153824.89
303963.76
458050.91
197232.83
115689.98
102467.44
59815.86 
59461.02 
62426.53 
56040.54 
56945.49 
56490.37 
122231.62
432409.29
730904.22
249908.55
106382.43
83165.44 
68914.21 
48383.9  
63520.87 
60297.61 
56249.35 
61668.95 
139521.67
288128.77
553549.17
402644.66
91978.32 
92781.58 
62781.09 
63846.55 
65911.56 
54704.35 
44115.2  
55185.5  
124805.67
216773.57
927167.12
290876.46
51393.82 
52378.98 
40726.03 
45218.74 
59365.49 
56353.08 
52569.65 
57634.71 
130394.49
269280.07
517337.29
376304.6 
85961.31 
86712.03 
58674.1  
47669.41 
54317.87 
47548.33 
46287.96 
60656.84 
139240.73
267148.77
439326.06
200379.54
75688.2  
77304.48 
60080.52 
79851.19 
86554.27 
68601.26 
51900.5  
64834.25 
170073.6 
470783.47
698907.21
272613.52
105543.49
83905.44 
48770.24 
28301.39 
49301.55 
38133.13 
29976.9  
36465.02 
105441.97
179735.85
241087.88
93014.4  
38050.4  
38107.21 
38737.09 
40127.76 
54156.5  
52187.89 
46524.99 
49276.98 
139204.17
369091.69
901013.39
293438.27
57064.26 
67301.04 
39484.95 
83956.42 
66052.98 
80611.24 
52509.79 
60900.44 
131851.81
297905.91
575440.8 
340589.47
143915.93
110046.43
102126.58
87209.57 
78487.03 
54185.88 
54988.51 
64622.81 
202312.43
490698.77
562802.66
393950.52
130831.23
96843.42 
87678.6  
79493.32 
62541.62 
76325.97 
49718.38 
57662.99 
124842.6 
282069.3 
544850.51
322483.82
136265.39
104196.38
96697.56 
56903.52 
66484.68 
48637.08 
42383.38 
56378.02 
136083.33
274919.39
420059.64
131640.49
42198.61 
77934.11 
64185.92 
35925.96 
30376.39 
22567.86 
21452.1  
26124    
63476.98 
148209.37
163593.56
74938.31 
22151.56 
31750.18 
25292.38 
57594.32 
77393.26 
67457.91 
66413.08 
66057.22 
144244.65
348025.87
454214.68
126799.5 
57567.53 
60128.02 
55884.63 
93794.34 
94813.5  
72492.21 
43510.73 
49271.19 
111068.46
370502.6 
495536.25
176159.92
68297.64 
62677.68 
33958.5  
66471.7  
77968.14 
62745.35 
63492.08 
66773.33 
189161.31
381452.89
593904.05
301434.01
133735.05
83917.9  
55787.4  
39764.68 
52205.13 
49556.06 
46228.97 
50683.11 
114666.98
236800.89
454938.73
330916.67
75593.1  
76253.27 
51597.13 
44314.09 
38076.26 
43096.64 
40753.76 
47710.04 
152690.57
343682.42
422767.24
172604.62
75207.34 
73873.98 
47694.35 
52215.35 
51659.78 
41492.39 
37911.73 
43639.83 
105614.31
320246.69
436173.9 
189007.62
64868.53 
81544.94 
43896.96 
47875.36 
57978.08 
42979.82 
41451.74 
45417.59 
101500.91
221228.62
567511.44
232618.03
82260.88 
79724.69 
52359.97 
