NaN      
662400.3 
608294   
465617.8 
273634.8 
591769.4 
1458966  
2141658.2
3021631.4
1262140  
503233   
622031.7 
728770.5 
319239.4 
253436.6 
233302.2 
198749.9 
379235   
1449099.1
2363568.8
1949775.3
856573.6 
387420.9 
441096.2 
244792.4 
343718.7 
456884   
457582.9 
366686.5 
416838.1 
830507.7 
1537041.6
1685651.3
1284913.1
485470.4 
366184.9 
509434.2 
436625.5 
534048.2 
548637.4 
456377.9 
549063.3 
974199.4 
1426287.5
2530462.6
2127850.3
877468.5 
765635.3 
377939   
652715.5 
493810.2 
352451.8 
382680.2 
402347.8 
1197232.7
2425797.7
3692992.4
1395572.3
748660.6 
583274.3 
426971.9 
549828.1 
563479.3 
439253.7 
576013.5 
616133.1 
1476387.8
5581622.3
6536593.7
2086422.6
1174596.5
840569.2 
678210.4 
672122.5 
822090.8 
844548.7 
702528.4 
845204.5 
1499640.6
2195565.6
3895285.1
3275521.1
1350737.2
1178585.9
581782.9 
535377.4 
675103.7 
404961.7 
315660.3 
508135.8 
1036307.6
2661456.4
4556174.1
1856966.9
428265.6 
365511.9 
283434   
474421.9 
580278   
596130   
495884.1 
596592.9 
1058530.7
1549753.7
2749511.5
2312047.2
953426.3 
831912.3 
410655.1 
280377   
335916.8 
323676.3 
278325.9 
464600.7 
864678.5 
1506268.4
2595680.9
1175198.9
440584.7 
417137.6 
334114.5 
441926.2 
369763.5 
311585.5 
270985.5 
294237.9 
1253590.1
3588043  
3647208.1
1319025.4
467361.1 
362652.5 
286661.3 
280913.8 
351441.9 
284436.9 
244487.9 
316030.5 
1192224.7
1971177.2
2117590.9
761266.4 
356206.7 
266429.4 
323198.3 
264721   
366971.6 
448030.4 
507741.4 
440124.2 
1282969.2
2744574.4
4631123.8
2388917  
626098.3 
630688.9 
319726.4 
552302.2 
468012.9 
266260.1 
335790.8 
495702   
1087022  
2117012.6
3159236.4
1884658.9
631785.9 
656896.8 
672199.4 
587615.4 
525630.7 
415912.8 
460222.5 
571486.2 
1207248.9
2975693.1
3246429.3
2346120.4
901251.7 
659295.3 
530659.2 
821903.5 
696469.2 
396232.5 
499704.1 
737674.4 
1617641.9
3150412.9
4701388.8
2804638  
940186.5 
977554.9 
1000327.4
445945.6 
409519.8 
313466.4 
184218.3 
398395   
982215   
1441821.7
2034243.2
849706.5 
338789.9 
418768.4 
490627.8 
504239   
480418.8 
346358.3 
400886.7 
490158.6 
695674.2 
1066564.6
1048046.7
661381.5 
369618.1 
545175.7 
424340.2 
286429   
437000.7 
350952.5 
325320.8 
410988.4 
743077   
1409817.9
2208284.1
722090.8 
522512.9 
455945.6 
405924.7 
595523.9 
539165   
353249.3 
235526.9 
441565.7 
1104261.1
2586965.9
2652117  
890404.2 
315803   
380132.5 
265335.3 
564856.8 
791541.6 
425235.4 
400293.6 
690221.6 
1771936.9
3277186.1
3514395.9
1800678.2
670669.6 
683790.4 
497201.2 
443232.2 
542129   
556938.9 
463283.4 
557371.3 
988940.2 
1447869  
2568751.6
2160047.3
890745.7 
777220.2 
383657.6 
424101.8 
336684.3 
309936.4 
264034.4 
503804.6 
1925093.2
3139944.1
2590229.4
1137937.4
514679.4 
585985.7 
325200.8 
624053.9 
442641   
360217.8 
316719.3 
369553.3 
1372123.3
1793235.1
2985849.7
1466053.4
617037.1 
767133.8 
358713.9 
260003.9 
317734.4 
225746.6 
226573.8 
277246.1 
564163.9 
1281046.8
2855645  
1443604.2
683321.1 
580313   
261335.9 
