NaN       
605.8614  
369.5469  
266.5986  
163.3927  
281.7399  
643.5407  
3976.0157 
12290.9617
5840.1968 
1201.1313 
1137.1139 
1097.8017 
318.6337  
401.0675  
237.6738  
186.0074  
222.6927  
868.3998  
5665.6746 
9788.711  
6366.0743 
1645.6226 
859.1354  
491.8188  
564.1974  
541.9937  
380.2314  
229.1976  
210.9035  
516.5545  
4093.6434 
7756.8073 
8569.2017 
1489.2156 
540.7153  
642.2254  
540.7047  
565.2465  
552.2651  
519.9611  
511.9543  
945.6514  
4319.8784 
13790.1928
17028.1042
3419.5698 
1666.2454 
837.6752  
1056.7087 
770.4884  
510.3345  
402.9439  
385.2773  
976.415   
4346.6185 
16961.2102
9491.6495 
3484.6419 
1525.1412 
944.6172  
814.3277  
741.235   
484.4702  
438.7889  
357.0687  
513.3806  
4308.4009 
22493.2392
12483.8679
3943.1838 
1105.4978 
928.7054  
512.902   
536.1819  
523.8679  
493.225   
485.6299  
897.0266  
4097.7527 
13081.1088
16152.5286
3243.7374 
1580.568  
794.6024  
1018.7647 
873.6978  
414.4697  
348.1686  
480.5153  
835.1382  
3155.5543 
23490.269 
10085.2653
1688.3183 
680.3205  
476.52    
523.1092  
546.8524  
534.2933  
503.0406  
495.2944  
914.8782  
4179.3015 
13341.4344
16473.9781
3308.2907 
1612.0227 
810.4157  
473.4193  
496.7643  
508.2942  
460.9948  
399.2782  
658.7819  
2648.7143 
10730.1827
9307.7629 
3164.6065 
1500.0586 
886.2395  
1998.6296 
1302.1872 
735.7274  
538.4768  
470.4268  
867.5667  
6287.1436 
14372.1345
9985.4664 
2710.4521 
1078.899  
879.5883  
565.8118  
509.1478  
367.4909  
310.799   
272.7554  
990.5591  
4385.5408 
9428.7186 
5559.0544 
1440.4724 
586.7767  
557.717   
550.768   
413.26    
366.6283  
330.028   
327.0259  
715.4214  
4047.6524 
18965.7549
10514.9155
1855.7853 
929.0836  
400.9296  
959.5211  
699.3408  
472.2608  
402.8537  
379.8705  
669.1337  
2819.3379 
12182.0469
12414.4264
2356.7606 
1190.128  
1043.9648 
1194.3265 
955.7404  
732.3111  
537.4469  
535.1211  
1088.1431 
7950.3459 
13170.4241
15309.555 
4465.8885 
1591.7128 
1064.9508 
914.3987  
666.4536  
450.0523  
383.9091  
362.0067  
637.667   
2686.7558 
11609.1743
11830.626 
2245.9317 
1134.1611 
994.8714  
627.7598  
382.9039  
276.2346  
169.2984  
291.9231  
666.8009  
4119.7257 
12735.2087
6051.2861 
1244.5452 
1178.214  
1137.4809 
552.2554  
352.4444  
305.2876  
234.2336  
165.0936  
333.6541  
2555.889  
6458.2368 
4970.3126 
766.4949  
460.5226  
370.6556  
441.7027  
375.4005  
275.7442  
259.4828  
254.5156  
514.8387  
3924.0681 
9406.2492 
4418.5925 
1318.8882 
456.1601  
619.6055  
822.2185  
738.7132  
425.8706  
354.4842  
344.6687  
759.5766  
6104.3273 
15231.3772
6072.1394 
1183.5323 
580.6334  
437.7216  
504.2996  
688.8311  
530.5518  
417.8088  
349.4905  
649.255   
5282.3254 
13489.8687
12051.7311
2264.4272 
724.3395  
428.6526  
523.1092  
546.8524  
534.2933  
503.0406  
495.2944  
914.8782  
4179.3015 
13341.4344
16473.9781
3308.2907 
1612.0227 
810.4157  
312.5833  
393.4517  
233.1607  
182.4754  
218.464   
851.9101  
5558.0911 
9602.8366 
6245.1911 
1614.3745 
842.8216  
482.4798  
993.9768  
844.743   
497.753   
365.2505  
227.8475  
645.0179  
4000.6139 
9873.1436 
7736.7088 
2218.3874 
995.7246  
453.3834  
659.4338  
598.0476  
385.4466  
370.4669  
442.5988  
687.1694  
2401.193  
12683.2488
7554.1764 
2530.6401 
775.3708  
396.6697  
