NaN       
1095.5749 
693.4271  
368.2942  
353.0998  
549.7695  
1616.3348 
8735.0136 
19956.4097
10543.5218
2480.952  
2459.1758 
2535.778  
469.2291  
471.6592  
356.8106  
313.4765  
313.9562  
2322.4083 
10452.6052
18121.2802
10437.2531
3112.4353 
1838.8596 
993.0249  
1012.8095 
879.7504  
466.6791  
353.382   
298.4465  
1488.522  
9421.8528 
13369.9534
13485.74  
2643.7916 
1190.9646 
1448.0732 
1029.9049 
977.2962  
868.135   
913.1427  
679.8265  
1921.2987 
13771.3158
22782.974 
25936.5168
5555.5957 
2858.5982 
1506.7024 
1698.3112 
1103.3522 
728.9535  
618.8191  
568.9936  
2480.0162 
16975.5873
27015.7622
12509.589 
4639.8641 
2789.3879 
1671.4173 
1236.0073 
942.1749  
721.5775  
572.2461  
490.1974  
1051.5122 
9124.7923 
46310.3064
22728.1291
6756.9182 
2278.1104 
1805.346  
976.9478  
927.0442  
823.496   
866.1894  
644.8702  
1822.5066 
13063.2025
21611.4862
24602.8756
5269.93   
2711.6106 
1429.2286 
1915.9148 
1230.6216 
741.0025  
613.4794  
829.8893  
1358.4878 
8989.8776 
39210.0289
16049.6432
2838.7372 
1435.3166 
901.0573  
996.3899  
945.4932  
839.8843  
883.4273  
657.7037  
1858.7761 
13323.1717
22041.5738
25092.4945
5374.8063 
2765.5741 
1457.6715 
806.1714  
540.1354  
659.7188  
762.2664  
832.512   
1773.6927 
7818.0855 
16015.0549
11907.3025
4123.9895 
2476.6283 
1592.2218 
3281.9219 
2205.5969 
1005.9806 
788.4605  
771.4051  
1644.8001 
12575.902 
23541.02  
16206.8445
4151.9671 
1771.4412 
1671.5272 
1065.1181 
1193.7135 
663.628   
722.7655  
700.0582  
1874.7132 
10027.4799
15100.2294
10222.3017
2998.3148 
1460.2679 
1028.451  
627.5148  
726.6566  
653.3537  
458.1926  
529.8588  
950.1638  
7628.8786 
30174.0958
17610.8566
3203.0186 
2047.9201 
1052.5789 
1365.1148 
1284.8597 
940.7743  
534.5161  
538.5811  
1448.2244 
7753.0193 
21886.9599
21091.6082
4302.7361 
2724.8521 
1943.0079 
2123.1786 
1568.2975 
1462.3066 
795.1617  
861.7465  
1931.1592 
18242.6866
23952.6003
23072.4359
6486.1033 
2835.1653 
2084.3149 
1300.919  
1224.4379 
896.5335  
509.38    
513.2538  
1380.1202 
7388.426  
20857.7044
20099.7549
4100.3958 
2596.7133 
1851.6361 
1135.1735 
718.4905  
381.6059  
365.8623  
569.6405  
1674.756  
9050.7337 
20677.7182
10924.609 
2570.624  
2548.0607 
2627.4316 
762.0569  
495.288   
372.8833  
305.4752  
225.2206  
503.4295  
6089.3791 
10056.0621
6684.4018 
1425.2127 
897.5401  
720.7188  
853.7197  
739.3932  
775.4548  
568.6869  
1199.908  
1454.3067 
7413.3606 
17077.2647
7112.4717 
2564.932  
1112.33   
1038.6401 
1270.4602 
1320.3008 
727.5932  
600.3949  
727.6212  
913.3654  
18274.4159
26265.6859
9425.7112 
2127.7362 
1225.7568 
877.2832  
783.0393  
1195.1647 
1012.2978 
674.0727  
599.6785  
1740.0899 
12435.7313
21272.6334
19051.8703
3660.0375 
1409.0205 
823.3663  
996.3899  
945.4932  
839.8843  
883.4273  
657.7037  
1858.7761 
13323.1717
22041.5738
25092.4945
5374.8063 
2765.5741 
1457.6715 
460.3191  
462.703   
350.0353  
307.524   
307.9946  
2278.3089 
10254.1243
17777.1815
10239.0637
3053.3344 
1803.9421 
974.1687  
1319.1978 
990.8211  
659.292   
490.2968  
320.9767  
829.8996  
8094.1085 
18620.8462
12089.4956
4165.2486 
2084.5555 
1100.8215 
1289.5591 
1144.0918 
519.2619  
498.7194  
693.1477  
1044.5608 
7970.0615 
18352.9532
12646.4677
4396.892  
1727.5219 
853.2901  
