NaN         
2603.48856  
984.02943   
833.22964   
2121.31121  
2797.19728  
8304.02682  
31865.22503 
88649.03089 
34080.31947 
5672.14935  
10997.03378 
7075.37096  
1246.99512  
1480.09283  
1714.98969  
2059.06917  
3388.26997  
9917.91531  
44839.5155  
70196.7588  
29138.28286 
6995.99497  
6847.00489  
2045.65267  
1362.72509  
1494.3584   
711.11753   
725.14361   
2174.43438  
7709.40297  
38579.82229 
53563.50423 
39094.8521  
8325.61738  
4500.99882  
3295.68879  
97.69292    
1303.72457  
3016.99796  
3575.34763  
4542.51515  
10084.65044 
30825.04752 
87870.44811 
79143.9653  
15149.46863 
11697.56586 
7266.06886  
8246.70943  
5755.00318  
2388.85145  
3023.36227  
4820.83604  
14164.76816 
5378.27313  
105516.55607
57814.5797  
24117.08568 
14894.07907 
5019.28442  
3754.20321  
4324.08631  
2788.31211  
3486.71266  
3456.72733  
7664.64382  
48608.97163 
130904.88754
58491.447   
20042.89695 
8248.14416  
4516.03474  
92.6696     
1236.68778  
2861.86561  
3391.50527  
4308.94157  
9566.10337  
29240.04087 
83352.19897 
75074.427   
14370.49145 
11096.08359 
6892.45167  
5792.99553  
3391.88037  
3323.25421  
2390.6411   
4415.20188  
12065.70707 
22378.61163 
149988.95146
51436.6549  
6502.3957   
4511.1473   
1680.84065  
94.51381    
1261.29896  
2918.81926  
3458.9992   
4394.6933   
9756.47724  
29821.9434  
85010.98105 
76568.47414 
14656.47688 
11316.90541 
7029.61752  
1421.74794  
2599.09949  
1406.15311  
2690.25636  
3955.81093  
8722.44979  
29984.14831 
74262.20228 
43168.70567 
12634.49458 
9608.33669  
6474.76925  
11245.89004 
5173.61865  
3705.2623   
3084.32617  
3451.26377  
9789.2196   
55456.56014 
117078.89132
59206.09288 
13365.26911 
6200.35887  
4414.97426  
1599.39366  
2801.89313  
2514.39     
2658.84473  
3086.03619  
15626.83004 
34889.61526 
55246.61318 
24134.04775 
7829.9275   
5275.39598  
5468.28858  
1786.7411   
4102.59336  
3271.50291  
3648.37507  
4448.09547  
9479.21722  
40864.64247 
141228.13276
49806.21888 
7172.08771  
6967.0012   
1691.67691  
4239.74648  
4322.56826  
2296.4072   
2726.66677  
2734.26949  
11212.40629 
27141.59936 
108229.34321
76167.28615 
12420.5002  
10088.32594 
5456.6212   
7200.70718  
4523.83253  
2475.50889  
3419.86026  
5029.33135  
11267.82249 
57650.27014 
86978.78462 
84737.20917 
23669.02331 
12283.84239 
7152.23335  
4040.36829  
4119.2953   
2188.41642  
2598.44262  
2605.68782  
10685.13201 
25865.23933 
103139.75339
72585.44566 
11836.41413 
9613.91263  
5200.01829  
2697.58959  
1019.59639  
863.34606   
2197.98432  
2898.29975  
8604.16927  
33016.96823 
91853.17956 
35312.1255  
5877.16468  
11394.51281 
7331.10461  
1830.29345  
1633.4425   
987.16069   
1281.98721  
1292.41611  
4224.77249  
25146.2893  
42213.28155 
21347.65597 
2762.41848  
4214.63124  
2188.65216  
1782.34016  
1879.23911  
2709.879    
2598.60858  
2334.9306   
11569.31443 
45170.95559 
80345.56188 
25533.79427 
7189.37844  
3963.53698  
4833.61403  
6899.83671  
4720.07478  
1673.07754  
1808.31919  
2682.60722  
8963.67106  
43746.6453  
86010.59309 
29478.27939 
5833.25988  
4676.77718  
2217.1607   
1906.57336  
3602.25747  
2429.01433  
2785.01424  
3409.36056  
10763.11728 
63159.98339 
100001.88462
61653.70426 
9465.22979  
4498.89193  
1607.88855  
94.51381    
1261.29896  
2918.81926  
3458.9992   
4394.6933   
9756.47724  
29821.9434  
85010.98105 
76568.47414 
14656.47688 
11316.90541 
7029.61752  
1223.31636  
1451.98786  
1682.42434  
2019.97022  
3323.93129  
9729.58745  
43988.07343 
68863.8168  
28584.98608 
6863.15044  
6716.98948  
2006.80847  
6542.19825  
3438.06797  
3316.56237  
3304.30124  
3105.22371  
8540.05012  
41438.58262 
77875.79071 
42503.1265  
12385.47514 
8632.00861  
2552.56364  
3276.7862   
2424.51988  
1165.36571  
2608.11546  
2930.18908  
10680.47216 
20283.21998 
109414.1728 
46805.253   
15323.90874 
8544.17801  
3787.26673  
