NaN       
1715.1615 
1493.5948 
1184.0205 
1138.628  
1221.8783 
2263.1253 
9426.8949 
21720.8906
8447.1912 
3409.6303 
2554.2011 
1903.1256 
1349.235  
940.8189  
790.2374  
702.5684  
908.1741  
1458.9689 
3074.7653 
10016.2281
7247.2813 
3493.8118 
5856.6347 
6941.9569 
1548.2086 
1193.5595 
883.3395  
875.3786  
705.8105  
876.6541  
929.5279  
3715.2177 
4546.9424 
3393.3009 
4783.7541 
4067.0858 
3625.7971 
2043.0991 
1298.8563 
1000.2503 
1524.725  
1468.4012 
4243.09   
6121.052  
3164.0658 
2065.7737 
908.7697  
578.3547  
1687.8412 
924.0473  
638.3178  
617.0976  
597.7862  
1120.0542 
2683.9382 
3868.9718 
3517.1479 
1538.2592 
1572.1333 
845.1596  
1032.0215 
817.3248  
703.266   
757.4908  
636.3162  
775.1224  
923.4615  
1412.9831 
653.2488  
1042.5895 
962.3395  
673.5194  
775.5937  
685.2145  
552.7148  
453.2994  
592.8975  
877.8192  
975.8287  
920.8809  
1095.6184 
307.5817  
1498.4153 
2312.3999 
1042.6258 
1047.1038 
1028.296  
1100.4468 
855.9642  
1214.6638 
2783.7906 
5612.9211 
2543.5597 
1058.6747 
1014.9768 
867.0486  
601.5681  
607.8266  
454.8113  
352.0362  
376.9794  
1025.8987 
4138.2423 
12312.538 
15701.7167
4286.0755 
2691.6397 
1816.3152 
6536.1133 
4386.6759 
1915.3378 
1492.2357 
970.3319  
1731.296  
3566.7328 
10715.0008
5850.7001 
3735.2105 
3356.556  
1964.9169 
1874.5503 
1495.2789 
1097.816  
874.1507  
900.9423  
1384.0146 
2031.8726 
5234.9885 
4618.3746 
2074.4198 
2599.8632 
1529.4683 
1195.5619 
1098.6958 
885.1064  
840.879   
787.5802  
1325.5776 
3227.0109 
4171.2035 
2594.0772 
4740.747  
4103.0024 
1852.961  
1700.9295 
1324.1737 
924.1922  
773.7461  
894.8652  
1343.2603 
2346.9205 
4892.1796 
10025.2547
4895.3537 
2307.1634 
1432.4784 
1378.7263 
974.6074  
520.7365  
495.2273  
864.7597  
799.3478  
3000.2565 
13558.2663
9744.7507 
2425.5075 
1677.9734 
814.8893  
2208.1836 
1560.0882 
987.5997  
509.9363  
628.7051  
1248.4457 
4283.3971 
5912.2664 
2579.9593 
1501.3967 
1452.0063 
819.2209  
853.7002  
809.8328  
690.0028  
597.8428  
494.6136  
1020.7051 
1251.1229 
1928.7605 
1480.9487 
1067.7456 
4994.211  
3211.6822 
1774.4933 
1545.262  
1224.9788 
1178.016  
1264.1461 
2341.4126 
9752.9951 
22472.2713
8739.4009 
3527.578  
2642.5573 
1968.9595 
1349.235  
940.8189  
790.2374  
702.5684  
908.1741  
1458.9689 
3074.7653 
10016.2281
7247.2813 
3493.8118 
5856.6347 
6941.9569 
1760.7136 
1533.2624 
1215.4663 
1168.8683 
1254.3295 
2323.2306 
9677.2592 
22297.7652
8671.536  
3500.185  
2622.0368 
1953.6698 
1999.7544 
1602.7382 
782.1117  
839.3783  
813.7522  
1118.7492 
2816.3891 
18221.0859
11117.5847
4826.9161 
7169.4813 
2599.1495 
1708.4728 
1446.7094 
881.2431  
734.7562  
809.379   
1218.1626 
1513.3771 
2742.7967 
3711.2735 
1604.3764 
1512.6012 
2104.7287 
1956.5294 
1159.5204 
567.4931  
700.3516  
826.1669  
1082.035  
2256.59   
17780.6451
6981.0722 
2092.3208 
1256.3559 
789.0169  
3625.7971 
2043.0991 
1298.8563 
1000.2503 
1524.725  
1468.4012 
4243.09   
6121.052  
3164.0658 
2065.7737 
908.7697  
578.3547  
2414.7028 
1530.9796 
1242.9002 
871.6771  
771.2162  
1330.4153 
1792.0446 
2507.9511 
1363.5623 
1487.9345 
1967.5339 
1351.4896 
1042.6258 
1047.1038 
1028.296  
1100.4468 
855.9642  
1214.6638 
2783.7906 
5612.9211 
2543.5597 
1058.6747 
1014.9768 
867.0486  
