NaN       
5830.9423 
4507.4157 
3473.2534 
2952.2623 
2710.7527 
3825.0454 
13514.3658
33663.4299
26107.0958
7582.3545 
4543.9203 
3795.6399 
2749.9628 
3086.8667 
1207.1571 
1240.7823 
1547.5951 
3572.0081 
8792.3018 
27452.2943
32065.2617
8141.2007 
4780.4826 
12521.4341
2491.6419 
2959.9716 
2453.2094 
2413.8483 
2118.3295 
4076.6199 
8046.6921 
28588.2682
55399.1744
30643.9307
12030.9096
7165.2848 
13798.3008
6254.4433 
3002.9066 
2112.1748 
2258.8127 
3487.297  
36021.8699
61034.2422
52539.0742
23037.5183
6795.7783 
4034.0493 
3669.9352 
2949.8939 
2094.2181 
2244.2432 
2099.2532 
2524.5504 
9482.7559 
38608.9042
30499.1532
10612.0678
4764.9096 
3633.4888 
2366.6636 
2496.7048 
2049.9117 
1828.5157 
2047.7191 
3189.0133 
9506.2219 
17242.4965
10666.5438
3812.1617 
1808.0041 
2344.0987 
4239.7065 
2704.6482 
2517.5989 
1678.2853 
2186.8579 
3954.4901 
11345.6789
23459.0751
17925.7005
4728.6259 
5993.163  
6223.8537 
6174.0667 
4108.9941 
3345.4661 
3238.9739 
2865.3286 
5150.1821 
14578.2748
43465.3009
29314.6609
6071.7597 
3930.1171 
3514.077  
2855.7715 
2262.531  
2274.6732 
2550.4408 
2363.0449 
3169.0633 
11636.996 
40939.0732
57915.819 
21343.2268
8329.8308 
3922.4797 
7887.3477 
5536.7019 
4082.9074 
3059.2164 
2650.3459 
4602.9837 
21486.3055
48275.4143
45353.9786
14069.1776
6212.2309 
5187.0995 
4247.6257 
4054.6038 
2712.6409 
2388.3189 
2371.1247 
3729.2735 
8952.5845 
21697.8699
48535.8222
14359.2397
7258.4264 
5464.5411 
4844.8474 
5321.8405 
3615.7016 
2775.2434 
2765.586  
6296.5656 
10352.2584
20357.3661
18551.8307
9837.24   
4796.1135 
3788.7367 
4420.9768 
3688.8323 
2810.6035 
2653.5925 
2512.803  
3699.3688 
9831.3128 
28303.504 
46906.5643
27217.2315
8463.4483 
4837.7842 
4169.0287 
2356.9777 
2390.4374 
3147.4441 
3044.3066 
3515.337  
24966.1016
56619.0849
78097.4586
15474.1463
8116.5905 
5498.3274 
4494.7378 
3543.9763 
1676.3321 
1604.2114 
1918.2053 
3017.2206 
10050.3844
24917.4206
24450.923 
6989.7682 
5147.4269 
3769.4112 
3057.3852 
2399.3655 
1593.8558 
1564.2059 
1633.7851 
2528.288  
12897.0074
28991.8441
25724.2248
8386.9586 
7150.3327 
3550.8339 
6032.6494 
4663.3387 
3593.402  
3054.3886 
2804.5245 
3957.3635 
13981.862 
34827.9334
27010.2065
7844.6474 
4701.106  
3926.9407 
2749.9628 
3086.8667 
1207.1571 
1240.7823 
1547.5951 
3572.0081 
8792.3018 
27452.2943
32065.2617
8141.2007 
4780.4826 
12521.4341
5985.8035 
4627.126  
3565.4979 
3030.67   
2782.7462 
3926.633  
13873.2872
34557.4806
26800.4615
7783.7306 
4664.6001 
3896.4464 
5484.9351 
3403.212  
2465.7931 
2889.4866 
2677.6389 
7056.7611 
9461.2676 
28301.5756
45014.2045
14614.2363
10046.3156
6593.8844 
4389.3531 
3003.4132 
2509.8878 
2206.8915 
2401.738  
6836.6547 
12709.8225
29898.8995
46634.786 
9211.1923 
4651.036  
5118.8189 
6001.6762 
4338.6828 
3949.1855 
3625.9201 
3100.3488 
4169.2533 
9995.6529 
66964.8422
41785.9322
6886.7711 
4230.4192 
2898.0259 
13798.3008
6254.4433 
3002.9066 
2112.1748 
2258.8127 
3487.297  
36021.8699
61034.2422
52539.0742
23037.5183
6795.7783 
4034.0493 
5531.5039 
4475.2061 
4583.108  
3303.7929 
2366.1724 
6295.1236 
11042.3936
28885.9962
22082.4243
7893.4533 
3493.0493 
3742.2046 
6174.0667 
4108.9941 
3345.4661 
3238.9739 
2865.3286 
5150.1821 
14578.2748
43465.3009
29314.6609
6071.7597 
3930.1171 
3514.077  
