NaN      
116117.3 
97878.85 
76224.75 
45751.04 
42425.85 
56889.64 
198274.18
440913.51
348784.49
154373.43
92319.88 
44063.94 
54647.45 
52476.93 
44472.19 
37177.69 
41152.56 
59951.27 
99853.89 
386015.2 
444161.67
123515.71
111377.67
161188.72
58416.43 
43144.62 
52872.91 
44897.52 
37454.03 
64186.7  
91830.94 
371364.31
572068.5 
371551.55
200192   
104992.38
166502.97
87016.32 
56687.17 
53277.32 
60886.93 
73757.71 
496135.04
789972.75
696462.57
316600.99
133141.59
68324.25 
63081.4  
63701.77 
48099.24 
46389.14 
41622.74 
55332.64 
126004.25
537429.58
490187.69
197892.43
124981.04
72310.79 
41950.85 
47007.01 
41732.88 
41086.49 
33465.6  
43469.33 
109578.97
237782.52
147709.48
76557.06 
52107.48 
42664.62 
87132.8  
84891.17 
63254.93 
55121.69 
60044    
86212.37 
181971.14
462286.47
322375.33
117974.26
141981.64
103014.13
75738.14 
61692.11 
69817.41 
49365.83 
39300.71 
67139.91 
135130.61
428052.41
393663.76
157359.51
80216    
72686.44 
74550.78 
64576.95 
63887.56 
46594.59 
50212.83 
81132.32 
156912.2 
548815.71
760936.13
416320.03
196513.23
93917.02 
87652.78 
79226.63 
63958.86 
48388.28 
49500.1  
77240.19 
223388.14
551393.32
478587.6 
211525.28
109581.31
56111.73 
72530.84 
63013.83 
49582.37 
39845.51 
42704.7  
56778.44 
112400.56
279255.37
658606.4 
186440.72
144646.83
77596.74 
55551.1  
80694.48 
63572.85 
49975.36 
49782.72 
85628.93 
152501.52
340108.86
291987.87
136361.14
88992.64 
79694.12 
72331.58 
66166.92 
50731    
52324.5  
51243.99 
73275.49 
128266.39
350088.91
604040.51
366192.73
136264.68
76178.45 
61222.37 
51270.14 
46874.09 
42656.13 
37625.85 
48933.81 
220899.15
685632.63
874147.97
212603.19
150801.27
85563.38 
82622.6  
58253.9  
44082.4  
41902.95 
41787.59 
60398.87 
147340.02
270404.75
275628.48
93012.51 
86875.77 
60966.98 
56635.92 
46724.5  
38224.92 
34926.23 
32922.59 
47395.67 
150152.65
340025.2 
327870.86
128461.9 
105233.22
49904.84 
89290.43 
75265.66 
58614.35 
35181.07 
32624.1  
43746.29 
152466.41
339048.18
268203.95
118708.15
70990.99 
33883.74 
67245.8  
64574.89 
54724.75 
45748.59 
50639.82 
73772.36 
122874.09
475006.66
546558.15
151990.87
137054.54
198348.97
113749.54
95883    
74670.44 
44818.13 
41560.74 
55729.6  
194231.16
431922.81
341672.4 
151225.59
90437.38 
43165.43 
62834.85 
70567.28 
67294.64 
43815.62 
62393.58 
91740.71 
122926.74
334752.38
529360.53
293653.31
151389.05
107760.97
66180.19 
52694.76 
47450.42 
41862.08 
39775.01 
73560.48 
136237.65
341952.62
477318.44
118405.69
82650.35 
82786.93 
81415.62 
70085.84 
59248.39 
47779.65 
48945.47 
65845.6  
119489.91
849739.88
593210.24
119654.15
79467.47 
54432.33 
139704.21
73010.98 
47563.33 
44702.3  
51087.14 
61886.36 
416281.79
662826.14
584366.48
265643.86
111712.36
57327.42 
100628.09
71391.38 
59763.74 
51084.84 
43001.16 
74968.94 
139699.01
365736.05
234573.47
102729.25
78045.4  
53634.84 
75638.08 
61610.61 
69725.17 
49300.62 
39248.79 
67051.21 
134952.08
427486.9 
393143.68
157151.62
80110.03 
72590.41 
