NaN      
684961.4 
556654   
360947.8 
240659.8 
391715.6 
679485   
1586036.2
2499967.9
1649853.2
620024.7 
519083.1 
323886.8 
573793.4 
565631.4 
425070.2 
392255.2 
522310.4 
664598.3 
1267853.6
2992811.6
3718623.9
1199153.2
1033340.6
1316121.4
668348.7 
440832.7 
354365.3 
296664.4 
404851.3 
776001.2 
1324004.2
3657932.9
3892595.6
2164811.4
1406659.9
978943.4 
865624.2 
590333.3 
395707   
356996.9 
844083.2 
654406.3 
3350462.4
4992340.1
3765775.6
2126933  
872777.9 
421533.6 
325350   
356888   
250950.6 
251870.2 
267574.7 
377674.3 
854459.3 
2928532  
2910115.7
1459558.9
862120.9 
347057.5 
220621.6 
302141.2 
240146.2 
222607.2 
244157.1 
306200.7 
578828.1 
1393994.1
896012.7 
686995.8 
416945.4 
331824.1 
774512.4 
638437.1 
483652.8 
284233.6 
533665.4 
912629   
1334791.8
2895504.2
2377423.9
1004391.1
863486.1 
904336.3 
693760.2 
542204.4 
451362.8 
487882.6 
472375.3 
1030031  
1484634.8
3681839  
2872371.4
926830   
697174.8 
603921.1 
293754.5 
430385.9 
348709.6 
333386.6 
359561.5 
811095.8 
2024219.2
4003716.2
4049928.1
1703718  
810507.9 
326302.1 
616471   
463002.9 
386132.4 
335819   
316570.2 
935534.1 
2667939.7
4169637.2
2964198.4
1112862.2
600604.4 
424388.2 
257159.9 
334060   
234774.2 
316777.7 
392336.9 
583375.5 
750757.1 
2410010.2
4517512.5
1354251.9
1301778.8
397598.9 
246081.3 
276347.8 
221354.2 
190265.2 
213522.3 
558733.9 
920421.7 
1520276.6
1074319.7
532639.8 
277091.2 
300473.4 
363486.9 
441175.4 
272342.9 
308133.6 
330758.2 
632355   
993330.7 
2844289.6
4110920.9
2714380.9
811301.9 
458767.1 
369454.6 
395923.9 
295391.3 
425965.7 
341781.4 
425153.7 
2506689.2
5489562.2
4934833.9
1572146.7
976138.4 
577548.2 
488191.7 
417513.6 
297903.6 
344803.6 
366015.3 
360330.5 
550423.1 
831590.4 
1031566.4
610848   
626650.5 
436013   
783253.7 
498687.7 
401644.5 
353143.4 
357738.9 
921328.9 
1199701.2
3071306.4
2964294.6
1321957.6
1143105.9
477815.1 
570220.4 
463406.3 
300483.8 
200345.8 
326097.5 
565661.4 
1320352  
2081186.8
1373478.7
516161.6 
432129.1 
269631   
354804.2 
349757.2 
262841.4 
242550.4 
322969.8 
410953.2 
783975.1 
1850600  
2299404.8
741494.4 
638964.4 
813821.5 
534678.1 
434521.9 
281754.4 
187858.1 
305771.6 
530403.3 
1238053.5
1951464.8
1287868.8
483988.8 
405194.2 
252824.7 
463250.3 
491727.7 
267059.2 
319058.4 
308617.5 
507918.5 
770550.6 
2193805.2
2798787.8
1244641.2
984069.5 
590013.9 
800272.1 
663683.3 
564732   
557491.1 
565335.4 
1140366.9
1275051.9
2795086.3
4282247.8
1175326.1
786486.6 
672786.4 
686905.1 
777506.4 
461580   
359793.1 
502834.7 
711322.7 
1820168.4
4790842.6
3838240  
937941.6 
556766.8 
385940.2 
779242.6 
531423.3 
356218.9 
321371.8 
759851.2 
589102.3 
3016115.8
4494148.6
3389984.4
1914683.9
785682.3 
379468.3 
741093.4 
494760.3 
467835.3 
347839.5 
330416.8 
915763.2 
1334190  
2389037  
1489045.4
704953.2 
450312.5 
299835   
538091.6 
420542.5 
350084.3 
378409.6 
366381.9 
798908.6 
1151506.7
2855693.7
2227857.6
718864.3 
540740   
468410.9 
