NaN        
1079.36565 
770.87485  
439.15881  
346.3058   
303.93901  
478.60171  
2664.53916 
11539.56794
8805.38243 
2962.83065 
1306.36491 
715.80343  
745.35631  
602.70626  
451.08238  
362.84431  
327.75278  
420.70437  
1085.92073 
9899.47458 
15570.93963
5423.37906 
2320.43543 
3169.75938 
714.7359   
514.45462  
418.47826  
339.03539  
342.10727  
445.57515  
1109.79997 
6152.37186 
14101.18594
10404.52199
4418.19698 
1734.19493 
2554.09694 
1143.00809 
755.96838  
529.29126  
488.24297  
631.49914  
3859.70776 
9636.28668 
13050.10928
8556.00917 
2321.90176 
842.50686  
786.63878  
567.10909  
361.18612  
328.8782   
354.66441  
393.44976  
952.43247  
8731.79889 
9954.43121 
5756.78425 
1585.2392  
589.45086  
477.71904  
322.74838  
234.26722  
208.84915  
184.90993  
267.26065  
1411.1788  
5871.2161  
5278.99985 
2720.16924 
845.55337  
834.78033  
811.4506   
393.44592  
280.48472  
162.8557   
253.47802  
413.70053  
1770.67897 
9500.43912 
8640.55047 
3067.78314 
2610.20087 
1831.58512 
1083.42467 
657.95746  
405.9289   
364.91925  
280.55022  
515.42563  
2517.68239 
11670.82617
11414.06101
3125.20526 
1613.88599 
673.20617  
523.19171  
414.29517  
398.21693  
410.39774  
352.62436  
389.39191  
1483.57521 
8800.02553 
16240.89134
9147.18691 
3224.64894 
1154.24904 
2248.37974 
1164.49459 
650.15499  
450.80208  
355.4943   
468.44819  
2351.76378 
9330.98884 
12408.83093
5814.66213 
2080.17233 
1232.62575 
1005.36035 
671.04522  
427.6951   
430.54342  
414.05546  
550.21913  
1188.65788 
5276.84809 
16462.57663
7164.81118 
3602.82431 
1227.77745 
799.76189  
572.08335  
408.03544  
326.92633  
258.97947  
672.03275  
2061.17491 
7691.48941 
8679.90175 
3882.74691 
1421.48653 
982.01257  
878.53029  
668.68961  
517.58165  
399.61228  
343.31858  
512.01214  
1204.09016 
7029.72205 
15600.16194
11482.2009 
2904.78859 
1218.55266 
859.82033  
662.86799  
454.10302  
361.01523  
301.9142   
298.77112  
1950.4862  
11375.13185
22122.69123
7651.73714 
2846.03086 
903.46359  
1127.53086 
572.01284  
489.62131  
355.89287  
226.42369  
326.96873  
1735.13568 
7609.76946 
11209.78692
2984.30461 
1611.46398 
942.69982  
1160.09062 
783.7309   
456.34384  
317.24006  
178.63359  
361.33395  
1552.54881 
6650.28347 
9974.63633 
4937.40169 
1991.75576 
659.16738  
1116.70364 
797.54136  
454.35043  
358.2854   
314.45304  
495.15776  
2756.71233 
11938.75086
9109.98295 
3065.32247 
1351.55539 
740.56489  
745.35631  
602.70626  
451.08238  
362.84431  
327.75278  
420.70437  
1085.92073 
9899.47458 
15570.93963
5423.37906 
2320.43543 
3169.75938 
1108.03199 
791.34814  
450.82222  
355.50317  
312.01118  
491.31266  
2735.30536 
11846.04171
9039.2403  
3041.51902 
1341.06002 
734.81411  
1191.35463 
834.45969  
433.95173  
410.67276  
317.76357  
563.20593  
1467.35594 
9178.24666 
18512.27335
8984.09939 
3974.84921 
1409.82235 
900.4677   
626.95503  
404.07874  
349.99621  
337.77092  
609.20893  
1658.16984 
7127.00557 
14921.5463 
4186.76227 
1915.41234 
1351.83752 
1349.09343 
919.72094  
431.14518  
343.11461  
427.44336  
530.82065  
1389.46229 
17952.50994
14753.00973
4263.51581 
1544.05531 
786.0745   
2554.09694 
1143.00809 
755.96838  
529.29126  
488.24297  
631.49914  
3859.70776 
9636.28668 
13050.10928
8556.00917 
2321.90176 
842.50686  
1469.572   
723.66697  
582.59223  
417.61173  
359.06087  
541.76083  
1368.87136 
5996.70178 
6643.91916 
3514.02437 
1413.98338 
833.0944   
1083.42467 
657.95746  
405.9289   
364.91925  
280.55022  
515.42563  
2517.68239 
11670.82617
11414.06101
3125.20526 
1613.88599 
673.20617  
