NaN       
1777.1954 
1464.5145 
802.9158  
628.0384  
685.4451  
612.6112  
8515.7432 
21266.6016
14641.8063
5753.5617 
2912.6382 
1527.1772 
1419.4698 
920.1348  
750.1506  
487.5589  
510.1526  
1013.0373 
4857.82   
17504.0698
25785.9992
9710.226  
4949.1636 
5368.5309 
1262.0775 
1015.5905 
804.2426  
626.0876  
530.2731  
741.9311  
1914.1825 
10522.1171
22963.817 
16869.3972
7995.107  
3817.5752 
4055.506  
2090.6167 
1148.9196 
800.869   
1097.4018 
1141.9602 
7921.4682 
16178.1075
20535.1493
13859.9098
4264.8173 
1726.9864 
1551.6474 
1091.5968 
492.8749  
448.7296  
561.6575  
602.6256  
3194.6108 
12781.8049
16897.6555
10226.8515
3530.868  
1277.6773 
926.1134  
636.0192  
663.6106  
461.3044  
876.5624  
756.4225  
2678.9545 
10722.574 
8567.8552 
5378.5721 
2049.6812 
1402.125  
1442.2766 
723.865   
382.4783  
347.5962  
487.4016  
1020.2511 
3830.6838 
15206.3835
15413.4608
6313.5337 
5499.2734 
4154.2513 
1868.7278 
1968.5734 
1238.3647 
721.3723  
404.7964  
1139.8165 
4476.0716 
17481.2659
18701.8558
7565.0522 
3365.3078 
1698.6717 
919.2832  
655.7057  
622.1906  
707.5019  
1095.6279 
991.526   
5480.9208 
18312.2962
27650.2192
15819.574 
6279.6578 
2466.8825 
3771.9638 
2010.0949 
912.0876  
677.6256  
597.0513  
906.3922  
4814.8647 
15660.317 
20684.489 
9224.4345 
3458.3917 
2390.6995 
1810.9204 
1403.2504 
856.4919  
896.997   
585.4738  
1243.3542 
2860.6117 
9318.0411 
25705.9923
11361.2967
6093.5634 
2456.7906 
1488.0435 
1322.4128 
731.3872  
755.0684  
658.637   
1255.7975 
4666.7578 
12210.6167
15858.9223
8097.3062 
3465.4538 
1788.0194 
1742.3622 
1312.7434 
879.8261  
536.8651  
514.6272  
984.3637  
3947.0773 
11369.4093
26661.3425
17200.2929
5302.385  
2366.2454 
1943.4281 
1315.3195 
586.082   
479.8069  
1137.3107 
1494.761  
7776.6459 
22923.3558
33677.8767
11966.0799
5311.4721 
1944.4319 
1608.6265 
829.0401  
620.9422  
482.1912  
320.1612  
509.5401  
4282.0251 
12286.6595
15668.9408
5815.6273 
3218.3361 
1893.2421 
1549.796  
923.0204  
611.012   
430.7148  
253.9346  
467.4755  
3167.6694 
12661.9377
15771.765 
9459.1292 
4159.9361 
1609.3651 
1838.6731 
1515.1758 
830.6907  
649.7638  
709.1564  
633.803   
8810.3243 
22002.2673
15148.3036
5952.592  
3013.3937 
1580.0061 
1419.4698 
920.1348  
750.1506  
487.5589  
510.1526  
1013.0373 
4857.82   
17504.0698
25785.9992
9710.226  
4949.1636 
5368.5309 
1824.395  
1503.4098 
824.2401  
644.7182  
703.6495  
628.8812  
8741.9087 
21831.4109
15030.6709
5906.3677 
2989.9935 
1567.7367 
1927.3581 
1436.9455 
597.4245  
556.4687  
467.7557  
1064.6936 
3741.3577 
16363.8957
27720.2504
13222.7338
8752.347  
2809.887  
1579.2369 
738.7759  
827.5738  
1056.0275 
481.1765  
1377.073  
3936.3133 
10778.8723
23441.9128
7215.5863 
3743.7787 
2891.2244 
2593.4661 
1320.9241 
791.2866  
620.9781  
756.5188  
881.7217  
4053.8279 
30721.2191
24125.5731
7428.0801 
3300.3514 
1517.8503 
4055.506  
2090.6167 
1148.9196 
800.869   
1097.4018 
1141.9602 
7921.4682 
16178.1075
20535.1493
13859.9098
4264.8173 
1726.9864 
2417.7956 
1271.7617 
911.7326  
839.3842  
681.9059  
700.8976  
3150.7141 
9799.221  
10333.8715
5959.9285 
2959.0622 
1730.119  
1868.7278 
1968.5734 
1238.3647 
721.3723  
404.7964  
1139.8165 
4476.0716 
17481.2659
18701.8558
7565.0522 
3365.3078 
1698.6717 
