NaN         
8365.94607  
4492.53509  
1705.10064  
1867.87487  
2234.0476   
3918.88561  
20179.40163 
66991.69233 
55646.27702 
13750.38377 
6845.85214  
2838.31377  
2534.82001  
1431.4894   
1765.00479  
1488.25432  
2584.00625  
4240.47282  
9188.15627  
64738.90191 
99691.34469 
24119.53147 
13404.80886 
27233.94839 
5048.26053  
3500.87122  
3316.22392  
3606.30259  
2506.64601  
3965.00366  
11440.20129 
41598.50113 
100670.37751
57197.53372 
21000.0237  
12154.19642 
22321.9115  
7755.18135  
4332.68718  
4686.83392  
4706.08856  
3950.8535   
41941.9552  
85637.07589 
113177.05693
55196.5349  
13905.64727 
3602.23173  
3664.93749  
2128.69203  
1095.5644   
2485.08455  
2250.99607  
4307.34665  
8630.64838  
78611.36582 
81502.56391 
33320.78999 
11537.02192 
4472.31106  
1943.54413  
1608.61712  
2483.77083  
2414.0205   
1748.78463  
4548.95008  
18739.16219 
56280.52862 
43348.73876 
15241.29433 
5217.83868  
5564.95807  
3304.9915   
980.59901   
889.07296   
2294.1063   
2438.90435  
3801.04267  
15389.25647 
72290.34298 
67355.7581  
13998.70919 
16853.62113 
9483.08335  
6310.69186  
2702.86997  
2251.57767  
2582.58437  
2936.19001  
4696.94714  
22415.10601 
85337.7916  
73291.00958 
12180.00829 
6580.89431  
3216.7072   
1933.55025  
1796.44253  
3540.31452  
3728.17737  
2962.89165  
3948.63022  
14061.1477  
81555.75682 
124821.92112
48520.72452 
20178.10751 
4089.16099  
12118.96541 
4376.56041  
3356.19999  
2831.5781   
2554.51778  
3803.82649  
22735.90532 
81048.19031 
99333.55629 
28001.18138 
8066.64921  
5023.27326  
5887.89118  
3902.13906  
3679.53824  
2722.33602  
3545.10326  
3601.74746  
8766.70089  
38369.43705 
126700.07419
30124.75934 
14609.08287 
5184.78937  
2209.44325  
3038.40644  
2919.56292  
3129.07892  
2928.10109  
7783.92508  
18336.24293 
49025.88521 
51905.66911 
21028.66073 
8798.04332  
7975.63429  
3525.81598  
1668.46505  
2001.85765  
3549.54804  
3081.74697  
4349.11258  
9968.56017  
50713.03006 
103782.33877
73223.96902 
14721.26786 
3055.4037   
5735.81069  
2542.63778  
5295.63393  
3273.63261  
2556.85856  
3916.61232  
21460.72096 
82284.48156 
153450.42378
35581.81807 
17120.89365 
5608.68336  
3690.99046  
2585.78429  
1673.26913  
2202.42906  
1790.12458  
3072.04393  
19292.29626 
54684.54386 
67024.04229 
10830.25256 
10260.92849 
4660.00791  
7430.18398  
3065.18487  
3166.08553  
3197.06769  
2422.30234  
3497.32953  
17904.74313 
56816.07948 
75154.42501 
27347.35224 
11835.66167 
3060.83279  
8655.34536  
4647.94328  
1764.0844   
1932.4894   
2311.32897  
4054.4498   
20877.45831 
69309.10488 
57571.22289 
14226.04442 
7082.66752  
2936.49824  
2534.82001  
1431.4894   
1765.00479  
1488.25432  
2584.00625  
4240.47282  
9188.15627  
64738.90191 
99691.34469 
24119.53147 
13404.80886 
27233.94839 
8588.13316  
4611.85015  
1750.38558  
1917.48285  
2293.38058  
4022.96538  
20715.33654 
68770.8921  
57124.15943 
14115.57352 
7027.66779  
2913.69516  
7467.65365  
4663.66404  
2172.98243  
3182.24176  
3487.39014  
4869.83406  
15898.26076 
59849.93465 
116939.67324
39918.2118  
17227.55978 
5304.00109  
5361.42481  
2286.41694  
2412.26553  
2665.70746  
3430.60042  
5603.47448  
17477.97925 
61558.88392 
102009.87487
17946.86838 
9374.6933   
11130.82605 
7063.03756  
3246.34469  
3405.71951  
2483.13338  
3697.41576  
5304.47513  
10380.27936 
117473.75399
97638.0598  
15413.08143 
6640.17959  
2163.71664  
22321.9115  
7755.18135  
4332.68718  
4686.83392  
4706.08856  
3950.8535   
41941.9552  
85637.07589 
113177.05693
55196.5349  
13905.64727 
3602.23173  
8335.35404  
4948.83336  
3393.56177  
2973.66882  
3162.35896  
4268.36462  
15036.90892 
59783.97165 
55920.91883 
16904.4612  
8323.35646  
3765.03197  
6310.69186  
2702.86997  
2251.57767  
2582.58437  
2936.19001  
4696.94714  
22415.10601 
85337.7916  
73291.00958 
12180.00829 
6580.89431  
3216.7072   
