NaN       
2107.661  
1431.3867 
1346.3256 
1240.5352 
1012.3353 
1358.7715 
2410.526  
3918.6696 
4468.4032 
2188.5596 
1219.785  
1331.8088 
2256.3391 
1389.4057 
1132.0379 
779.8498  
661.8099  
1093.3352 
1370.0592 
1940.9123 
1269.4341 
1590.656  
2051.2156 
1358.4494 
771.7099  
855.6778  
600.3652  
458.9573  
454.1706  
774.1032  
1844.9902 
3578.288  
6707.7853 
3909.3828 
4176.6621 
1539.8198 
2312.7299 
1424.1299 
1160.3299 
799.34    
678.35    
1120.6599 
1404.2999 
1989.4199 
1301.1599 
1630.4099 
2102.4799 
1392.3999 
1521.2891 
1139.0566 
846.0459  
823.5554  
636.9229  
757.593   
747.2992  
3023.519  
4451.3957 
3814.665  
5244.4448 
4298.8833 
892.9278  
822.6693  
703.4703  
598.7046  
475.1092  
938.9374  
1070.6826 
1670.8422 
1543.2826 
1277.7047 
5828.0898 
3613.5458 
959.0357  
820.6709  
758.1297  
693.6869  
598.9243  
926.8143  
1772.129  
4188.6574 
2007.1484 
2788.0204 
2581.4289 
1667.8873 
1108.5619 
989.4282  
799.9582  
746.5106  
670.6549  
1080.9819 
2448.1505 
3203.2837 
2396.4327 
5029.0552 
4244.6123 
1848.1797 
2192.8736 
1901.4221 
1515.5156 
1415.0108 
1065.2812 
2403.9153 
9476.9834 
19283.5914
8540.3377 
5081.1937 
6558.5159 
3057.1555 
1440.1943 
988.2209  
627.8427  
318.4319  
376.5731  
716.112   
2285.7255 
3193.6407 
1676.4601 
1120.2969 
1056.581  
574.7473  
1404.9471 
951.475   
802.0731  
700.4476  
868.4762  
1336.1148 
2619.5951 
8638.1898 
7518.6863 
4162.2066 
6804.0722 
7775.7865 
2015.21   
1368.6    
1287.27   
1186.12   
967.93    
1299.17   
2304.7899 
3746.7799 
4272.3999 
2092.56   
1166.28   
1273.39   
1149.9861 
1141.867  
1032.3524 
904.575   
707.8371  
1200.6941 
2415.571  
3506.7402 
3184.2598 
2202.6155 
1354.8327 
1429.8774 
2152.0701 
1476.6901 
938.18    
475.83    
562.71    
1070.0801 
3415.5402 
4772.2302 
2505.1201 
1674.0501 
1578.8401 
858.84    
1537.7639 
1046.4316 
848.0603  
814.727   
723.0369  
908.4867  
1585.689  
33453.6972
21943.3696
7142.9017 
3315.1534 
2312.8965 
1442.469  
981.5845  
795.5062  
764.2386  
678.2304  
852.188   
1487.4242 
31380.5787
20583.5436
6700.2576 
3109.714  
2169.5668 
854.2603  
657.0753  
567.4206  
600.3348  
483.7165  
564.2833  
625.4176  
968.6896  
538.7343  
987.3397  
888.7472  
599.7105  
948.1     
967.9299  
779.5     
680.33    
668.43    
900.5     
2017.1899 
18075.3691
30940.1684
10905.1194
3937.1898 
2649.9199 
1749.9992 
1659.2    
1428.0662 
1374.4108 
1570.4609 
2107.0157 
4758.8474 
7435.452  
6713.1578 
4187.2089 
2536.27   
1615.8657 
1822.4372 
1250.5052 
794.4789  
402.9471  
476.5196  
906.1757  
2892.3813 
4041.267  
2121.4105 
1417.6356 
1337.0089 
727.2914  
846.9399  
780.2999  
667.2399  
567.87    
450.64    
890.5799  
1015.5399 
1584.7899 
1463.7999 
1211.8999 
5527.9296 
3427.4397 
1152.4    
1249.5901 
1003.64   
884.63    
684.3     
884.63    
1432.0701 
3633.7201 
2957.3601 
2310.7401 
3112.0701 
2251.2401 
1860.0409 
1519.9344 
1298.9576 
799.3526  
972.2976  
1742.8293 
4175.4819 
4150.5069 
3931.4484 
2732.4195 
1973.4162 
1260.5265 
6992.6175 
4558.0042 
1997.3289 
1528.5241 
953.36    
1628.9844 
3122.0554 
9494.2044 
6236.2356 
4571.7982 
4006.4755 
2261.2805 
2983.1401 
1646.2801 
1180.1701 
1100.83   
789.42    
1908.1001 
8054.8804 
19041.3209
20657.8509
10589.7505
8376.2004 
4276.3602 
