NaN       
6951.8557 
5751.9272 
3390.801  
3541.9072 
3092.3229 
3524.1701 
19127.2444
69658.0668
76927.2784
28192.3243
7510.3508 
6709.0155 
5132.827  
4072.8767 
4168.3368 
3038.6442 
2098.5948 
4726.8358 
8154.1905 
23173.0755
22487.1866
9656.0287 
3692.0423 
3616.3204 
2572.3103 
2602.0101 
1995.1896 
1418.2284 
1998.8995 
2567.0247 
11858.2624
38772.7072
62131.3788
31239.9984
8296.7247 
4698.6256 
5261.1073 
4174.6666 
4272.5125 
3114.5864 
2151.0432 
4844.9695 
8357.9811 
23752.2202
23049.1894
9897.3535 
3784.3143 
3706.7    
2317.0797 
2699.7136 
2236.0385 
2224.9433 
1882.8584 
3067.6684 
5954.9339 
22984.0263
56537.1094
37567.9858
12743.8999
6939.2858 
3258.4641 
2508.0374 
1664.9497 
1652.3816 
1664.2805 
2180.4302 
10938.4544
26712.9313
30087.0806
11783.8005
8680.357  
3941.1151 
3561.2406 
3078.4203 
3168.8093 
2785.9874 
2655.6825 
3612.0927 
7309.3056 
28555.1251
30152.8067
13116.2843
5789.2194 
3925.5829 
4467.4666 
4813.0223 
3267.8574 
2536.5061 
2437.4582 
4698.2681 
7596.6224 
16228.7742
18773.4007
11958.3862
5037.5482 
3638.326  
5994.535  
3903.7229 
3586.4258 
3337.4283 
2969.0975 
4664.8862 
6899.6338 
26342.5121
37031.7215
20832.4249
7982.6367 
4014.9559 
2748.9707 
2125.8439 
1004.8822 
972.4807  
1121.3202 
1493.2265 
4891.6194 
13175.0346
16411.0354
5635.684  
3585.9522 
2400.8512 
2787.4173 
3068.7949 
1199.3012 
1246.5922 
1499.3442 
2929.8168 
7092.2166 
24056.7385
35668.5073
10878.8187
5519.4457 
13217.6798
6646.9174 
5499.623  
3242.0659 
3386.5439 
2956.6803 
3369.5849 
18288.2414
66602.565 
73552.9178
26955.688 
7180.9146 
6414.7292 
4396.1614 
3298.3279 
3026.9727 
2796.7903 
2008.8886 
2573.0778 
9255.5272 
50619.0356
70321.323 
33073.8995
9039.3395 
6618.9053 
4107.7636 
3176.6305 
1501.5869 
1453.1697 
1675.5793 
2231.3156 
7309.5052 
19687.3422
24522.8709
8421.3547 
5358.4579 
3587.5716 
4448.3271 
2935.2959 
2539.2222 
2635.5943 
2420.0334 
2519.6352 
12282.5757
41245.4613
55767.5576
27120.2931
6438.5931 
5988.3844 
4172.6653 
2753.3962 
2381.8671 
2472.2671 
2270.0644 
2363.4939 
11521.4271
38689.4888
52311.6539
25439.6543
6039.5949 
5617.2855 
1981.5685 
2050.2865 
1682.2751 
1517.4867 
1638.7464 
2160.6366 
6334.0972 
12481.1792
9801.0192 
4207.8667 
1724.3305 
2043.9696 
4026.4596 
2883.0726 
2212.7498 
2162.3293 
2296.8898 
2810.1395 
6749.345  
22068.5286
77646.2788
58792.5627
16332.5919
8108.8143 
3746.4382 
3265.2429 
2839.9949 
2930.3854 
2711.2194 
3115.0668 
15085.1615
39712.9999
67683.2845
18714.7937
6116.6295 
4524.7456 
3478.5768 
2690.0656 
1271.5886 
1230.5874 
1418.9305 
1889.5447 
6189.9072 
16671.829 
20766.6989
7131.4545 
4537.702  
3038.0627 
3090.6456 
2378.8676 
1579.2009 
1567.2801 
1578.5662 
2068.1329 
10375.0984
25337.1529
28537.5255
11176.9072
8233.2983 
3738.1384 
3051.7297 
3128.5109 
2730.4825 
2551.5314 
2347.7667 
2943.8671 
7814.5433 
19886.1679
29769.2213
15282.2522
8237.2266 
5018.288  
4418.232  
3176.2156 
2766.0019 
2688.6978 
2492.4109 
3151.293  
10516.5759
35406.0588
32760.3847
13781.5867
6512.2854 
4830.9053 
8185.1766 
5635.3776 
4152.9423 
3146.7403 
2628.8659 
3865.3547 
17744.4703
43311.7766
51652.0338
19247.9232
7343.3328 
5605.9294 
5857.3075 
4082.4938 
3708.7038 
3032.8468 
2872.5009 
2997.243  
5798.6952 
31204.7975
98348.9214
76336.2855
21818.4713
8641.3444 
