NaN       
92318.43  
76716.33  
53786.11  
56422.44  
57155.56  
66258.61  
183931.89 
660585.93 
774564.38 
367019.06 
141638    
84686.84  
93228.22  
64419.05  
55074.39  
47076.48  
38801.52  
59037.57  
93446.56  
282871.72 
229601.86 
123595.14 
80483.67  
51623.13  
53423.24  
48309.9   
48589.4   
38450.02  
42855.29  
45863.08  
89261.67  
441049.87 
726571.69 
431574.42 
164061.06 
76204.73  
108315.53 
74844.11  
63987.19  
54694.96  
45080.84  
68591.74  
108569.21 
328649.41 
266758.78 
143596.79 
93508.51  
59977.4   
63490.53  
45671.05  
57159.83  
48537.8   
39647.24  
59297.71  
72061.76  
336951.76 
656886.52 
524411.45 
242188.22 
118549.8  
66240.73  
53225.31  
44469.63  
40632.04  
37503.13  
47118.42  
126796.72 
331999.84 
405139.26 
195113.19 
136999.3  
60638.01  
46290.75  
69940.86  
71398.99  
56642.82  
48043.58  
56413     
90021.51  
421932.4  
465035.27 
228240.56 
111442.64 
85095.09  
48731.02  
68944.1   
55471.29  
43606.64  
42533.57  
63848.74  
96589.27  
249071.71 
270611.36 
155339.75 
86895.9   
72628.7   
107735.61 
83253.21  
69968.25  
59338.96  
40282.88  
64544.74  
113190.88 
327912.67 
397622.08 
327276.32 
161909.91 
77712.91  
60056.7   
41240.88  
31872.16  
30296.4   
29583.55  
37317.31  
77325.93  
164085.6  
211667.9  
87797.68  
70290     
46039.05  
57409.42  
53693.53  
46471.37  
38848.96  
42106.63  
53534.11  
75739.09  
338540.96 
492972.45 
168505.68 
130239.79 
175920.72 
86724.02  
72067.39  
50526.72  
53003.29  
53691.99  
62243.4   
172785.79 
620555.04 
727626.5  
344778.05 
133054.87 
79554.9   
59817.8   
74228.13  
55983.08  
44825.81  
40211.67  
43331.47  
100805.72 
534409.15 
798823.88 
532658.89 
220791.37 
99037.47  
89790.41  
61659     
47651.88  
45295.96  
44230.19  
55792.89  
115609.53 
245323.41 
316463.42 
131265.79 
105090.17 
68832.71  
77792.97  
66330.9   
61941.02  
62941.25  
50065.66  
56238.35  
176562.88 
573746    
552442.59 
329992.08 
144093.77 
98174.87  
76814.56  
65496.65  
61161.98  
62149.63  
49435.98  
55531.03  
174342.23 
566529.93 
545494.46 
325841.73 
142281.48 
96940.11  
46120.39  
50333.28  
45636.71  
44929.85  
35833.66  
40621.32  
86980.37  
218235.66 
171565.09 
109299.1  
63765.32  
48729.19  
65371.04  
53443.7   
51166.14  
45003.41  
35316.23  
54549.13  
52651.5   
218789.65 
794829.86 
746651.61 
304858.74 
94506.35  
66105.38  
62973.23  
52716.87  
53344.25  
44984.27  
66156.63  
118396.09 
354378.65 
506512.7  
315334.07 
110522.06 
60411.51  
73687.69  
50601.27  
39106.15  
37172.73  
36298.09  
45787.17  
94876.49  
201327.91 
259709.9  
107725.01 
86243.64  
56488.47  
64789.17  
52058.96  
43495.14  
39741.65  
36681.31  
46085.89  
124018.16 
324724.55 
396261.23 
190837.57 
133997.16 
59309.22  
51786.49  
47924.57  
43639.53  
42482.77  
44638.96  
53196.62  
90578.74  
286361.68 
367813.91 
194953.25 
111218.15 
71071.25  
47069.1   
81710.09  
45668.79  
45151.98  
39525.21  
52695.86  
101901.68 
358917.71 
381164.3  
252174.71 
134892.13 
89345.9   
99241.53  
87365.38  
72029.81  
54494.38  
54585.11  
74334.43  
182612.17 
521174.14 
572476.36 
311006.29 
138100.92 
66001     
111605.18 
67767.56  
62682.9   
59087.3   
50917.33  
62347.36  
74357.35  
316538.42 
1015294.49
852930.65 
360102.66 
144231.46 
