NaN      
607483.3 
524833.7 
429043.2 
412926.6 
545672.5 
586015.9 
1363566.5
4005601.7
4059273.1
2034838.1
709024.6 
525782.4 
801871.2 
524298.2 
500930   
372445.7 
346570.3 
871595   
1152460.4
2252950.5
1739324.2
966171.7 
538233.7 
335003.8 
628250.7 
528412.1 
627705.7 
457023.3 
529536.2 
618547.6 
838336.3 
3021702.8
5486375.8
3274454.2
1740832.4
790391.3 
1093674.6
715092   
683219.9 
507979.8 
472688.3 
1188771.1
1571844.2
3072806.1
2372269.6
1317764.5
734098.5 
456912.7 
560643.4 
362167.3 
294162.4 
246264.3 
329212.8 
572592.7 
886644.6 
2674338.7
3525037.9
2300202  
1303460.4
847963.1 
772406.1 
481641.3 
391956   
344624.9 
341984.9 
799204.3 
944480.4 
2639754.1
3155771.4
1651289  
1245245.1
486562.8 
398852.6 
346689.4 
306879.4 
277890.3 
294414.2 
573354   
872136.6 
2660934.7
1952261.5
905383.1 
679763.6 
374191.8 
435704   
479204.3 
387840.4 
333368.5 
366482.9 
870197.2 
1300997.1
2346024.6
2053465.1
1194562.4
541951.9 
549357.1 
668555.9 
444654.3 
317367.3 
344586.6 
308121.2 
577076.5 
1057305.5
2701868.2
2485983.7
1658009.5
783514.1 
479270   
362284.2 
303446.1 
218769.7 
253211.4 
263303   
235212.3 
326086.1 
537855.5 
826413.1 
574188.6 
513700.1 
334113.7 
383973   
370706.7 
281486.8 
259756.4 
338821.8 
391204.8 
677315.2 
1745506.9
2686385.1
1016440.8
763860   
909445.8 
738560.5 
638077.6 
521618.3 
502024.2 
663412.7 
712461.1 
1657784.6
4869894.2
4935146.4
2473897  
862011.5 
639231   
385257   
446526.6 
299503.7 
562035.5 
515703.3 
1045599.8
1623590.9
5123808.2
5303824.2
2387597.4
1136777.6
679749.1 
424192.9 
355300.3 
256154   
296481.2 
308297.4 
275406.3 
381809.1 
629766.5 
967634   
672308.4 
601483.3 
391208.4 
496412   
447241.3 
348641.7 
457189.9 
415906.9 
627273.4 
2144410.6
4215400.2
3276044.5
2292938.1
995288.4 
671037.7 
519873   
468378.3 
365118.9 
478797.2 
435563   
656919   
2245757.5
4414624.2
3430873.6
2401304.6
1042326.7
702751.6 
318972.5 
427825.8 
343584.2 
318490.6 
342193.7 
389413.6 
668084.5 
1756560.7
1398492.7
1258118.4
665900.7 
495391.8 
495297.8 
394940.3 
373242.4 
331833.8 
434156.7 
927268.3 
855809   
2630911.7
6387486.3
4822405.7
1536259.8
567751.1 
739411.6 
910899.1 
489357.1 
460654.4 
675526.9 
1091533.9
1825497.1
3286022.6
4099361  
1898212.3
1173899.8
713258.9 
902097.2 
755588.8 
544742.4 
630503   
655631.4 
585684.7 
811963   
1339274.3
2057790.2
1429744.6
1279126.7
831951.9 
446928.7 
278686.7 
226793.1 
199406.4 
197878.9 
462434.6 
546494.1 
1527411.2
1825988.5
955466.8 
720522.1 
281534.4 
408778.2 
430552.1 
414863.1 
356736.6 
506444   
593254.6 
934501.2 
2703140.7
2979812.2
1388874.5
797599.5 
533835.9 
250723.2 
425504.4 
276442.3 
237908.5 
360774.4 
523156.1 
956280.5 
1932335.5
1591760  
949228   
628806.6 
423025.7 
571421.8 
420319.7 
354187.2 
308036.2 
284453.8 
762787.7 
1974225.8
3368523.2
2966144.9
1306615.8
614975.5 
406203.1 
780548.9 
559751.3 
482823.7 
369341   
427161.1 
866958.5 
1113005.8
3364874  
6629902.6
3879910.2
1699337.5
670910   
