NaN       
1292.3897 
782.2843  
517.3742  
422.9839  
363.6513  
421.7393  
1773.6708 
13392.7533
19628.5939
10113.0202
3200.9054 
2223.8265 
1482.2942 
667.81    
531.965   
377.3492  
305.3584  
431.1447  
942.3974  
4562.9909 
6066.5633 
3717.3454 
1613.8855 
938.5242  
731.8176  
435.0239  
357.8238  
295.9993  
225.587   
332.1004  
1120.1615 
9350.6109 
17390.7802
11233.5023
4154.7198 
1327.5973 
1519.3399 
684.5     
545.26    
386.78    
312.99    
441.92    
965.9499  
4677.0297 
6218.1797 
3810.2498 
1654.2199 
961.9799  
749.2023  
493.3682  
397.1012  
318.3653  
302.3529  
368.5076  
794.0102  
4865.0764 
13380.8584
11438.2668
5240.6291 
2030.2949 
1352.9922 
836.2592  
481.804   
331.4504  
175.6567  
332.4942  
1235.8807 
5851.0946 
10531.1375
6039.2975 
2628.5988 
858.6315  
1228.1684 
545.4704  
405.2232  
326.3706  
261.7463  
320.6851  
1196.3292 
9527.7772 
10640.3327
5615.8397 
2300.9154 
1747.4852 
827.1992  
541.3515  
382.0517  
302.919   
225.8463  
548.4181  
1455.0977 
6001.4122 
8127.1647 
4211.8519 
1663.7077 
1134.4208 
1360.7456 
721.5809  
467.3196  
345.9195  
280.9937  
476.1561  
1270.2934 
9509.1372 
12222.5924
8974.4901 
3808.8838 
1692.3869 
769.8699  
357.3265  
302.6384  
217.6885  
130.3494  
176.1437  
808.6307  
3919.7106 
6928.8492 
2137.0597 
1245.0717 
718.9026  
833.2538  
616.4384  
456.5034  
363.3799  
308.9285  
371.0755  
828.5894  
8348.7046 
15758.0697
6358.6937 
2935.4027 
3957.741  
1235.7    
747.97    
494.68    
404.43    
347.7     
403.24    
1695.87   
12805.2897
18767.5996
9669.4198 
3060.4999 
2126.2799 
1004.9686 
576.4093  
439.7153  
318.2266  
293.2765  
353.3101  
832.373   
9230.299  
13282.6187
9546.6953 
3918.4684 
2543.3483 
1150.4101 
533.95    
452.23    
325.29    
194.78    
263.21    
1208.3301 
5857.1903 
10353.7205
3193.3901 
1860.5001 
1074.2501 
1129.3604 
747.6297  
477.791   
405.6932  
280.4701  
269.6287  
1356.0644 
13581.508 
17313.406 
10937.3062
2973.4269 
1791.9813 
1059.3741 
701.2993  
448.1823  
380.5524  
263.0895  
252.9199  
1272.0294 
12739.8648
16240.498 
10259.5237
2789.1643 
1680.9326 
434.6574  
268.6638  
192.9571  
170.2293  
141.8512  
191.8587  
876.3638  
4029.9175 
4348.1147 
2595.7031 
870.5633  
848.3097  
741.02    
428.63    
332.83    
246.94    
243.77    
358.41    
655.93    
4024.4598 
21899.4989
19265.449 
6856.8596 
2344.4599 
688.2406  
683.6939  
514.8929  
380.1351  
270.1398  
335.5523  
1636.0918 
8015.3412 
16447.5451
6180.7335 
1917.1667 
813.9154  
974.2016  
452.1648  
382.9619  
275.4653  
164.9455  
222.8941  
1023.25   
4960.0435 
8767.8395 
2704.2581 
1575.527  
909.707   
1283.3099 
793.1899  
456.99    
314.38    
166.61    
315.37    
1172.2299 
5549.7496 
9988.7592 
5728.2596 
2493.2198 
814.4099  
555.17    
423.67    
423.87    
360.4     
265.19    
292.56    
704.93    
5478.3502 
10915.0404
7422.1503 
3411.5701 
1445.9501 
727.6829  
574.9173  
370.09    
271.5078  
231.1585  
342.2282  
1907.1232 
9027.3502 
8518.1446 
5253.4628 
2399.9953 
1243.2339 
2560.6753 
1213.3691 
670.3114  
459.9366  
341.3625  
420.9382  
1828.1274 
8016.8936 
12793.5351
6945.3468 
2680.8285 
1567.9197 
1003.64   
699.37    
557.36    
398.08    
297.92    
476.23    
745.39    
4054.2202 
18902.4809
18043.6408
6079.3403 
1685.9501 
