NaN       
1923.89   
1491.3573 
657.825   
795.3578  
516.548   
1213.5829 
5072.763  
18032.5339
30684.8694
16799.2467
6784.8421 
4192.3441 
2427.6282 
1169.7845 
831.7234  
754.6984  
578.219   
558.6774  
2166.1921 
7436.5249 
9393.5252 
6304.8578 
3374.2891 
1956.61   
1012.4614 
1057.3414 
848.1056  
448.5895  
445.5928  
644.2598  
3952.5232 
17261.9624
31304.6271
22190.4436
8464.3327 
3319.0334 
2488.2999 
1199.0199 
852.51    
773.56    
592.67    
572.64    
2220.3299 
7622.3796 
9628.2895 
6462.4296 
3458.6198 
2005.5099 
1315.7991 
969.9743  
761.8027  
584.5027  
466.8794  
614.0479  
1366.5084 
8291.3289 
21674.6478
18530.0454
9466.6201 
4482.9016 
1799.8989 
982.0266  
644.7142  
447.9399  
249.057   
430.9973  
2519.0572 
11114.5126
16582.7914
11574.3661
5486.8871 
2105.2133 
1506.7994 
750.7433  
719.2863  
440.856   
382.6721  
845.5154  
2421.4972 
13749.7835
14474.3732
9116.2377 
4470.5564 
2868.4114 
1521.1488 
1238.4042 
679.2861  
691.1769  
568.6011  
1019.103  
3266.5968 
9434.2972 
14676.8473
8721.0424 
4023.2946 
2058.7106 
2482.1363 
1171.4201 
763.5947  
605.6124  
472.9539  
1379.6548 
5659.334  
17273.4564
18380.7615
13811.2521
7864.8949 
3424.021  
1095.3553 
517.1481  
384.1419  
294.0123  
184.1073  
275.4349  
1996.5182 
6323.385  
9659.2336 
4172.2316 
2488.8452 
1452.026  
1595.4605 
947.4434  
766.0546  
490.7256  
484.2445  
903.9129  
3738.7414 
14870.1502
26239.0322
11499.0447
6317.6843 
6796.4684 
1839.5    
1425.94   
628.97    
760.47    
493.89    
1160.35   
4850.2499 
17241.5496
29338.8993
16062.3596
6487.2298 
4008.4499 
1898.408  
1309.4215 
700.3419  
636.4532  
493.4603  
1181.0306 
1761.9084 
13441.2054
23763.4099
18885.9466
8057.0909 
4366.7526 
1636.7801 
772.77    
574.02    
439.34    
275.11    
411.58    
2983.3801 
9448.9804 
14433.7107
6234.5303 
3719.0602 
2169.7501 
1766.3694 
978.0947  
739.0995  
547.5986  
398.4025  
571.9814  
2974.5089 
28952.8857
32653.9928
19666.5693
6280.7538 
3616.2979 
1656.9079 
917.4824  
693.2976  
513.664   
373.7136  
536.5358  
2790.1792 
27158.6815
30630.4318
18447.8362
5891.5368 
3392.1967 
838.1312  
527.2992  
545.6411  
373.8392  
669.9407  
543.4442  
1660.1095 
7334.363  
7019.7694 
5128.4622 
2106.6839 
1429.22   
1952.9499 
706.52    
422.68    
334.02    
345.92    
814.03    
2120.7599 
12231.6294
36382.4981
29342.6685
10634.1194
4451.3598 
1104.4998 
1224.6082 
1023.3975 
636.6556  
481.0474  
934.2422  
4001.1158 
13126.6377
27016.4381
10514.3947
3834.1669 
1627.8515 
1386.0742 
654.4047  
486.0973  
372.0462  
232.9714  
348.5382  
2526.4153 
8001.6787 
12222.897 
5279.5863 
3149.4112 
1837.4091 
1707.1999 
931.4499  
611.51    
424.87    
236.23    
408.8     
2389.3198 
10542.0892
15728.7388
10978.2592
5204.2996 
1996.7898 
1021.3    
497.06    
599.02    
646.62    
599.81    
855.28    
2259.2001 
8875.7504 
15165.2306
10640.4704
6052.8402 
2827.2801 
1295.8963 
675.4274  
470.3966  
366.8253  
523.0493  
1225.3795 
6507.731  
14577.3054
14462.3897
9743.0493 
5032.7476 
2346.4126 
4302.7818 
2100.5699 
945.2962  
692.1791  
575.174   
820.8032  
3760.896  
13502.0405
21361.4509
11086.5043
4480.4544 
3071.6763 
2132.2601 
839.42    
754.52    
537.73    
421.89    
1060.77   
4735.0002 
13638.9206
33225.1715
29948.2314
10504.6005
3794.8302 
