NaN         
5749.18374  
3457.66808  
2206.79965  
4700.1695   
3801.76149  
3727.50425  
10876.0709  
96542.77839 
140668.31269
48199.22371 
10881.30028 
8575.14235  
7873.2307   
4561.98597  
3229.29289  
2810.75312  
2920.99786  
3430.27003  
9665.43947  
46098.88771 
54932.12572 
21209.91765 
8917.14109  
3731.73574  
3873.58333  
1726.62061  
4964.66274  
3247.09257  
2712.11169  
2814.68321  
6817.98935  
56854.79081 
115837.43789
75699.79382 
20170.38795 
5864.67756  
8069.99955  
4675.99974  
3309.99982  
2880.99984  
2993.99983  
3515.9998   
9906.99945  
47250.99737 
56304.99687 
21739.99879 
9139.99949  
3824.99979  
4754.71927  
3217.86944  
3146.74568  
3398.56223  
2308.63871  
3177.5019   
7332.4749   
31984.54577 
98607.32237 
71560.11092 
22433.77856 
12012.22589 
7961.01007  
3205.06828  
3418.03664  
3427.52533  
2537.69716  
3188.1995   
13055.38176 
49696.48147 
83745.06049 
38922.60227 
14383.79822 
3441.23121  
3858.54093  
2186.31541  
3462.94015  
2490.18268  
2880.05011  
3292.85093  
9292.79607  
62363.50053 
62770.568   
21167.50833 
12432.7578  
6374.52366  
2088.70693  
2803.19594  
2780.59653  
2959.65339  
2706.71385  
6260.90554  
11796.02236 
37834.88771 
51030.33502 
26406.54036 
9433.5149   
7911.53161  
7915.32966  
4231.77783  
1941.59155  
2473.60385  
3107.96519  
4170.97643  
1336.61757  
53110.02785 
89847.25051 
59778.92869 
19575.01255 
5337.35006  
2354.9623   
1610.12768  
1075.42609  
1406.01756  
1116.91733  
1667.68004  
8376.54537  
28483.06496 
44473.25232 
9178.93236  
7425.59299  
3119.87333  
2587.33253  
1425.83966  
1814.70502  
1519.73891  
2579.16737  
3682.48353  
6382.0869   
53944.09706 
105823.43131
32702.45424 
15518.89194 
29168.98473 
5496.99987  
3305.99992  
2109.99995  
4493.99989  
3634.99991  
3563.99991  
10398.99975 
92307.9978  
134497.99679
46084.9989  
10403.99975 
8198.9998   
2537.95952  
2339.58557  
1998.05516  
2285.39062  
3343.72587  
3672.98573  
8346.02159  
71584.365   
133059.83886
68740.66418 
18613.40737 
8540.30535  
3519.00017  
2406.00011  
1607.00008  
2101.0001   
1669.00008  
2492.00012  
12517.00059 
42562.002   
66456.00312 
13716.00064 
11096.00052 
4662.00022  
4493.11118  
3964.69525  
2825.92216  
3557.09012  
2778.64837  
2814.36634  
15061.42973 
82158.69673 
113344.69122
61947.57539 
13517.15257 
5988.01349  
4214.67403  
3719.00393  
2650.80036  
3336.658    
2606.45612  
2639.96066  
14128.07613 
77067.33975 
106320.74478
58108.69731 
12679.49749 
5616.93757  
1656.37948  
1337.90575  
2132.90468  
2058.62049  
1458.02487  
3299.32458  
10869.99032 
39161.99492 
38426.2653  
17256.8505  
5044.21288  
4977.041    
4080.99979  
2599.99986  
2463.99987  
2586.99987  
3083.99984  
4434.99977  
8166.99957  
43545.99773 
148048.99228
126556.9934 
29136.99848 
7556.99961  
2376.36483  
3439.69445  
2563.64402  
2959.0112   
2853.92676  
4115.98041  
20381.17804 
65364.59897 
124424.13188
30467.20285 
7678.44678  
2220.29884  
2979.99437  
2037.47271  
1360.85563  
1779.18959  
1413.35908  
2110.30008  
10599.76968 
36042.7736  
56276.92689 
11615.11871 
9396.42441  
3947.92093  
7550.99942  
3039.99977  
3241.99975  
3250.99975  
2406.99982  
3023.99977  
12382.99905 
47136.9964  
79431.99393 
36917.99718 
13642.99896 
3263.99975  
1563.00006  
2189.00009  
1309.00005  
2521.0001   
2921.00012  
2942.00012  
8534.00034  
42813.00173 
76840.0031  
35870.00145 
14464.00058 
7886.00032  
2090.60849  
2636.99551  
2244.64313  
2116.76532  
2028.60713  
3485.63918  
14943.2975  
72480.56331 
72474.75068 
30966.77501 
11000.39826 
4185.09207  
12806.80268 
4513.56375  
3573.11384  
2994.14625  
2639.6155   
3420.179    
16350.12401 
69919.02523 
109167.66477
39306.23837 
9668.65934  
5570.20442  
8072.00037  
4425.0002   
3807.00017  
2516.00011  
3170.00014  
5448.00025  
6279.00029  
37336.0017  
158297.00719
133101.00604
33992.00154 
6810.00031  
