NaN       
711.2973  
635.187   
627.777   
372.3534  
269.1637  
588.7099  
933.5832  
1329.6471 
1489.9568 
1426.6425 
1425.2909 
1549.2298 
965.9164  
1008.165  
549.2009  
874.0896  
892.139   
1150.37   
2471.3241 
4244.4825 
4906.9394 
2495.1233 
2356.2781 
1650.1926 
2455.5402 
1854.5501 
1525.2901 
1205.9501 
829.0901  
987.7701  
1493.5501 
5234.3804 
8138.1806 
4042.3103 
5458.5104 
3038.6802 
2502.2373 
1889.8182 
1554.2966 
1228.8837 
844.8569  
1006.5545 
1521.953  
5333.9228 
8292.9448 
4119.1831 
5562.3151 
3096.4669 
820.17    
696.79    
389.55    
454.61    
460.17    
1346.78   
10155.3699
7679.9999 
5587.4399 
2570.58   
1604.63   
1931.9    
2152.0701 
1476.6901 
938.18    
475.83    
562.71    
1070.0801 
3415.5402 
4772.2302 
2505.1201 
1674.0501 
1578.8401 
858.84    
1631.1029 
867.2872  
601.2716  
570.9766  
530.5326  
951.9501  
2122.1306 
3096.6455 
3386.3736 
1700.7131 
1695.0696 
878.5744  
1448.3276 
1205.3076 
1054.3972 
834.8937  
646.7521  
1173.9458 
3529.6728 
7474.8361 
11990.3131
3819.7356 
5307.2506 
3439.5198 
874.7294  
746.6529  
662.209   
511.1042  
587.4612  
669.0838  
947.4605  
3595.8991 
5300.9207 
3319.1317 
4480.7321 
1480.7782 
1044.4637 
1037.6627 
775.6913  
607.2872  
711.0518  
1537.7806 
1794.6405 
3031.3332 
4211.8769 
2731.9434 
2563.5308 
1799.7434 
1174.3037 
1273.341  
1022.7162 
901.4442  
697.3065  
901.4442  
1459.2894 
3702.7862 
3013.5706 
2354.6603 
3171.2212 
2294.0294 
1152.4    
1249.5901 
1003.64   
884.63    
684.3     
884.63    
1432.0701 
3633.7201 
2957.3601 
2310.7401 
3112.0701 
2251.2401 
1958.0948 
1323.78   
1197.7076 
1077.5446 
1140.5808 
1414.3964 
4077.7279 
4645.0636 
6729.2308 
4314.1112 
2269.3429 
1607.4479 
3746.8591 
3523.9869 
2141.0596 
1617.2279 
1304.8303 
1459.1228 
5322.1766 
15132.1925
15579.8384
7579.4309 
3908.7673 
2466.7966 
1628.9252 
1244.911  
971.3292  
893.5318  
740.4171  
986.3876  
1079.2561 
1229.8526 
791.8813  
235.7334  
308.0642  
848.344   
2107.661  
1431.3867 
1346.3256 
1240.5352 
1012.3353 
1358.7715 
2410.526  
3918.6696 
4468.4032 
2188.5596 
1219.785  
1331.8088 
2199.2752 
1545.8501 
1233.5976 
1139.1502 
1090.9693 
1222.0334 
2577.0646 
2841.1362 
1511.1575 
1272.1481 
1098.2868 
1144.9323 
2524.9601 
1802.9801 
1340.8301 
1174.22   
985.79    
1949.7501 
3826.1202 
7598.6803 
5162.9802 
3605.9501 
2292.8901 
2146.1201 
1080.9901 
831.4701  
718.0201  
759.6701  
612.1001  
714.0501  
791.4101  
1225.7901 
681.7201  
1249.3901 
1124.6301 
758.8801  
2734.8832 
1842.6028 
1440.0183 
1215.5015 
1033.5598 
1302.6032 
5012.9751 
8763.9998 
5522.0119 
2512.2986 
2496.8123 
1321.9537 
820.17    
696.79    
389.55    
454.61    
460.17    
1346.78   
10155.3699
7679.9999 
5587.4399 
2570.58   
1604.63   
1931.9    
1287.27   
983.8     
767.6     
706.12    
585.12    
779.5     
852.89    
971.9     
625.79    
186.29    
243.45    
670.41    
1150.4101 
890.98    
765.62    
524.63    
425.85    
657.72    
1048.4601 
3314.3802 
2862.1502 
1420.1701 
2614.2201 
1001.6501 
850.8591  
772.4761  
575.505   
396.7987  
418.5239  
721.5107  
987.5277  
3178.0443 
2493.6979 
940.6167  
414.4696  
329.3807  
1080.9901 
831.4701  
718.0201  
759.6701  
612.1001  
714.0501  
791.4101  
1225.7901 
681.7201  
1249.3901 
1124.6301 
758.8801  
