NaN       
2289.659  
1894.7615 
1725.9874 
1253.6273 
1069.482  
1814.8605 
4549.5185 
11564.0847
23167.8976
6981.3718 
2277.8847 
2286.2641 
3048.8864 
3187.7264 
3257.0076 
2643.791  
2423.9874 
2808.9908 
8347.2582 
27768.6316
53293.153 
15963.4644
7269.6814 
4368.144  
4922.6637 
3189.6027 
2537.2899 
2353.6181 
2044.2321 
2792.5065 
7665.9795 
34396.1464
58483.2435
14990.5199
8318.6891 
5873.7706 
5016.2783 
3250.2596 
2585.5416 
2398.3769 
2083.1074 
2845.6117 
7811.7638 
35050.2596
59595.4222
15275.5954
8476.886  
5985.4724 
2835.5681 
2682.7198 
2226.5352 
2025.9838 
1851.8923 
3134.858  
10798.7146
52936.5473
70315.9306
22529.8513
10527.1936
8132.081  
4107.7636 
3176.6305 
1501.5869 
1453.1697 
1675.5793 
2231.3156 
7309.5052 
19687.3422
24522.8709
8421.3547 
5358.4579 
3587.5716 
3395.5032 
2676.8681 
1899.1399 
2058.1134 
1856.4335 
1890.0907 
6982.0756 
30882.7629
30967.6678
12943.8617
5021.6792 
3501.0278 
7027.9663 
5030.4892 
3976.4334 
3606.4301 
3022.4876 
5534.7239 
12394.9255
61445.3656
90923.2778
24178.784 
12049.8713
6361.0431 
4283.2959 
2852.0492 
2676.2518 
2220.5365 
1950.2548 
2977.6446 
6823.1443 
23574.1479
53079.7872
15941.6532
7126.4158 
3611.3188 
2642.837  
2470.6681 
2119.1687 
1819.417  
1934.2416 
3776.5555 
9861.2044 
23802.1864
26330.9643
10751.3588
6643.8533 
3907.3024 
3109.7339 
3187.9745 
2782.3807 
2600.0283 
2392.3907 
2999.8212 
7963.0742 
20264.144 
30335.0444
15572.7217
8393.7915 
5113.6705 
3051.7297 
3128.5109 
2730.4825 
2551.5314 
2347.7667 
2943.8671 
7814.5433 
19886.1679
29769.2213
15282.2522
8237.2266 
5018.288  
6377.1705 
3669.6053 
3586.0995 
3328.195  
3003.5487 
5414.2438 
16972.7322
44917.8562
63176.3884
24429.2529
6161.5211 
6795.5267 
6171.0042 
3859.1993 
2894.6424 
3050.6713 
2692.3246 
2833.8004 
9213.1608 
56882.0769
62156.4714
24528.4643
7290.5807 
5349.5994 
5494.6071 
3914.5506 
3615.4161 
2902.6939 
2458.7861 
3894.7471 
8868.818  
16312.8945
14850.3281
4295.9858 
3130.3704 
3536.6792 
6951.8557 
5751.9272 
3390.801  
3541.9072 
3092.3229 
3524.1701 
19127.2444
69658.0668
76927.2784
28192.3243
7510.3508 
6709.0155 
4982.6687 
2684.1541 
2617.4618 
2891.3822 
2891.9605 
3052.5811 
12276.4769
47313.8117
38946.9701
9823.0859 
4209.6158 
4042.9429 
6662.2504 
4335.7468 
3852.2495 
3536.0997 
3136.2664 
6490.5985 
18378.1545
31564.5641
71913.5819
32635.1171
7937.1036 
6027.9477 
2507.4979 
2594.4544 
2128.7688 
1920.2438 
2073.6871 
2734.0926 
8015.234  
15793.8171
12402.314 
5324.6793 
2181.9861 
2586.4609 
6924.4039 
4597.7526 
2920.0095 
2767.315  
2630.6855 
3441.1917 
11027.6848
34697.1184
54642.0944
23029.1966
7522.9688 
4152.5597 
2835.5681 
2682.7198 
2226.5352 
2025.9838 
1851.8923 
3134.858  
10798.7146
52936.5473
70315.9306
22529.8513
10527.1936
8132.081  
4342.1534 
3093.5022 
2857.109  
2293.875  
1943.0736 
3077.8524 
7008.6481 
12891.384 
11735.5802
3394.9342 
2473.798  
2794.8866 
2635.0961 
2464.5352 
2333.6838 
1987.7421 
2079.1615 
2854.352  
12631.2884
54565.8748
44078.2116
9481.9705 
5610.8778 
2385.1754 
3667.9001 
2754.6413 
2967.0148 
2534.1245 
2285.5636 
3377.6076 
12848.5959
34054.1027
69318.4378
28297.5587
6774.771  
3481.9869 
2507.4979 
2594.4544 
2128.7688 
1920.2438 
2073.6871 
2734.0926 
8015.234  
15793.8171
12402.314 
5324.6793 
2181.9861 
2586.4609 
