NaN      
50012.02 
46147.05 
42987.06 
39135.73 
29121.62 
30062.39 
54627.69 
146264.13
278287.47
174615.8 
73494.58 
56775.52 
51161.77 
54550.66 
53865.78 
50249.34 
44174.22 
51883.29 
95088.46 
351198.15
719390.65
230598.18
129927.44
72286.5  
90300.06 
57698.6  
73248.34 
47713.63 
44372.32 
49872.51 
100002.22
371352.21
618961.18
367002.16
156748.87
119606.97
83793.8  
53541.33 
67970.68 
44275.79 
41175.22 
46279.12 
92796.91 
344595.7 
574364.06
340559.08
145454.87
110989.1 
53808.78 
102426.68
63257.41 
56159.2  
37614.06 
73922.33 
119374.06
631881.6 
936856.71
492977.92
202862.4 
121637.92
81253.15 
55796.47 
43121.14 
40989.22 
40024.79 
50488.1  
104617.39
221998.08
286374.11
118785.05
95098.2  
62288.1  
51413.07 
50566.64 
38993.68 
37607.31 
33040.24 
38332.97 
74147.96 
365668.34
422087.93
209450.06
113383.19
61227.2  
71902.27 
82464.87 
50538.98 
61221.08 
43861.77 
60859.88 
118007.27
561813   
907749.92
382687.85
180341.82
111361.74
71929.11 
61012.82 
53641.44 
64329.38 
49745.15 
63871.58 
95954.25 
314991.62
819887.62
269442.07
162512.78
72399.1  
48717.18 
33996.43 
40026.89 
37850.89 
35531.02 
59032.83 
117921.79
278864.27
320620.14
196031.63
107553.9 
57094.04 
58335.12 
53984.85 
49157.94 
47854.91 
50283.75 
59923.57 
102032.83
322573.4 
414325.63
219605.97
125282.19
80058.53 
43312.55 
40082.56 
36498.69 
35531.22 
37334.58 
44491.94 
75757.14 
239503.68
307627.7 
163052.62
93019.28 
59441.7  
97025.8  
91829.55 
78365.63 
57112.02 
66392.75 
109546.26
210226.38
536767.34
827453.03
533914.13
168218.92
119767.33
106093.14
73044.96 
57316.56 
55071.78 
51270.78 
52874.96 
95339.29 
689555.32
776021.01
346223.02
150056.13
114416.74
72741.41 
57431.1  
70253.04 
54452.16 
45557.42 
64927.77 
89992.97 
235809.85
229965.08
114194.07
90183.67 
50847.18 
85874.6  
71361.52 
50031.83 
52484.15 
53166.1  
61633.76 
171093.43
614476.99
720499.75
341401.11
131751.66
78775.69 
75745.28 
53307.13 
62573.48 
54677.3  
41485.38 
54645.68 
111771.08
477688.84
449156.81
214670.57
101901.09
67258.88 
100502.86
73460    
52755.59 
53537.03 
50449.6  
81993.21 
176492.26
389154.15
767103.62
357479.67
147801.46
110025.02
66446.77 
72516.38 
65749.92 
64731.54 
51626.44 
58524.13 
125314.74
314417.44
247178.01
157469.88
91868.26 
70205.34 
88590.99 
70853.98 
55416.4  
60807.42 
43868.24 
56557.61 
153814.81
504678.04
625805.58
297372.28
138772.75
76175.87 
43584.68 
82964.78 
51237.99 
45488.5  
30467.08 
59876.49 
96692.02 
511818.97
758846.33
399308.12
164316.9 
98525.73 
46777.69 
36932.12 
45177.5  
35016.45 
29296.53 
41752.99 
57871.62 
151641.83
147883.24
73434.58 
57994.26 
32698.21 
40684.49 
44593.68 
44701.47 
39850.91 
33844.31 
49633.77 
116792.41
548108.38
502688.31
137174.63
90364.97 
43591.23 
64667.07 
53153.14 
52212.89 
75322.55 
46507.19 
62626.06 
118857.8 
379920.19
857563.25
543899.65
213922.5 
84471.35 
49661.56 
54197.92 
49140.74 
48379.61 
38585.01 
43740.27 
93658.81 
234992.02
184738.03
117691.19
68661.29 
52470.67 
