NaN      
297138.7 
347224.7 
347755.9 
278676   
269419.9 
337863.1 
565423.5 
1040868.3
1931799.3
907417.5 
415161.1 
482626.7 
428972   
461263.3 
473864.2 
394178.6 
403318.9 
450410.8 
596292.2 
1775790.7
3635742.4
1863973.2
986511.1 
406919.6 
503888.5 
375374   
213556.3 
269324   
338130.6 
466699.2 
821889.2 
2058788.7
2990354  
1246280.8
785986.3 
672083   
647836.6 
482608.7 
274563.9 
346263   
434725.9 
600023.3 
1056681.9
2646932  
3844621.7
1602311.3
1010522.5
864080   
567840.9 
669569.1 
464146.8 
455201.6 
434420.6 
837121.7 
1139934.2
3664786.9
4716719.9
1894126.5
950944.8 
1086986.8
937970.2 
785635.6 
566404.7 
655575.7 
681703.4 
608975.1 
844251.7 
1392532.1
2139620.6
1486600.1
1329992.6
865035.4 
224724.5 
241425.6 
171530.1 
172158.7 
179160.5 
229465.2 
471159.2 
1762977.3
2169955.5
1276978.6
657798.6 
247535.1 
453823.9 
547041.3 
400418.7 
414318.1 
347727.6 
1054396.5
1533135.3
4425373.9
5449467.2
1955605.7
1309180.7
1189054.3
487769.4 
488445.2 
485595.5 
522028.3 
473691.2 
595144.3 
719637.6 
1666734.7
5071884.2
2156199.3
1339224.7
525779.4 
269934.1 
188390.5 
173423.8 
147739.5 
239748.5 
576607.6 
850436   
1177599.9
1259615.8
708292.4 
489141.8 
226833   
253187.9 
266674.2 
256956.8 
220954.5 
313679.9 
367448.3 
578808.7 
1674263.7
1845627.8
860237.2 
494015   
330645.8 
262548.3 
276533.2 
266456.5 
229123.3 
325276.7 
381033   
600207.4 
1736161.7
1913861.1
892040.4 
512278.8 
342869.9 
691037.5 
500284.9 
444958.2 
326434.4 
533467.7 
832755.3 
1867923.6
3355360.9
4778819.4
2473059.1
963215   
712095.9 
649341.7 
492019.9 
362601.9 
344789   
333509.1 
404330.1 
528599.3 
3331928.5
3798894.7
1907298  
853803.9 
1052659.4
414217.6 
501398.9 
422041.4 
417371.4 
383072.2 
568319.4 
924128.8 
1231786.1
1584916.2
974255.2 
569506.4 
797726.8 
859733.2 
742764.4 
607198.1 
584389.2 
772256.1 
829351.6 
1929770.5
5668877.8
5744835.6
2879779.2
1003438.2
744107   
689925.4 
580524.3 
538297.4 
603159   
626610.5 
833567.6 
1810347.9
4028942.5
3272796.5
1412371  
746180.9 
639960.4 
648196.3 
509733   
403333.5 
446303.1 
471330.3 
626687.9 
1396798.3
2557945.8
4500863.8
2149551.2
953791.7 
641499.4 
248145.9 
332828.7 
267292.7 
247771   
266210.9 
302945.8 
519738.9 
1366523.1
1087962.8
978758.1 
518040   
385392   
408024.4 
375562.9 
277382.1 
437193.4 
367897.5 
467833.1 
1160764.3
2733186.2
2849560.3
1266807.7
559879.8 
318894.9 
548755.2 
647064.3 
448546.3 
439901.8 
419819.3 
808985.2 
1101619.8
3541609.7
4558186.2
1830463  
918982.6 
1050452.1
327673.4 
396639.6 
333862.6 
330168.3 
303035.3 
449578.1 
731046.8 
974424   
1253773.2
770700.1 
450517.1 
631054.5 
224515   
273613.7 
334051.1 
378571.6 
279086.2 
512052.1 
990521.7 
2805531.8
3523628  
1148121  
701507.3 
297168.3 
362005.4 
378661.8 
363493.4 
427320.5 
366106.6 
751003.7 
1500235.1
3206773  
5706655.7
2812932.4
905771.4 
466949.9 
348613.1 
467581.6 
375511.8 
348086.4 
373992.1 
425599.9 
730166.4 
1919789.3
1528447.8
1375029.2
727779.5 
541426.2 
