NaN       
489.9622  
342.3127  
234.8102  
132.6937  
103.733   
169.8795  
806.812   
2932.764  
7441.6946 
2586.5392 
910.6808  
775.9631  
607.3189  
461.7339  
441.1047  
389.3465  
325.6787  
402.236   
1101.1817 
6743.5656 
19125.9452
7681.713  
3629.6238 
1309.0445 
1154.3801 
611.9     
404.03    
323.11    
258.84    
304.86    
769.7901  
6380.8304 
14935.541 
5670.7404 
2776.8602 
1747.4401 
1176.333  
623.5366  
411.7135  
329.2546  
263.7624  
310.6576  
784.4292  
6502.175  
15219.571 
5778.5811 
2829.6679 
1780.6713 
724.17    
585.32    
300.1     
439.54    
312.99    
466.31    
1818.65   
12521.6499
17024.1298
7574.8799 
2872.07   
1894.22   
1150.4101 
533.95    
452.23    
325.29    
194.78    
263.21    
1208.3301 
5857.1903 
10353.7205
3193.3901 
1860.5001 
1074.2501 
805.2081  
531.0923  
334.6869  
301.5748  
306.0897  
317.7562  
665.4185  
6742.6418 
9224.1013 
6180.1258 
1836.1681 
673.8886  
1895.17   
909.1682  
596.9723  
429.9857  
316.909   
683.4003  
1420.8884 
10663.5005
23075.1733
8942.7574 
5005.4395 
2259.6949 
865.4406  
328.8841  
285.0479  
303.2281  
227.6757  
353.3282  
823.8247  
5282.7405 
17908.7812
7292.803  
2904.999  
787.8614  
408.2572  
373.7291  
216.5514  
158.8844  
161.6031  
421.3618  
1647.4971 
5460.4735 
8156.6881 
4216.9884 
2134.862  
876.7371  
565.7221  
431.7227  
431.9265  
367.2501  
270.2305  
298.1207  
718.3286  
5582.4771 
11122.5024
7563.223  
3476.4138 
1473.4332 
555.17    
423.67    
423.87    
360.4     
265.19    
292.56    
704.93    
5478.3502 
10915.0404
7422.1503 
3411.5701 
1445.9501 
1248.9252 
719.0218  
494.8446  
379.5977  
314.0091  
915.4203  
2285.1044 
7491.5845 
15682.4864
9183.7394 
3108.5278 
1666.5511 
1215.305  
830.5151  
594.313   
335.6384  
337.5399  
451.641   
703.8428  
11088.1864
16911.3381
9924.309  
3003.9582 
1784.8502 
1197.2303 
854.3673  
570.2447  
527.0815  
361.4266  
412.1316  
1768.7278 
5368.6946 
7268.6834 
2680.5827 
1161.0776 
1091.809  
1292.3897 
782.2843  
517.3742  
422.9839  
363.6513  
421.7393  
1773.6708 
13392.7533
19628.5939
10113.0202
3200.9054 
2223.8265 
1249.0197 
564.9543  
461.6346  
415.3778  
352.9215  
410.1691  
1917.0896 
10934.6973
11360.6772
4408.1905 
1653.7954 
1489.9532 
1475.7001 
858.84    
643.44    
442.71    
374.48    
509.16    
2229.4201 
7084.9603 
18916.3608
11036.0305
3814.2202 
1830.7401 
550.0201  
339.97    
244.17    
215.41    
179.5     
242.78    
1108.9601 
5099.5005 
5502.1506 
3284.6303 
1101.6201 
1073.4601 
1960.677  
1304.5354 
573.88    
415.1628  
372.9683  
419.232   
1831.9663 
9694.9813 
14140.8486
7664.6307 
2883.9105 
1060.6583 
724.17    
585.32    
300.1     
439.54    
312.99    
466.31    
1818.65   
12521.6499
17024.1298
7574.8799 
2872.07   
1894.22   
946.12    
675.17    
450.64    
416.53    
285.62    
325.69    
1397.75   
4242.6501 
5744.1301 
2118.35   
917.55    
862.81    
759.67    
414.55    
359.6     
303.47    
255.47    
373.69    
1267.0401 
11389.0906
14503.1408
5119.3403 
2485.2901 
769.39    
1060.0238 
653.888   
566.1576  
447.3647  
420.3566  
584.4326  
1626.5909 
6888.1328 
18392.0587
11711.0532
3632.9238 
1527.0867 
550.0201  
339.97    
244.17    
215.41    
179.5     
242.78    
1108.9601 
5099.5005 
5502.1506 
3284.6303 
1101.6201 
1073.4601 
