NaN       
903.5493  
570.1272  
298.3962  
211.0996  
151.4258  
505.4614  
1917.2975 
5218.0137 
12095.0758
4803.6252 
2049.7263 
1810.7391 
1232.1072 
849.3005  
744.3841  
731.4846  
462.5339  
874.8896  
3757.9994 
11923.7755
31194.1757
13536.2995
6597.4807 
2526.4922 
1668.1201 
1140.5101 
823.9401  
437.36    
374.29    
673.6     
2161.0202 
11700.2508
25910.6218
10708.3107
6423.5604 
3327.9102 
1699.8428 
1162.1992 
839.609   
445.6773  
381.4079  
686.4099  
2202.1164 
11922.7551
26403.3654
10911.9512
6545.7176 
3391.1973 
1370.2    
1000.08   
827.71    
737.46    
506.19    
1129.4    
6122.0599 
20696.0098
28775.7897
11916.2599
5086.6799 
3584.97   
1636.7801 
772.77    
574.02    
439.34    
275.11    
411.58    
2983.3801 
9448.9804 
14433.7107
6234.5303 
3719.0602 
2169.7501 
1574.3068 
1014.6079 
454.3398  
407.6832  
481.2487  
485.3842  
2219.418  
9801.7932 
15521.2622
10932.2885
4068.59   
1460.1077 
3592.6337 
1222.5695 
999.1434  
581.1036  
486.0497  
1429.3266 
3890.3343 
19573.9771
38843.9792
14950.848 
9320.9278 
3970.3002 
1719.9935 
1002.6225 
662.8302  
539.1944  
325.6555  
905.2538  
2470.7    
10781.9735
29890.9868
13250.8606
6279.9751 
1683.4293 
600.8293  
438.7116  
327.46    
268.7724  
228.6268  
1131.9161 
3052.9712 
10151.0018
13435.8416
8116.8255 
4542.4586 
1782.2478 
1040.7119 
506.5076  
610.4056  
658.9103  
611.2106  
871.5363  
2302.1407 
9044.4516 
15453.4759
10842.7137
6167.8865 
2881.0182 
1021.3    
497.06    
599.02    
646.62    
599.81    
855.28    
2259.2001 
8875.7504 
15165.2306
10640.4704
6052.8402 
2827.2801 
2362.9487 
1336.6018 
1083.6625 
805.5067  
479.679   
1319.0724 
5788.0777 
12545.5641
29288.2842
16743.7033
5348.1948 
2942.1031 
2832.1775 
1841.2621 
994.536   
660.9912  
479.2708  
793.3873  
3814.5265 
18239.0732
27358.1344
17029.0886
6450.7029 
3665.7562 
2064.9224 
1329.2633 
724.6248  
777.3291  
656.8494  
859.1506  
2457.4781 
7701.4918 
10740.7805
4515.8837 
2539.5527 
2126.9276 
1923.89   
1491.3573 
657.825   
795.3578  
516.548   
1213.5829 
5072.763  
18032.5339
30684.8694
16799.2467
6784.8421 
4192.3441 
2299.9225 
1269.2716 
1021.0109 
647.0697  
516.5791  
882.4252  
3389.9395 
15854.0735
15988.0431
7324.2024 
3319.9713 
2712.0255 
2803.8701 
1504.4801 
1384.0801 
703.15    
647.22    
970.72    
5495.2802 
13838.0706
30631.9413
17445.0607
7223.1003 
3858.1002 
1060.5801 
667.2501  
690.4601  
473.0601  
847.7501  
687.6801  
2100.7202 
9280.981  
8882.8909 
6489.6107 
2665.8203 
1808.5502 
2857.4365 
2884.5351 
1284.814  
956.5383  
895.569   
1043.4448 
4135.6638 
18331.6657
23665.2369
11735.5487
4708.3923 
1803.1503 
1370.2    
1000.08   
827.71    
737.46    
506.19    
1129.4    
6122.0599 
20696.0098
28775.7897
11916.2599
5086.6799 
3584.97   
1631.82   
1050.46   
572.64    
614.29    
519.08    
678.95    
1942.04   
6086.1601 
8487.9802 
3568.7101 
2006.9    
1680.82   
841.8     
708.11    
628.17    
411.58    
404.24    
485.16    
2334.3801 
17707.871 
23750.4013
8750.9905 
5299.9003 
1979.1301 
1527.916  
1002.7723 
774.5237  
711.3648  
596.2167  
856.5617  
3208.7484 
12266.6144
30764.2997
19983.9833
6186.6068 
2523.1837 
1060.5801 
667.2501  
690.4601  
473.0601  
847.7501  
687.6801  
2100.7202 
9280.981  
8882.8909 
6489.6107 
2665.8203 
1808.5502 
