NaN         
1040.52193  
874.11992   
459.81289   
472.03834   
1115.23303  
1805.97115  
7626.64537  
21448.19968 
48334.00937 
16417.42559 
4706.12038  
2788.08258  
90.99684    
929.96767   
2378.91731  
2837.90135  
2840.90125  
2880.89986  
7430.7417   
42906.50855 
119318.85241
36428.73372 
14914.48156 
7495.73944  
4389.00031  
3428.00024  
2013.00014  
2406.00017  
1901.00013  
3561.00025  
7274.00051  
58753.00408 
127663.00887
33204.00231 
14300.00099 
6258.00043  
4472.46614  
3493.19069  
2051.28146  
2451.75519  
1937.15155  
3628.71997  
7412.33054  
59870.3129  
130090.7827 
33835.44448 
14571.94483 
6377.00914  
3235.99996  
3498.99996  
2898.99997  
2732.99997  
3426.99996  
4794.99995  
13834.99984 
85285.99904 
128121.99855
45956.99948 
15516.99982 
10731.99988 
3519.00017  
2406.00011  
1607.00008  
2101.0001   
1669.00008  
2492.00012  
12517.00059 
42562.002   
66456.00312 
13716.00064 
11096.00052 
4662.00022  
3398.46691  
1926.39863  
1023.42891  
2305.79767  
2041.16684  
3398.46691  
5446.27324  
59508.73963 
78598.20239 
41043.38829 
12134.12984 
4351.707    
9140.78974  
4632.15029  
3794.2528   
4296.20082  
2888.17732  
4221.10624  
12652.44975 
79365.09715 
168644.65591
55163.89045 
29010.2245  
12614.90246 
1869.96778  
1304.69974  
1614.32404  
3529.10586  
2575.78895  
3510.77284  
7900.51201  
41884.83383 
117652.13939
33227.5756  
17242.2029  
3326.42416  
1475.12217  
1341.33202  
1717.83123  
2076.32022  
2692.09797  
3599.46963  
13732.35829 
43546.12118 
55809.36071 
21372.11895 
11090.86045 
2680.94879  
1592.70798  
2230.60638  
1333.8802   
2568.91671  
2976.51952  
2997.91867  
8696.20595  
43626.74775 
78300.49978 
36551.78198 
14738.91761 
8035.8894   
1563.00006  
2189.00009  
1309.00005  
2521.0001   
2921.00012  
2942.00012  
8534.00034  
42813.00173 
76840.0031  
35870.00145 
14464.00058 
7886.00032  
7519.25407  
5657.06924  
3096.68923  
2287.25956  
5497.16963  
5238.94667  
20115.56888 
76055.60131 
164601.24874
75116.06699 
21877.44402 
8849.10233  
8889.14953  
4349.49851  
3396.81524  
3418.90367  
3246.03775  
3717.57755  
6029.17899  
78864.31182 
116053.53248
46400.09286 
13382.70297 
7107.67023  
3881.01452  
3142.01469  
3272.35199  
4106.25762  
3163.52667  
3845.58303  
13982.7879  
38777.24457 
48096.99415 
10896.45128 
5159.0793   
4661.77291  
5749.18374  
3457.66808  
2206.79965  
4700.1695   
3801.76149  
3727.50425  
10876.0709  
96542.77839 
140668.31269
48199.22371 
10881.30028 
8575.14235  
506.29762   
1154.47519  
1305.10116  
3862.82733  
3412.89298  
3740.383    
15697.16979 
94185.93408 
83678.07195 
23244.01685 
9236.77328  
7733.42891  
7299.0003   
3513.00014  
2125.00009  
2955.00012  
3424.00014  
3504.00014  
15129.00062 
46235.00191 
139073.00573
61959.00255 
17050.0007  
8032.00033  
2096.00022  
1693.00018  
2699.00029  
2605.00028  
1845.0002   
4175.00044  
13755.00146 
49556.00525 
48625.00515 
21837.00231 
6383.00068  
6298.00067  
11925.50193 
5967.14216  
3239.72395  
3376.33882  
2703.0227   
3060.17299  
15322.33298 
63464.43575 
104882.15967
38229.71846 
13950.3294  
3536.37337  
3235.99996  
3498.99996  
2898.99997  
2732.99997  
3426.99996  
4794.99995  
13834.99984 
85285.99904 
128121.99855
45956.99948 
15516.99982 
10731.99988 
3067.00006  
2483.00005  
2586.00005  
3245.00006  
2500.00005  
3039.00006  
11050.00022 
30644.00061 
38009.00075 
8611.00017  
4077.00008  
3684.00007  
2231.00012  
3924.00021  
3459.00019  
3883.00021  
3730.0002   
3631.0002   
13209.00071 
92468.005   
100685.00544
23125.00125 
11911.00064 
2340.00013  
7472.80085  
3883.31739  
4540.60443  
4024.60339  
3706.19798  
4218.10378  
15800.48438 
53619.06096 
166683.69469
80488.99633 
15482.07897 
4625.5808   
2096.00022  
1693.00018  
2699.00029  
2605.00028  
1845.0002   
4175.00044  
13755.00146 
49556.00525 
48625.00515 
21837.00231 
6383.00068  
6298.00067  
