NaN        
973.70292  
849.46041  
662.7829   
650.00872  
603.34226  
998.46197  
1588.49001 
1265.71349 
366.17899  
73.11445   
125.95017  
411.42426  
2399.65016 
2068.8022  
1701.5035  
1434.21436 
1104.49709 
1634.61447 
3593.81177 
8806.90213 
6152.28148 
2049.68611 
3648.43968 
2409.23116 
640.96593  
627.80631  
508.23584  
436.50006  
613.42109  
1080.41289 
1624.64589 
1085.19386 
697.85063  
150.89325  
944.96002  
1667.80881 
885.1021   
777.13735  
671.10078  
756.97322  
683.2129   
990.05405  
1595.54064 
1728.00411 
431.80306  
530.79466  
629.81573  
504.12402  
1109.9077  
948.06051  
1234.03581 
1034.75869 
968.66686  
2028.63846 
7981.80552 
6723.52259 
1901.6193  
1449.58514 
2003.24263 
1897.06691 
670.37048  
656.60716  
531.55135  
456.52466  
641.56201  
1129.97723 
1699.17712 
1134.97753 
729.86478  
157.81553  
988.31041  
1744.32015 
1551.67943 
1326.2184  
985.06228  
1022.2731  
885.60297  
1308.53326 
1876.80619 
5309.5773  
3512.32288 
2018.84734 
3658.65876 
3557.44738 
1955.77371 
1594.16958 
1185.54304 
1106.87205 
1040.90356 
2557.41742 
7297.21818 
10133.4951 
3093.65965 
1449.24105 
1214.72918 
1348.68551 
1002.01607 
885.86899  
761.22811  
556.10783  
505.63913  
970.11155  
2248.58106 
4970.28558 
1928.51232 
641.8288   
1557.38617 
707.8327   
1064.78492 
1084.84015 
877.09933  
872.61325  
878.13848  
1758.24328 
5789.94874 
5297.29755 
1780.6361  
2506.37002 
2788.50952 
1440.25282 
908.23034  
925.33687  
748.14003  
744.31354  
749.0264   
1499.73    
4938.65665 
4518.43961 
1518.83043 
2137.86019 
2378.51693 
1228.49346 
961.96627  
844.62563  
729.38061  
822.7104   
742.54457  
1076.03247 
1734.10081 
1878.0677  
469.30177  
576.89001  
684.51027  
547.90323  
1324.05906 
1278.30236 
1017.00963 
1024.19511 
1180.88796 
2601.92583 
14660.72558
23910.19569
5025.9379  
1562.49346 
1504.65854 
1282.19007 
1616.53168 
1517.59508 
927.75938  
810.06129  
958.75245  
1716.58532 
2884.74724 
3700.6067  
2706.45969 
901.13735  
1092.1471  
1738.02053 
1568.91819 
1030.83887 
506.33505  
654.3778   
829.39261  
1292.22815 
3645.44925 
20331.27479
4314.57996 
995.98037  
768.78896  
552.18277  
1312.37835 
1267.02531 
1008.03768 
1015.15977 
1170.47029 
2578.97192 
14531.39021
23699.26247
4981.5996  
1548.70931 
1491.3846  
1270.87872 
1494.23649 
1393.80231 
1191.16338 
781.48216  
1064.77551 
2370.88382 
8259.20188 
5740.56959 
2443.1909  
1138.9405  
1084.29555 
821.564    
866.44855  
760.75916  
656.95731  
741.01999  
668.81417  
969.18864  
1561.91457 
1691.58638 
422.7028   
519.60815  
616.54234  
493.49959  
1909.99752 
1342.57022 
1093.87802 
803.38415  
763.70156  
1567.25739 
2855.63309 
2828.72906 
831.27852  
698.65299  
1187.60463 
932.9631   
1395.90625 
1347.66666 
1072.19545 
1079.77083 
1244.96628 
2743.11369 
15456.25802
25207.63054
5298.6595  
1647.27877 
1586.30557 
1351.76533 
1564.48113 
1468.73017 
897.88655  
783.9782   
927.88167  
1661.31315 
2791.86153 
3581.45121 
2619.31465 
872.12171  
1056.98116 
1682.05816 
866.44855  
760.75916  
656.95731  
741.01999  
668.81417  
969.18864  
1561.91457 
1691.58638 
422.7028   
519.60815  
616.54234  
493.49959  
668.21197  
654.49296  
529.83982  
455.0547   
639.49626  
1126.33884 
1693.70598 
1131.32304 
727.5147   
157.30739  
985.12817  
1738.70365 
1660.89606 
1468.81138 
1082.27694 
902.46455  
999.35717  
1826.29113 
3626.82245 
6614.00101 
3153.82055 
1091.06491 
1757.8281  
1182.68327 
989.35467  
868.6732   
750.147    
846.13401  
763.68576  
1106.66848 
1783.47287 
1931.53868 
482.66338  
593.3148   
703.99915  
563.50273  
