NaN      
3403.863 
2782.685 
2767.597 
2300.438 
2703.545 
6934.504 
13398.744
13904.684
4715.853 
1039.713 
1353.575 
1989.707 
5318.14  
3954.057 
3387.185 
3252.89  
3919.83  
8670.708 
20197.156
51128.622
32387.684
6326.907 
6272.863 
5762.816 
3415.709 
2452.321 
2456.575 
1714.503 
2988.903 
7409.504 
17739.554
22481.926
8124.282 
1962.064 
3838.848 
4742.295 
1927.246 
2288.175 
2021.781 
1888.107 
2828.897 
6039.632 
15023.656
16702.376
4886.389 
1598.84  
1170.576 
1805.346 
2853.93  
3138.37  
3138.153 
2725.685 
3640.527 
9279.459 
22653.033
28976.108
23149.364
5692.399 
4050.232 
4741.202 
3572.406 
2564.822 
2569.271 
1793.157 
3126.02  
7749.417 
18553.362
23513.293
8496.986 
2052.075 
4014.957 
4959.849 
2810.403 
3757.44  
3351.322 
3452.395 
4053.431 
10693.918
17614.389
38357.341
35152.008
17801.669
10789.004
7643.647 
6661.363 
4974.538 
4759.548 
4523.145 
5565.863 
18652.095
44813.304
43424.678
36858.858
12748.011
5539.308 
5473.558 
2349.859 
2521.895 
2571.559 
2267.667 
3290.872 
7315.662 
27469.828
66951.631
20149.216
3303.384 
3492.428 
1931.629 
4184.481 
5173.028 
3782.27  
3039.415 
4052.238 
12647.913
17352.57 
20915.137
9013.887 
4375.906 
3293.448 
3094.853 
3569.24  
4412.442 
3226.166 
2592.532 
3456.44  
10788.299
14801.234
17839.999
7688.581 
3732.52  
2809.215 
2639.819 
2094.612 
2486.885 
2197.357 
2052.075 
3074.565 
6564.126 
16328.342
18152.847
5310.733 
1737.687 
1272.232 
1962.127 
5262.973 
4578.693 
3796.884 
3378.896 
4150.769 
8029.391 
23673.105
36143.346
13256.069
3524.761 
3260.791 
3240.123 
4389.899 
3380.575 
3040.233 
2798.739 
4074.984 
15901.982
24669.518
35570.242
26237.823
4744.638 
3698.312 
4841.812 
5516.755 
4488.389 
4396.602 
4226.266 
4834.683 
8912.982 
17831.566
73220.99 
21607.526
3260.318 
3091.679 
2519.402 
5216.544 
4538.3   
3763.388 
3349.088 
4114.151 
7958.556 
23464.263
35824.493
13139.125
3493.666 
3232.024 
3211.539 
4252.044 
3507.566 
3289.356 
3310.283 
4257.419 
8716.433 
24682.354
46883.663
16161.702
5181.597 
4374.556 
4222.172 
1886.629 
2239.951 
1979.172 
1848.315 
2769.278 
5912.346 
14707.032
16350.373
4783.408 
1565.145 
1145.906 
1767.299 
4403.408 
4009.408 
4418.8   
3334.925 
3195.497 
11654.767
17059.886
27353.36 
9889.089 
3236.279 
2210.804 
2817.457 
5548.557 
4827.145 
4002.914 
3562.244 
4376.001 
8465.088 
24957.675
38104.586
13975.381
3716.025 
3437.731 
3415.941 
4248.549 
3271.724 
2942.34  
2708.623 
3943.774 
15389.956
23875.187
34424.919
25392.994
4591.866 
3579.23  
4685.911 
1886.629 
2239.951 
1979.172 
1848.315 
2769.278 
5912.346 
14707.032
16350.373
4783.408 
1565.145 
1145.906 
1767.299 
3560.903 
2556.564 
2560.999 
1787.383 
3115.955 
7724.465 
18493.623
23437.583
8469.627 
2045.467 
4002.029 
4943.879 
4517.796 
4853.447 
3494.388 
3221.07  
4278.397 
9224.827 
18479.746
27452.071
29040.668
7865.839 
6137.941 
5496.905 
2154.248 
2557.69  
2259.919 
2110.5   
3162.101 
6751.015 
16793.231
18669.681
5461.937 
1787.161 
1308.454 
2017.991 
