NaN      
52635.45 
51168.77 
60171.89 
46638.4  
48662.91 
133593.72
208645.37
284385.4 
98482.81 
34850.94 
49275.4  
33789.35 
90808.02 
71443.5  
87189.84 
56795.06 
65870.46 
142612.11
322217.72
622401.97
368384.65
155660.77
119027.21
110461.03
44467.71 
51954.99 
38007.84 
33120.84 
44057.06 
106343.41
214837.97
328258.99
102871.52
32976.45 
60902.24 
50158.6  
36717.23 
49339.35 
43005.42 
42339.32 
42112.46 
91958.1  
221871.64
289568.58
80836.56 
36700.16 
38332.5  
35627.28 
52485.7  
71061.54 
57081.51 
42193.58 
55467.34 
116988.69
248719.65
333745.91
254831.27
115339.65
77422.89 
61103.79 
47152.52 
55091.85 
40302.62 
35120.56 
46717.07 
112764.06
227809.14
348078.13
109082.55
34967.45 
64579.3  
53187.01 
60059.93 
53195.88 
64002.76 
54348.53 
55364.47 
159504.42
218415.9 
531241.88
367763.05
209229.23
172995.38
102989.54
85301.64 
76769.92 
53000.42 
53785.49 
63209.01 
197886.32
479963.45
550489.89
385331.82
127968.96
94724.71 
85760.41 
39820.48 
53741.79 
51788.26 
46168.71 
48899.63 
138138.19
366265.31
894113.74
291191.22
56627.28 
66785.67 
39182.59 
42527.05 
74082.91 
57300.7  
45044.75 
54794.12 
158442.25
270079.86
362270.43
139767.97
57176.38 
57261.76 
58208.24 
34530.25 
60152.34 
46525.86 
36574.53 
44490.62 
128648.72
219293.97
294148.99
113485.96
46424.92 
46494.24 
47262.74 
48705.92 
65449.33 
57047.28 
56163.69 
55862.76 
121983.69
294315.8 
384116.72
107230.81
48683.26 
50848.59 
47260.07 
83804.6  
84715.22 
64771.3  
38876.54 
44023.47 
99238.92 
331041.55
442758.26
157397.69
61023.48 
56002.08 
30341.69 
70105.86 
66941.49 
59180.96 
52211.09 
60578.61 
188342.69
333863.45
504004.7 
316158.44
68699.31 
73588.33 
83670.74 
68673.86 
70895.01 
58840.45 
47450.67 
59357.97 
134241.99
233163.41
997268.46
312869.08
55279.61 
56339.26 
43805.25 
75924.18 
76749.17 
58680.64 
35220.85 
39883.8  
89907.16 
299912.63
401124.26
142597.07
55285.24 
50736.02 
27488.56 
49663.76 
106155.05
57036.8  
56391.34 
61563.08 
158102.66
344499.53
631171.47
238022.42
112222.41
107472.16
86575.46 
28986.56 
38951.14 
33950.8  
33424.94 
33245.84 
72596.68 
175157.44
228601.05
63816.74 
28973.08 
30261.74 
28126.09 
79502.2  
67640.58 
55592.14 
47519.04 
48845.31 
143159.17
255328.13
402040.71
115880.15
44453.66 
51825.7  
40428.95 
95412.31 
96449.05 
73742.72 
44261.3  
50121.13 
112984.42
376893.85
504084.37
179198.72
69475.79 
63758.88 
34544.29 
69504.79 
66367.55 
58673.56 
51763.45 
60059.23 
186727.89
331001   
499683.51
313447.79
68110.3  
72957.41 
82953.37 
27607.51 
37098.02 
32335.56 
31834.73 
31664.15 
69142.85 
166824.2 
217725.2 
60780.61 
27594.67 
28822.02 
26787.98 
50450.03 
58944.58 
43121.1  
37576.64 
49984.13 
120649.98
243740.5 
372420.24
116711.01
37412.82 
69095.52 
56906.53 
79010.95 
82319.38 
63592.73 
51104.56 
66884.12 
149494.73
283255.57
423261.18
448601.54
111239.44
132437.65
80648    
45991.23 
61801.42 
53867.68 
53033.34 
52749.17 
115184.77
277911.72
362707.47
101254.16
45969.84 
48014.48 
44625.97 
