NaN      
405616.5 
558498.2 
470103.5 
464901.7 
501720   
1182601.6
2126607.8
1688691.7
892403.3 
441236.6 
425231.5 
712810.5 
560650.4 
475087.1 
270284.7 
340866.4 
503194.7 
1103452.8
2149012  
3206989.4
1913146.2
641335.6 
666826   
682359.9 
335945.3 
308504.5 
236144.4 
138777.6 
300123.9 
739934.4 
1086170.9
1532461.2
640111.4 
255221.4 
315471.8 
369605.8 
361619.6 
551717.9 
443081.1 
410720.8 
518877.1 
938142.3 
1779909.6
2787981.3
911647   
659677.9 
575636   
512484.1 
287457.7 
351559.8 
263990.8 
286199.9 
338788.4 
854412.1 
1526223  
1729768.1
1424239.6
575022   
459166.1 
453318.4 
495645.1 
455159.7 
348401.4 
204749   
442795.1 
1091680.4
1602509  
2260954.4
944404.1 
376547.2 
465439.1 
545307   
547432.4 
402257.8 
326725   
273524.7 
429946.3 
1188087.9
2034516.7
3655849  
1979135.1
1038775.1
970468.6 
755533.3 
626425.4 
560346.8 
443382.5 
490618.6 
609231   
1286983.6
3172227.6
3460845  
2501073.8
960776.4 
702839.5 
565707.5 
256855.9 
356068.4 
434719   
492655.8 
427047.7 
1244850.8
2663030.1
4493528.1
2317939.6
607496.3 
611950.5 
310227   
361082.4 
451738.3 
365611   
314261.2 
406220.9 
1532468  
2533722.1
2721920.1
978520.5 
457862.8 
342464.4 
415434.3 
201696.7 
252336.1 
204226.4 
175542.9 
226910.6 
856020.2 
1415310  
1520435.4
546591.1 
255757.2 
191296.9 
232057.2 
256466.9 
391287.9 
314240.9 
291290.4 
367996.7 
665346.9 
1262342.9
1977285  
646556   
467855.1 
408251.1 
363462.6 
643619.7 
582709.1 
381778.5 
254548.5 
477227.4 
1193443.5
2795894.6
2866307.4
962315   
341307.9 
410832.8 
286764.3 
501478.4 
463317.4 
398346.2 
393238.7 
459316.5 
1335727.6
1498949  
2137149.3
1665693.4
431466.4 
415117.3 
397246.8 
759442.1 
957646.4 
574445.3 
447769.6 
720799.5 
1470020.4
3775322.2
6463012.3
2634139.9
607502.2 
518485.1 
402056   
646867   
585649.2 
383704.7 
255832.8 
479635.3 
1199465  
2810001.3
2880769.3
967170.4 
343029.9 
412905.7 
288211.2 
290596.3 
560984.7 
364461.4 
313658.4 
559274.6 
1288504  
2604646.2
3135495.2
1060818.3
508836   
555715.5 
447399.2 
215248.8 
328402.1 
263737.6 
244475.6 
308854.1 
558415.6 
1059465.3
1659505.3
542644.6 
392663.7 
342639   
305048.7 
482279.7 
358694.1 
342706.9 
254805.5 
278791.5 
1113956.1
1628876.9
1897029.5
601509.9 
268757.4 
246834.1 
183855.7 
697310.5 
631318.8 
413626.5 
275783   
517037.8 
1293000.8
3029128.6
3105415.3
1042591.5
369779.8 
445104.5 
310686.2 
532987.2 
492428.6 
423375   
417946.6 
488176.2 
1419653.9
1593130.9
2271430.5
1770352.1
458576.2 
441199.9 
422206.5 
280182.1 
427470   
343298.4 
318225.7 
402025   
726870.8 
1379070.5
2160122.5
706342.4 
511117.2 
446001.7 
397071.7 
919703.4 
844580   
646482.6 
379925.6 
821636.5 
2025687.4
2973564.8
4195355.1
1752406.2
698709   
863653.9 
1011854.3
359221.4 
519860.4 
369158.8 
498101   
710574.3 
1523231.7
1967446.5
4107740.6
3917122.2
1108236.6
1531655.8
523326.6 
261867.3 
399527.3 
320857.8 
297424.1 
375745.6 
679357.1 
1288924  
2018920.6
660170.5 
477706.7 
416847.6 
371116.1 
