NaN       
608.1359  
596.7195  
407.3303  
401.5984  
324.1466  
552.7968  
3958.704  
6263.6713 
3692.1442 
680.804   
304.1012  
398.6093  
972.1826  
708.5691  
478.4926  
408.1696  
384.8831  
677.9633  
2856.5408 
12342.7966
12578.2426
2387.8595 
1205.8325 
1057.7406 
589.6277  
359.6451  
259.4552  
159.0147  
274.1908  
626.2973  
3869.4805 
11961.6319
5683.7118 
1168.9476 
1106.6456 
1068.3867 
362.7949  
308.3372  
226.484   
213.1276  
209.0478  
422.8655  
3223.0547 
7725.8739 
3629.2349 
1083.276  
374.6696  
508.9163  
433.851   
484.5356  
416.7684  
307.9272  
307.6614  
679.7641  
4790.0669 
10959.3422
13108.5928
2787.5931 
1094.5172 
976.9764  
616.6771  
376.1439  
271.3578  
166.3095  
286.7694  
655.0289  
4046.9943 
12510.3762
5944.4542 
1222.5735 
1157.4133 
1117.3994 
714.1911  
646.6796  
532.3278  
455.2315  
508.8946  
927.6165  
3335.1132 
10652.2749
12755.5536
5451.8709 
2575.9221 
1391.0807 
1194.3265 
955.7404  
732.3111  
537.4469  
535.1211  
1088.1431 
7950.3459 
13170.4241
15309.555 
4465.8885 
1591.7128 
1064.9508 
532.845   
399.8118  
354.6975  
319.2883  
316.3839  
692.1403  
3915.9343 
18348.5742
10172.7407
1795.3946 
898.8495  
387.8826  
612.8057  
551.4355  
398.0131  
336.6127  
295.4093  
1072.8308 
4749.7856 
10211.8287
6020.7663 
1560.1121 
635.5119  
604.0387  
522.7053  
470.3583  
339.4935  
287.1208  
251.9755  
915.0932  
4051.4279 
8710.3907 
5135.5373 
1330.7299 
542.073   
515.2273  
394.3008  
335.1139  
246.1523  
231.6361  
227.2019  
459.5881  
3502.9517 
8396.8053 
3944.4055 
1177.35   
407.2067  
553.1117  
779.899   
700.6917  
403.9511  
336.2389  
326.9286  
720.4813  
5790.1381 
14447.4194
5759.6069 
1122.6159 
550.7482  
415.1921  
802.9811  
703.3101  
458.7125  
419.3909  
448.3903  
1131.8324 
4446.9601 
11012.2291
12045.5284
1957.8079 
996.594   
967.7145  
1018.7647 
873.6978  
414.4697  
348.1686  
480.5153  
835.1382  
3155.5543 
23490.269 
10085.2653
1688.3183 
680.3205  
476.52    
773.0188  
694.5102  
400.3874  
333.2727  
324.0445  
714.1253  
5739.0581 
14319.9658
5708.7962 
1112.7123 
545.8896  
411.5294  
511.6457  
555.8214  
365.9292  
286.3524  
286.9694  
635.4035  
5908.4698 
14578.901 
5989.2459 
1846.8975 
870.1047  
628.2867  
355.149   
301.839   
221.7108  
208.636   
204.6421  
413.9536  
3155.1287 
7563.0509 
3552.7487 
1060.4459 
366.7734  
498.1909  
1083.7901 
671.3769  
546.961   
413.8524  
394.2023  
832.4163  
3036.0855 
7662.9807 
4435.6115 
1358.982  
608.4396  
493.2125  
822.2185  
738.7132  
425.8706  
354.4842  
344.6687  
759.5766  
6104.3273 
15231.3772
6072.1394 
1183.5323 
580.6334  
437.7216  
777.126   
680.6643  
443.9424  
405.887   
433.9526  
1095.3886 
4303.7728 
10657.6474
11657.6755
1894.7687 
964.5048  
936.5552  
355.149   
301.839   
221.7108  
208.636   
204.6421  
413.9536  
3155.1287 
7563.0509 
3552.7487 
1060.4459 
366.7734  
498.1909  
614.6915  
374.9328  
270.4841  
165.7741  
285.846   
652.9198  
4033.9635 
12470.0943
5925.3138 
1218.637  
1153.6866 
1113.8015 
971.9955  
816.1455  
526.3979  
559.3426  
595.9335  
1108.2988 
3456.1805 
8839.9142 
14408.38  
3632.4684 
2032.3776 
952.9009  
405.527   
344.655   
253.1606  
238.2311  
233.6707  
472.6731  
3602.6851 
8635.8731 
4056.7077 
1210.8707 
418.8004  
568.8595  
