NaN       
1099.4757 
974.3216  
538.3125  
618.1115  
614.964   
1201.8316 
5736.4292 
9373.5561 
5688.6191 
1180.6071 
700.911   
807.9671  
1383.1284 
1301.8142 
953.1884  
541.5694  
545.688   
1467.3346 
7855.3252 
22175.7721
21369.9252
4359.5134 
2760.8082 
1968.6472 
1066.2195 
674.8471  
358.426   
343.6387  
535.0388  
1573.026  
8500.9636 
19421.6883
10261.0137
2414.4762 
2393.2835 
2467.8331 
701.2073  
607.3046  
636.924   
467.0941  
985.551   
1194.5027 
6089.0039 
14026.504 
5841.8672 
2106.7208 
913.6183  
853.0927  
904.7223  
518.5376  
479.0026  
377.1969  
467.2298  
1699.5833 
14946.3376
18550.6023
18761.6591
4446.4501 
1930.8902 
1620.4911 
1115.1327 
705.8059  
374.8689  
359.4032  
559.5839  
1645.1892 
8890.9484 
20312.6653
10731.7415
2525.2412 
2503.0762 
2581.0459 
1261.2012 
1279.8787 
1018.7817 
836.6837  
786.8629  
1546.2977 
5742.1967 
18166.344 
20665.0911
8720.762  
4703.4465 
3065.5977 
2123.1786 
1568.2975 
1462.3066 
795.1617  
861.7465  
1931.1592 
18242.6866
23952.6003
23072.4359
6486.1033 
2835.1653 
2084.3149 
607.0943  
703.0098  
632.0923  
443.2822  
512.6163  
919.2437  
7380.6208 
29192.1748
17037.7667
3098.7865 
1981.277  
1018.3261 
1153.5823 
1292.8584 
718.7462  
782.7953  
758.2021  
2030.4191 
10860.3206
16354.3915
11071.3235
3247.3423 
1581.5517 
1113.8698 
983.9719  
1102.7703 
613.0695  
667.7015  
646.7242  
1731.888  
9263.5353 
13949.8168
9443.5146 
2769.8878 
1349.0172 
950.0983  
762.1017  
660.0443  
692.2358  
507.6575  
1071.1383 
1298.2359 
6617.7861 
15244.5957
6349.1875 
2289.673  
992.9588  
927.1771  
1205.0697 
1252.3451 
690.144   
569.4926  
690.1706  
866.3545  
17333.8331
24913.7931
8940.5705 
2018.2218 
1162.6672 
832.1295  
1380.4079 
814.3715  
916.9814  
1234.4167 
624.5515  
2510.4363 
10328.6587
16277.8721
18452.1222
3262.7724 
1926.4715 
2030.8114 
1915.9148 
1230.6216 
741.0025  
613.4794  
829.8893  
1358.4878 
8989.8776 
39210.0289
16049.6432
2838.7372 
1435.3166 
901.0573  
1194.4387 
1241.297  
684.0556  
564.4686  
684.082   
858.7117  
17180.9159
24694.0062
8861.6978 
2000.4172 
1152.4103 
824.7886  
839.8334  
602.575   
425.3327  
355.0223  
596.025   
2086.3269 
18489.2683
21594.6164
9322.8877 
3100.2547 
1690.6356 
1084.8834 
686.4294  
594.5057  
623.5008  
457.25    
964.7804  
1169.3285 
5960.678  
13730.8951
5718.7497 
2062.3216 
894.3637  
835.1137  
1754.6571 
1163.9335 
838.7489  
814.636   
734.8633  
1060.8714 
6863.9914 
12286.5197
6753.5066 
2237.5312 
1264.2065 
1008.9671 
1270.4602 
1320.3008 
727.5932  
600.3949  
727.6212  
913.3654  
18274.4159
26265.6859
9425.7112 
2127.7362 
1225.7568 
877.2832  
1335.9603 
788.1496  
887.4556  
1194.6698 
604.4416  
2429.603  
9996.0871 
15753.7424
17857.984 
3157.7147 
1864.4413 
1965.4215 
686.4294  
594.5057  
623.5008  
457.25    
964.7804  
1169.3285 
5960.678  
13730.8951
5718.7497 
2062.3216 
894.3637  
835.1137  
1111.5421 
703.5333  
373.6619  
358.246   
557.7821  
1639.8918 
8862.3206 
20247.2611
10697.1866
2517.1102 
2495.0166 
2572.7352 
1681.9206 
1643.5845 
1008.3781 
1114.1114 
807.4633  
2408.4238 
7975.5398 
14951.8689
21499.8073
5458.6943 
3331.7287 
1833.5846 
783.7997  
678.8366  
711.9447  
522.1112  
1101.635  
1335.1983 
6806.2029 
15678.6288
6529.957  
2354.8629 
1021.2296 
953.575   
