NaN         
2129.46027  
2250.28574  
2120.36291  
2643.13588  
2584.40675  
6877.11746  
29634.30693 
40572.02457 
16298.84567 
2315.08962  
2067.23594  
2308.73919  
4295.69259  
4379.60726  
2326.70973  
2762.64684  
2770.34989  
11360.36102 
27499.74978 
109657.49724
77172.36124 
12584.39648 
10221.44772 
5528.62473  
2533.72947  
957.66288   
810.90369   
2064.47181  
2722.24787  
8081.52483  
31011.41324 
86273.72717 
33167.15541 
5520.16712  
10702.37409 
6885.79015  
1463.93477  
1543.52324  
2225.77382  
2134.38126  
1917.80792  
9502.5192   
37101.40953 
65992.26332 
20972.3205  
5905.035    
3255.47261  
3970.11511  
1877.99384  
2135.51872  
2624.45779  
1912.97683  
3027.23039  
11817.22373 
49895.70686 
66154.70625 
65070.27175 
12854.74002 
6649.13352  
4911.84366  
2649.96524  
1001.59602  
848.10419   
2159.18021  
2847.13198  
8452.26775  
32434.07319 
90231.56603 
34688.71082 
5773.40681  
11193.34943 
7201.6783   
5269.59513  
4655.26722  
4118.33829  
4418.76533  
3809.51276  
11478.32498 
31389.33141 
67595.91806 
67496.23894 
30710.42884 
18157.27926 
12016.41701 
7200.70718  
4523.83253  
2475.50889  
3419.86026  
5029.33135  
11267.82249 
57650.27014 
86978.78462 
84737.20917 
23669.02331 
12283.84239 
7152.23335  
1728.59724  
3969.08737  
3165.04215  
3529.65019  
4303.3462   
9170.74595  
39534.83134 
136632.30785
48185.43231 
6938.69469  
6740.28208  
1636.62661  
1732.23264  
3034.6067   
2723.22475  
2879.67729  
3342.34949  
16924.7294  
37787.40127 
59835.16657 
26138.52116 
8480.24864  
5713.54838  
5922.46184  
1477.54369  
2588.43061  
2322.83093  
2456.28036  
2850.9262   
14436.29834 
32231.54623 
51037.6441  
22295.39277 
7233.40365  
4873.48938  
5051.68644  
1591.066    
1677.56611  
2419.0648   
2319.73551  
2084.35448  
10327.73836 
40323.37555 
71723.17308 
22793.60182 
6417.84091  
3538.18484  
4314.88843  
6544.70263  
4477.13289  
1586.96437  
1715.24514  
2544.53362  
8502.31158  
41495.00876 
81583.63434 
27961.03457 
5533.02244  
4436.06381  
2103.04361  
4936.93139  
2682.05405  
2642.68074  
2881.32994  
4599.24969  
14309.80186 
42303.92669 
88241.89518 
60333.90727 
8500.39084  
7150.3881   
9707.71839  
5792.99553  
3391.88037  
3323.25421  
2390.6411   
4415.20188  
12065.70707 
22378.61163 
149988.95146
51436.6549  
6502.3957   
4511.1473   
1680.84065  
6486.96596  
4437.6361   
1572.96434  
1700.11343  
2522.08602  
8427.30509  
41128.94418 
80863.91215 
27714.36528 
5484.2107   
4396.92933  
2084.49078  
1675.72679  
2758.96485  
2124.48111  
1990.27102  
2420.76951  
9106.10349  
46262.57851 
110778.55523
35876.47476 
9610.89155  
6438.88025  
3027.64929  
1433.0823   
1510.99344  
2178.86558  
2089.39911  
1877.39006  
9302.25334  
36319.49627 
64601.47449 
20530.32825 
5780.58622  
3186.86343  
3886.44483  
6210.83017  
4697.4525   
3008.32226  
2600.89584  
3430.65666  
8820.34775  
29450.76873 
69345.35925 
26763.44812 
6478.87904  
5137.1177   
2657.10086  
6899.83671  
4720.07478  
1673.07754  
1808.31919  
2682.60722  
8963.67106  
43746.6453  
86010.59309 
29478.27939 
5833.25988  
4676.77718  
2217.1607   
4777.96758  
2595.69484  
2557.5893   
2788.55426  
4451.15887  
13849.04185 
40941.78641 
85400.60243 
58391.22128 
8226.68753  
6920.15341  
9395.14045  
1433.0823   
1510.99344  
2178.86558  
2089.39911  
1877.39006  
9302.25334  
36319.49627 
64601.47449 
20530.32825 
5780.58622  
3186.86343  
3886.44483  
2641.43268  
998.371     
845.3734    
2152.22791  
2837.96457  
8425.05248  
32329.63945 
89941.03145 
34577.01742 
5754.81715  
11157.30822 
7178.48977  
6232.9566   
5262.23118  
4634.14735  
3382.831    
5463.90736  
10574.17682 
24393.97707 
63230.47867 
86149.54759 
16403.27283 
12810.09489 
5198.50182  
1636.36568  
1725.32855  
2487.93865  
2385.78133  
2143.6987   
10621.78221 
41471.43337 
73765.2231  
23442.56467 
6600.56501  
3638.92146  
4437.7388   
