NaN       
2163.9699 
1876.3599 
1495.5399 
1396.36   
1051.24   
2372.2299 
9352.0697 
19029.4193
8427.7697 
5014.2198 
6472.0698 
3016.8599 
1658.9582 
1572.8827 
1353.7733 
1302.9092 
1488.7601 
1997.4016 
4511.2759 
7048.6343 
6363.9163 
3969.376  
2404.3246 
1531.8028 
1707.7699 
1291.2399 
904.4599  
743.7999  
825.1199  
1186.1199 
1927.9299 
4068.0997 
10028.4293
5623.1396 
2584.4598 
1547.1099 
576.3534  
494.5385  
400.3499  
322.5183  
404.6231  
573.7003  
593.305   
566.7666  
811.1635  
261.4971  
1242.3249 
1848.4495 
900.0831  
803.7724  
794.3957  
471.1799  
340.6027  
744.9598  
1181.3661 
1682.5496 
1885.4071 
1805.2886 
1803.5783 
1960.4119 
626.58    
614.88    
461.75    
351.07    
360.6     
939.7701  
3526.6103 
10621.4908
16294.2112
5107.4404 
3127.9302 
2035.0402 
1971.5701 
1332.8901 
1205.9501 
1084.9601 
1148.4301 
1424.1301 
4105.7902 
4677.0302 
6775.5403 
4343.8002 
2284.9601 
1618.5101 
1435.4666 
1248.6969 
888.9864  
337.8826  
569.1545  
885.6218  
1439.6671 
2568.7391 
3389.311  
2184.6826 
946.4923  
1099.6895 
1501.2374 
1124.043  
834.8944  
812.7004  
628.5277  
747.6073  
737.4493  
2983.6667 
4392.723  
3764.3849 
5175.3191 
4242.2208 
1500.4668 
1123.466  
834.4658  
812.2832  
628.2051  
747.2236  
737.0707  
2982.1352 
4390.4681 
3762.4526 
5172.6625 
4240.0432 
1707.7699 
1291.2399 
904.4599  
743.7999  
825.1199  
1186.1199 
1927.9299 
4068.0997 
10028.4293
5623.1396 
2584.4598 
1547.1099 
1591.7478 
1379.5194 
1039.5537 
1039.5537 
937.3678  
1540.6549 
4625.8979 
31998.0932
14822.9181
7850.6682 
3560.8027 
1931.7136 
7041.3202 
4589.7501 
2011.24   
1539.17   
960       
1640.33   
3143.8001 
9560.3302 
6279.6701 
4603.6401 
4034.3801 
2277.03   
2144.1299 
1810.9099 
1132.56   
687.87    
678.35    
2971.2399 
3913.3898 
8447.5997 
4893.2198 
3114.0499 
1453.8799 
958.02    
1207.2093 
1199.3486 
896.5575  
701.9132  
821.846   
1777.3936 
2074.2768 
3503.6678 
4868.1608 
3157.6279 
2962.9736 
2080.1748 
2163.9699 
1876.3599 
1495.5399 
1396.36   
1051.24   
2372.2299 
9352.0697 
19029.4193
8427.7697 
5014.2198 
6472.0698 
3016.8599 
1287.27   
983.8     
767.6     
706.12    
585.12    
779.5     
852.89    
971.9     
625.79    
186.29    
243.45    
670.41    
1080.6827 
903.3534  
577.7528  
528.396   
504.9166  
709.7088  
1068.7323 
2073.7894 
4885.9345 
4342.6081 
3337.561  
2304.6498 
2639.5975 
1884.8384 
1401.706  
1227.5316 
1030.5466 
2038.272  
3999.8324 
7943.6731 
5397.3882 
3769.6663 
2396.9912 
2243.5575 
1355.6939 
1210.0018 
978.2932  
912.9305  
820.1642  
1321.9656 
2993.9176 
3917.3928 
2930.6702 
6150.1842 
5190.8652 
2260.195  
948.1     
967.9299  
779.5     
680.33    
668.43    
900.5     
2017.1899 
18075.3691
30940.1684
10905.1194
3937.1898 
2649.9199 
623.0888  
611.454   
459.1772  
349.1139  
358.5908  
934.5338  
3506.9605 
10562.3093
16203.4221
5078.9824 
3110.5018 
2023.7012 
1108.5619 
989.4282  
799.9582  
746.5106  
670.6549  
1080.9819 
2448.1505 
3203.2837 
2396.4327 
5029.0552 
4244.6123 
1848.1797 
1681.98   
1594.71   
1372.56   
1320.99   
1509.42   
2025.12   
4573.8799 
7146.4499 
6452.2299 
4024.4599 
2437.69   
1553.06   
2455.5402 
1854.5501 
1525.2901 
1205.9501 
829.0901  
987.7701  
1493.5501 
5234.3804 
8138.1806 
4042.3103 
5458.5104 
3038.6802 
