NaN      
119303.87
92192.65 
77481.19 
65710.57 
44608.31 
71475.33 
125344.92
363122.77
440317.33
362418.09
179295.22
86057.44 
71261.98 
67885.51 
56829.09 
57505.41 
48493.3  
71317.23 
127631.67
382022.24
546023.62
339931.95
119143.42
65123.96 
66064.58 
58860.24 
46089.07 
47536.76 
45585.22 
56887.71 
84585.41 
266939.41
582874.64
434339.76
138534   
72283.97 
47047.12 
44643.1  
33972.66 
29604.5  
31576.31 
39567.62 
70940.75 
208380.06
183899.92
82721.38 
85332.78 
57785.29 
51035.57 
47091.5  
43866.84 
39936.68 
29717.62 
30677.65 
55745.7  
149257.57
283982.89
178189.48
74998.72 
57937.49 
65861.49 
55564.48 
56140.9  
40944.79 
43205.04 
60924.53 
100087.06
404761.77
710224.92
477623.6 
193242.87
86197.12 
97647.83 
92418.27 
78868.04 
57478.16 
66818.39 
110248.57
211574.14
540208.56
832757.83
537337.06
169297.37
120535.15
53230.54 
36593.17 
32677.82 
30744.31 
31003.64 
37316.7  
90247.25 
213253.64
471333.2 
162982.43
64749.49 
48171.2  
64576.63 
46452.32 
58137.63 
49368.11 
40325.46 
60312.08 
73294.48 
342715.8 
668123.49
533382.25
246331.2 
120577.77
55586.29 
39985.24 
50043.73 
42495.1  
34711.36 
51915.46 
63090.45 
295003.03
575107.58
459124.97
212037.06
103790.97
63349.66 
56441.38 
44195.03 
45583.23 
43711.89 
54549.9  
81109.37 
255969.52
558921.37
416490.54
132840.94
69313.46 
81721.93 
59598.42 
55168.77 
47447.39 
40891.27 
52113.51 
78267.16 
405385.36
626984.95
363847.02
149571.85
70790.79 
96567.14 
85011.02 
70088.73 
53025.84 
53114.13 
72331.25 
177691.08
507129.37
557049.07
302625.19
134379.33
64222.38 
114445.05
80444.67 
54763.55 
48716.41 
46025.87 
93790.79 
233911.23
437255.49
753336.69
249365.53
109306.99
66766.11 
48328.18 
33724.98 
39707.28 
37548.65 
35247.31 
58561.46 
116980.2 
276637.59
318060.04
194466.35
106695.1 
56638.15 
109382.69
84526.01 
71037.94 
60246.15 
40898.73 
65531.52 
114921.37
332925.87
403701.01
332279.79
164385.22
78901    
62841.96 
49615.24 
60692.24 
47041.71 
39357.47 
56091.69 
77745.74 
203718.26
198668.9 
98653.29 
77910.49 
43927.34 
64514.85 
51436.22 
40933.9  
42163.49 
36944.53 
60402.53 
110395.44
306326.97
519602.66
266644.14
109066.3 
87496.62 
97079.1  
70957.49 
50958.4  
51713.22 
48730.96 
79200    
170479.82
375897.1 
740971.21
345301.65
142766.41
106276.87
57666.28 
81585.6  
65642.44 
51602.3  
50332.48 
75555.97 
114299.77
294741.2 
320230.33
183822.66
102829.03
85945.81 
67418.14 
55117.28 
52768.41 
46412.69 
36422.15 
56257.33 
54300.28 
225641.03
819719.91
770032.97
314405.38
97465.81 
63179.99 
53302.21 
53855.16 
39277.75 
41445.98 
58444.03 
96012.08 
388282.17
681308.59
458177.48
185375.11
82687.66 
51776.16 
73252.32 
58937.62 
46331.55 
45191.44 
67838.56 
102625.01
264635.86
287521.49
165046.72
92325.91 
77167.17 
71574.26 
68182.99 
57078.13 
57757.41 
48705.81 
71629.76 
128190.98
383696.33
548416.41
341421.6 
119665.53
65409.35 
101709.83
64989.05 
82503.56 
53742.44 
49978.94 
56174.1  
112637.9 
418274.03
697169.37
413374.33
176554.71
134719.78
