NaN      
600137.8 
399149.6 
284888.8 
309322.6 
276589   
518020.2 
949104   
2425366.9
2231575.4
1488333.6
703331.5 
430222.9 
660170.4 
813279.9 
436913.7 
411287   
603132.1 
974556.5 
1629862.4
2933866.4
3660041  
1694784.9
1048095.5
636820.5 
404284.6 
480575.5 
299755.3 
339148.5 
356620.8 
618670.3 
882000.8 
2757207.1
4936038.2
3824120.7
996795.5 
526897.9 
476971   
385064.6 
294747.2 
173217.4 
318588.6 
494376.4 
656226.5 
1554121.2
1580560.6
783481.6 
587413.8 
575081.4 
378678   
442508.5 
443185.4 
355148.9 
343352.9 
430577.9 
720584.3 
1326498.4
2461914.4
1156426.6
529087.6 
615066.8 
391511.1 
561784   
459913.1 
439703.6 
464547.5 
950892.6 
2153741.8
4650716.2
5827035.9
2876202.8
1193278.6
449071.1 
857226.8 
620599.6 
551967.3 
404939.4 
661762.7 
1033026.7
2317145.2
4162300  
5928089.5
3067811.1
1194860.9
883349.6 
546328.9 
481638.8 
367981.4 
351122.8 
399552.6 
639398.8 
1286024.8
2266666.1
3828410.2
2051893.7
827600.3 
434082.6 
436775.1 
282150.2 
229170.3 
191854.7 
256476.6 
446084.3 
690749.7 
2083471.3
2746217.4
1791996.3
1015474.4
660614.4 
436504.7 
281975.6 
229028.4 
191736   
256317.9 
445808.2 
690322.1 
2082181.7
2744517.5
1790887.1
1014845.8
660205.5 
265137.5 
315170.5 
196585.2 
222420   
233878.6 
405735.7 
578432.8 
1808228.4
3237147.1
2507930.6
653717.3 
345549.6 
942679.1 
479900.8 
336933.4 
316902.1 
367344.3 
666288.4 
1075664.8
3422876.1
3625389.9
2005279.2
712692.4 
461969.7 
699248.4 
514344.9 
433418.6 
376943.7 
348086   
933422.7 
2415858.7
4122059.5
3629669.4
1598904.8
752545.1 
497070.5 
654301.1 
607802.8 
412037   
340242   
369488.1 
880300.2 
2020182.5
2322085.7
3783847.2
1598796.8
684235.1 
385411.4 
304424.8 
212462.1 
195583   
166616.9 
270382.3 
650283.5 
959100.1 
1328067.3
1420562.8
798794.2 
551641.7 
255816.6 
665794.1 
442817.4 
316056.2 
343163.1 
306848.4 
574692.6 
1052937.8
2690706.7
2475714.1
1651160.2
780277.4 
477290.1 
504053.8 
610143   
513574.4 
507891.5 
466153.4 
691577.4 
1124555.3
1498937.7
1928655.2
1185553.2
693021.8 
970739.1 
344018.5 
360950   
394582.1 
288527.3 
341032   
600156.4 
610650.8 
1867410.6
4080796.5
2212588.4
901660.4 
432020.3 
927948.7 
729726.5 
577406.6 
638921.2 
674749.9 
897157.6 
1999636.8
3661919.2
6443373.4
3077267.3
1365434.8
918361.5 
295276   
324756.1 
262838.9 
225923.3 
248364.9 
589731.4 
881683.9 
1589897.5
1391630.4
809553.2 
367280   
372298.5 
462253.6 
368591.5 
348341.2 
309695.2 
405191.5 
865404.8 
798713   
2455388.3
5961339.8
4500674.9
1433766.9
529873.1 
316145.4 
453640.9 
371380   
355060.9 
375122.4 
767846.3 
1739147.6
3755455.8
4705334.5
2322535.2
963573.1 
362625.1 
411805.2 
452919.5 
366567   
315082.9 
346381   
822466.1 
1229636.2
2217343  
1940830.6
1129039.5
512225.4 
519224.3 
730865.1 
900370.5 
483700.9 
455329.9 
667718.9 
1078917.4
1804397.2
3248041.3
4051978.8
1876271.9
1160331.4
705014.8 
574383.5 
427889.5 
243433.2 
307003   
385435.8 
531991.4 
936873.1 
2346817.3
3408710.4
1420637.9
895947.3 
766108.8 
