NaN       
1952.3463 
1365.1932 
1279.4467 
1200.1914 
1021.0901 
1431.1236 
2729.0915 
4382.769  
4154.4543 
1771.9959 
1012.7237 
1146.8535 
2382.5611 
1751.7071 
1298.0137 
1157.2424 
1012.8789 
2091.9104 
4412.638  
8657.2813 
4889.8497 
2974.1131 
1939.2078 
1882.5802 
6949.896  
4664.3839 
2036.5924 
1586.7049 
1031.7608 
1840.8994 
3792.5325 
11393.337 
6221.0913 
3971.6761 
3569.05   
2089.3103 
758.027   
669.6948  
540.1962  
443.0325  
579.4688  
857.9373  
953.7268  
900.0236  
1070.8035 
300.6152  
1464.4773 
2260.0257 
1140.6592 
1273.5067 
1019.17   
914.5336  
737.5352  
995.6092  
1732.4754 
4342.6811 
2938.0715 
1999.1803 
2760.9186 
2071.4974 
780.4233  
729.5224  
541.5489  
380.1265  
418.0002  
752.4714  
1107.0623 
3519.5437 
2295.736  
754.1079  
340.7351  
280.854   
1034.0776 
950.7901  
936.3181  
565.3828  
426.0908  
973.1459  
1658.8427 
2333.9537 
2174.1084 
1812.8647 
1857.1934 
2093.7644 
926.0293  
995.1713  
540.1725  
875.2387  
931.325   
1253.9995 
2895.7768 
4913.1925 
4721.733  
2090.8624 
2024.7124 
1470.7193 
1136.5938 
1268.9678 
1015.5376 
911.2741  
734.9066  
992.0608  
1726.3007 
4327.2036 
2927.6001 
1992.0551 
2751.0786 
2064.1145 
1202.3768 
946.1474  
735.5664  
688.8661  
595.113   
827.8691  
973.6752  
1096.0903 
586.6851  
152.0928  
203.8132  
582.1319  
809.8188  
768.2063  
654.5356  
567.1128  
469.1897  
968.2394  
1186.8133 
1829.6194 
1404.8258 
1012.8619 
4737.5013 
3046.5971 
1201.7209 
951.7207  
818.9068  
882.048   
740.9482  
902.5789  
1075.3099 
1645.3255 
760.6651  
1214.0266 
1120.5808 
784.2689  
2034.4008 
1630.5061 
795.6621  
853.9208  
827.8507  
1138.1319 
2865.184  
18536.7719
11310.2003
4910.5439 
7293.6948 
2644.1806 
2104.0861 
1522.763  
1210.8028 
1138.283  
1136.5277 
1329.3569 
3013.4182 
3281.9338 
1451.1061 
1063.8241 
941.784   
1018.2952 
934.6845  
823.5318  
758.036   
706.121   
635.6028  
1027.0642 
2110.9396 
4929.0015 
1963.4294 
2375.0593 
2254.9766 
1511.1478 
1329.0474 
938.9759  
594.4102  
306.9172  
378.401   
751.4065  
2578.0637 
3558.4371 
1552.8094 
903.651   
873.9243  
493.0674  
1342.8979 
1202.7849 
853.22    
330.1422  
579.7805  
942.0475  
1646.1225 
2901.5078 
3182.4887 
1786.432  
793.6309  
956.3789  
1355.1868 
944.969   
793.7233  
705.6676  
912.1802  
1465.4047 
3088.3288 
10060.412 
7279.2507 
3509.2238 
5882.4697 
6972.5794 
941.1626  
772.531   
744.7651  
792.8075  
642.5985  
845.6358  
2469.548  
5740.1003 
14407.5231
10732.7388
13280.6539
4325.7092 
6470.3917 
4342.5673 
1896.0789 
1477.2311 
960.575   
1713.8876 
3530.8688 
10607.26  
5791.8705 
3697.6524 
3322.8053 
1945.1594 
3680.5981 
3564.2352 
2157.7235 
1659.2338 
1395.689  
1629.7368 
6389.8475 
17947.6142
15361.0006
6507.8251 
3441.4578 
2252.6532 
740.1876  
653.9342  
527.4832  
432.6061  
565.8315  
837.7465  
931.2817  
878.8424  
1045.6031 
293.5405  
1430.0122 
2206.8381 
1205.1393 
1232.7673 
918.2243  
731.8522  
893.3645  
2017.4968 
2530.8798 
4223.1003 
4877.8123 
2755.2679 
2651.1483 
1930.4761 
1343.9432 
941.6362  
760.3858  
743.6845  
688.0742  
902.7853  
1693.7896 
35301.1806
19248.643 
5456.5003 
2596.8478 
1879.1326 
1593.4124 
1290.4514 
1143.1535 
1150.0446 
1121.2346 
2508.2849 
4432.419  
7643.4215 
3949.2588 
2263.2378 
1364.1729 
1117.9507 
