NaN       
6719.1648 
5668.3036 
3343.7018 
3453.8071 
3127.0194 
4209.3841 
23230.7228
77875.8925
67751.6602
20669.3741
6372.7403 
6226.5482 
6806.2842 
4516.2526 
4015.2651 
3644.685  
3352.2258 
8194.4728 
23593.1971
37299.7567
66946.0684
25290.4293
7118.7317 
5913.337  
8386.6733 
5887.2147 
4341.3846 
3252.8867 
2818.1317 
4894.3855 
22846.5424
51331.5936
48225.2101
14959.8572
6605.5096 
5515.48   
4143.6802 
2643.3899 
2460.5771 
1640.2733 
2137.3272 
3864.9237 
11088.7075
22927.7439
17519.6962
4621.5259 
5857.4221 
6082.8879 
3149.2303 
3291.7073 
2874.8053 
2656.4744 
2534.8046 
3754.2544 
10133.4592
23737.0381
27993.0909
11962.6559
7462.6112 
4972.6507 
3705.4836 
2837.3809 
3058.1431 
2582.8651 
2415.7495 
4216.8072 
16310.9345
39793.6633
63811.83  
21684.9424
6008.6025 
3377.7582 
3421.9178 
2887.2108 
2631.7649 
1890.2254 
1672.2586 
3351.8855 
8543.9751 
19990.6587
31550.8032
7914.4626 
2988.6974 
3280.9468 
3110.1073 
3315.4337 
3389.7182 
2720.8689 
2586.9956 
3541.0461 
10699.753 
32764.6614
49537.0994
12352.1676
6510.2993 
4278.6336 
3138.0063 
3279.9755 
2864.5594 
2647.0066 
2525.7704 
3740.8741 
10097.3431
23652.4382
27893.3221
11920.0204
7436.014  
4954.9279 
4129.0721 
2999.3207 
2771.9462 
2200.7131 
1933.1598 
3616.9477 
8374.8557 
14179.5981
10168.9684
2448.8408 
2065.2042 
2552.0284 
2900.2312 
2276.0346 
1511.9293 
1483.8035 
1549.8062 
2398.3304 
12234.0826
27501.6213
24401.9623
7955.8568 
6782.7953 
3368.3159 
2755.8235 
2907.2478 
2386.9868 
2129.1858 
2384.4337 
3713.3953 
11069.3675
20077.7482
12420.4856
4439.0105 
2105.3013 
2729.5481 
5579.9633 
3462.1737 
2508.5137 
2939.5479 
2724.0299 
7179.0217 
9625.1871 
28791.9093
45794.0898
14867.4325
10220.3712
6708.1255 
4889.7913 
2685.7213 
2620.7124 
2862.7287 
2969.2849 
3702.0533 
15139.0225
53707.3006
34827.8783
7312.3699 
3626.7885 
3809.7803 
3583.8484 
3158.6493 
3253.5322 
2828.6149 
2796.119  
4492.151  
9243.1542 
33239.1151
27650.3787
10012.4655
5114.6953 
3793.3812 
2705.264  
2133.0258 
1008.9401 
965.5325  
1154.5171 
1815.9854 
6049.0611 
14997.1377
14716.3651
4206.957  
3098.1004 
2268.7091 
4303.4451 
3023.2693 
2238.0502 
2125.5035 
1575.6046 
2289.7377 
14010.3999
25394.1913
40069.1642
9411.9221 
3099.8283 
3352.2697 
2762.0935 
3100.4835 
1212.4821 
1246.2557 
1554.4219 
3587.765  
8831.0866 
27573.3926
32206.7088
8177.1134 
4801.5704 
12576.669 
2077.3127 
2226.825  
2552.0914 
2813.4317 
2619.6056 
3205.525  
17001.4573
51105.7713
71946.2889
32646.9216
15492.9452
8082.9128 
7808.0393 
5481.0296 
4041.8532 
3028.4555 
2623.6963 
4556.7001 
21270.2577
47789.9983
44897.9381
13927.71  
6149.7661 
5134.9425 
6395.0586 
4077.6606 
3060.5134 
3189.5577 
2919.0887 
3629.1514 
11997.5648
68183.8006
58694.8593
19281.5056
6632.8818 
5323.3371 
4046.1624 
2581.1801 
2402.6697 
1601.671  
2087.0271 
3773.9662 
10827.7447
22388.1601
17107.386 
4512.7624 
5719.573  
5939.7326 
3094.6706 
2949.7394 
2531.7469 
2149.4268 
2369.6596 
5464.9611 
14510.0796
32238.7348
28095.4411
9549.6909 
6829.9188 
4393.343  
4261.6666 
2867.2121 
2481.9564 
2547.4618 
2425.69   
2983.0982 
14786.5879
45706.2922
48684.3532
19708.7476
5415.3332 
5508.9197 
4402.1519 
3631.9239 
2389.0501 
2813.4726 
2881.285  
4946.4323 
14670.8086
68050.3692
58051.7474
17957.4408
6453.9558 
4628.1354 
