NaN      
90442.51 
77167    
52974.95 
55571.52 
57491.32 
76367.33 
249574.02
775210.99
718246.26
276881.35
124661.3 
79860.32 
89005.27 
66795.6  
46970.16 
47665.9  
45872.73 
85427.21 
216481.65
412824.39
643017.75
243786.42
117593.6 
93790.67 
102557.78
92698.81 
74834.82 
56616.51 
57917.39 
90374.58 
261374.4 
645155.56
559969.52
247494.32
128215.18
65653.3  
79715.69 
77664.88 
57870.41 
50429.5  
54932.81 
78873.62 
166481   
422934.72
294933.4 
107931.8 
129895.57
94245.13 
61120.05 
58074.44 
51780.17 
50407.64 
54092.98 
73863.92 
148064.75
404844.78
410891.38
177181.59
117926.28
80740.62 
56965.14 
48074.47 
46240.23 
66706.36 
42063.52 
64902.61 
145014.63
400889.56
715029.21
368948.4 
169297.33
71625.27 
62206.93 
58934.28 
53754.94 
48938.88 
37191.14 
43991.52 
94109.91 
217925.79
327634.54
167251.03
82127.27 
67976.12 
48591.23 
53195.13 
51432.95 
47979.85 
43076.54 
57972.34 
125082.99
399549.78
646708.72
168651.04
110861.52
66084.62 
64998.51 
61759.65 
55065.96 
53606.33 
57525.53 
78551.06 
157460.42
430534.81
436965.11
188424.92
125409.47
85864.13 
52525    
42578.57 
50999.48 
39528.99 
33775.6  
55156.4  
90001.78 
203963.62
157172.98
63496.35 
58503.24 
35341.27 
66372.49 
54757.15 
44796.35 
40930.57 
38582.48 
55543.7  
175966.16
398480.66
384236.8 
150546.43
123324.39
58484.24 
63958.07 
71666.66 
63625.75 
62640.27 
51021.5  
66273.13 
167063.57
362522.1 
225197.17
116718.53
79442.81 
65046.28 
56171.17 
63083.57 
60158    
39168.94 
55776.7  
82011.55 
109890.28
299251.66
473221.49
262511.18
135334.14
96332.84 
67983.69 
49124.04 
56461.93 
49336.96 
38229.96 
57701.36 
138943.01
513571.15
381573.98
148368.77
82166.66 
58107.16 
34485.57 
53497.54 
53475.09 
42423.29 
36748.38 
49442.85 
92885.45 
376523.87
327914.61
130935.35
74586.85 
61020.9  
53120.86 
37453.4  
28342.06 
26940.82 
26866.65 
38832.47 
94729.88 
173852.35
177210.87
59800.89 
55855.37 
39197.73 
66058.26 
46625.76 
40769.51 
38357.23 
39503.77 
54481.69 
155116.62
317007.17
553638.03
155749.95
72188.88 
57541.95 
62347.46 
59871.1  
50738.47 
42416.15 
46951.1  
68398.61 
113923.64
440406.03
506745.53
140919.48
127071.16
183900.75
54912.79 
54638.88 
54672.86 
54299.81 
45425.8  
57421.32 
173609.74
543885.57
897266.93
440946.33
237923.75
121860.09
98711.5  
89222.27 
72028.24 
54493.19 
55745.28 
86985.21 
251571.93
620959.94
538968.68
238212.4 
123406.65
63191.07 
110656.97
78224.24 
60101.85 
57747.98 
54906.16 
64881.76 
137727.78
861523.23
766119.66
278079.06
140608.92
114871.41
74075.71 
72170    
53776    
46861.55 
51046.24 
73293.21 
154702.27
393011.57
274066.51
100295.49
120705.3 
87577.18 
51408.19 
36833.52 
42463.74 
40155.27 
38496.17 
73286.65 
172346.49
352492.21
320237.87
159293.21
101963.34
57992.51 
71923.18 
62965.7  
57573.57 
58503.27 
47525.66 
61170.52 
226092.47
635410.86
483445.33
234937.83
119685.47
87369.49 
61605.55 
59710.95 
47472.01 
48747.75 
44059.64 
72886.38 
148435.23
690434.78
539511.82
201814.12
109857.13
66352.71 
