NaN      
743238.2 
655637.2 
530447.5 
510521.7 
688697   
815085.6 
2089745.5
5622951.8
4600457.7
1965446.4
785289.6 
622965.5 
738371.1 
592869.4 
464280.2 
513742.7 
553854.9 
811558.1 
1993082.2
3343200.2
4749228.9
1933096.8
983550.2 
707666.5 
729401.5 
547819.8 
456867.5 
397337.2 
374562.3 
1106913.4
3156676.2
4933467.8
3507206.1
1316726  
710628.4 
502131.3 
479323   
395109.9 
299318.5 
175903.8 
330269.8 
564799.2 
826063.4 
1791942.4
1471317.7
621588.1 
534386.2 
559667.1 
257006.8 
276395.3 
263578.1 
226648.1 
328466.2 
424031.4 
735969.9 
1949972  
1735420.8
689378.1 
453958.9 
325034   
366078.2 
390983.5 
371452.3 
436676.9 
381916.8 
863378.1 
1900384.6
3720745.3
5345638.3
2245720.9
829186.6 
457291.7 
256854.5 
306469.2 
303773.7 
243430.6 
240248.3 
332023.6 
612245   
1032349.4
1546853.2
619259.7 
324877.4 
404020.7 
573687.8 
629859.5 
640395.3 
532705.7 
556413.5 
684787.1 
998916.3 
2724841.8
4504004.5
1967994.9
1194327.5
527010.8 
300073.6 
322711.1 
307746.1 
264627.7 
383507.6 
495086.8 
859297   
2276730.5
2026226.7
804897.8 
530029.2 
379500.3 
272032.4 
336220   
280088.1 
276988.9 
259522.5 
424311.4 
760235   
928175.7 
964178.4 
505129.1 
338583.2 
507353.2 
579623   
369038.6 
297224.7 
261333   
264733.7 
681801.3 
887802.2 
2272826.4
2193635.6
978274.3 
845920.5 
353592.5 
337165.9 
461748.6 
367004.4 
340200.3 
373134.1 
467952.4 
884596.5 
2130377  
1369335  
1049904  
637198.4 
507111.5 
472912   
501983.4 
272629.1 
325712.7 
315054.1 
518511.8 
786621.4 
2239559.9
2857160.3
1270599.9
1004593.6
602319.5 
652584.2 
560664.4 
514522.4 
576519.3 
611412.9 
896345.4 
2144963  
4372485.5
2867559.8
1054680.3
638930.2 
586208   
341024.5 
302664.7 
265148   
240101   
259677.5 
557309   
934073.3 
2610418.7
1546215.9
611143.4 
526145.5 
309835.7 
623842.4 
533525.4 
380680.2 
440612   
467717.7 
460453.2 
703365.6 
1062659.1
1318201.1
780580.4 
800773.9 
557165.1 
588184.4 
529454.8 
400343.5 
382002.3 
443747.3 
782584.5 
1734331  
2799946.4
3818007.8
1744021.3
806593.6 
452580.5 
460734.5 
454180.7 
341315.4 
314966.2 
419395.6 
533647.4 
1018038.7
2403115.1
2985915  
962874.9 
829733.6 
1056796  
278796.8 
326802.3 
365829.8 
389636.6 
409055.5 
516098.3 
1859271.8
4198630.6
5683848.7
3325878.2
1597697.9
928891.3 
544404.7 
408877.2 
340993   
296561.3 
279562.8 
826168.9 
2356054  
3682201  
2617679.6
982767.1 
530392.9 
374776.7 
624434.7 
483108.4 
352364   
335054   
330844.5 
442028.2 
636742.3 
3676311.8
3383998  
1448004.8
743270.3 
980315.5 
460226.6 
379368.7 
287393.6 
168895.8 
317111.8 
542297.5 
793152.8 
1720551  
1412700.1
596823.9 
513096.1 
537369.9 
366408.6 
261105   
237883.5 
202652.6 
335711.5 
889791.9 
1446015.4
1834039.1
1583817.3
759028.7 
601059.6 
298180   
569598   
523981.7 
404252.9 
530115.4 
492294.2 
818244.6 
3082176  
5549678.8
3482050  
2077093.9
1033831.9
745653.9 
496476.7 
580294.6 
478328.2 
493131.5 
461700.9 
1096684.9
1488681.8
4772630.5
3752967.8
1488158.8
824177.8 
443871.2 
