NaN        
1125.2533  
744.47622  
497.60731  
411.1056   
375.52915  
465.4027   
2262.56935 
15457.27972
18878.65893
8395.6258  
2462.88862 
1733.6043  
1351.59744 
859.78715  
651.00226  
452.62798  
406.79877  
591.06005  
2991.66714 
8601.8742  
19138.68122
9637.79219 
3087.23838 
1501.30257 
2390.71827 
1238.21543 
691.31446  
479.34108  
377.99963  
498.10432  
2500.64726 
9921.70721 
13194.39874
6182.77186 
2211.86213 
1310.65979 
793.07183  
384.53466  
274.13195  
159.16714  
247.73693  
404.33051  
1730.57436 
9285.261   
8444.84821 
2998.30005 
2551.08169 
1790.10103 
521.66913  
435.13725  
439.97397  
378.03039  
295.54799  
348.42728  
970.48145  
6823.78487 
11329.73201
6649.88722 
2832.94785 
1216.50725 
959.40478  
646.873    
566.0421   
451.98161  
451.23815  
670.42276  
2156.93319 
8264.07343 
18388.30743
10106.42633
2905.74625 
1237.49148 
650.86193  
497.02553  
344.56282  
196.76571  
163.43491  
286.01922  
1570.25697 
5164.28027 
10920.0162 
3276.12713 
1069.07362 
922.9106   
555.36918  
461.5154   
445.58626  
397.44222  
353.22874  
466.20185  
1475.35344 
8174.49572 
19320.26351
6697.89696 
2933.20046 
1071.79486 
519.80988  
433.5864   
438.40588  
376.68307  
294.49465  
347.18546  
967.02261  
6799.46457 
11289.35229
6626.1867  
2822.85108 
1212.17156 
820.81748  
640.24016  
431.87222  
403.38472  
293.89399  
358.12352  
1776.65036 
4879.14785 
5504.90447 
1752.32029 
703.46947  
670.20524  
1100.46028 
743.446    
432.8871   
300.93347  
169.45156  
342.76086  
1472.74555 
6308.44927 
9461.92557 
4683.61209 
1889.37662 
625.28522  
556.27227  
375.81917  
272.7887   
243.19104  
215.3154   
311.20737  
1643.2245  
6836.64331 
6147.04661 
3167.4574  
984.59104  
972.04656  
1211.99523 
848.91696  
441.47008  
417.7878   
323.26892  
572.96365  
1492.77834 
9337.26267 
18833.00429
9139.75174 
4043.71472 
1434.24796 
1101.95563 
544.80054  
449.90241  
409.08252  
369.29605  
458.65465  
2478.0458  
12788.15766
11071.95197
3708.26341 
1289.41211 
1176.95465 
1104.69042 
536.2697   
402.62632  
327.69252  
279.23183  
365.58592  
1576.54175 
11360.06082
10572.14294
4816.29156 
1828.93579 
1407.30571 
678.63106  
344.27943  
294.69014  
214.20252  
136.27844  
196.79385  
1044.33236 
4580.11937 
6746.87485 
1796.17417 
969.89763  
567.38614  
991.81429  
640.07548  
355.69437  
299.1595   
293.32644  
325.98466  
1292.99778 
6716.79109 
13435.19299
4068.61659 
1219.76592 
769.68049  
748.64425  
605.36494  
453.0722   
364.44489  
329.19857  
422.56019  
1090.71098 
9943.14341 
15639.62659
5447.30282 
2330.6714  
3183.74191 
669.24165  
445.65635  
351.6688   
342.812    
366.856    
359.70208  
1614.68003 
8472.01224 
21412.98125
16073.56479
5179.40875 
1528.58905 
2225.77197 
1152.78543 
643.61759  
446.26921  
351.91975  
463.73788  
2328.11647 
9237.16445 
12284.05841
5756.1949  
2059.25591 
1220.23153 
1135.28997 
848.00505  
613.28439  
349.99828  
373.97998  
534.74032  
963.3171   
13730.56574
17451.17355
8839.69322 
2479.8793  
1492.84787 
774.4076   
375.48498  
267.6805   
155.42128  
241.90666  
394.81495  
1689.84685 
9066.74073 
8246.1063  
2927.73776 
2491.04428 
1747.97261 
430.53435  
430.78464  
252.26675  
187.03717  
202.12743  
563.19285  
2545.4858  
7633.27023 
9501.95443 
4240.2527  
1989.56843 
827.81943  
954.65518  
690.76444  
446.14607  
382.81105  
281.19161  
288.87379  
1679.44745 
15218.3787 
16166.71057
8815.35423 
2221.19353 
1356.24999 
858.99155  
595.14063  
456.49567  
398.6216   
389.06578  
530.63279  
1547.35564 
12875.10848
15483.64112
7205.71414 
2252.74512 
1081.38437 
