NaN       
1686.682  
1427.2375 
634.7686  
778.6953  
536.2471  
1340.2348 
6494.9203 
20916.7739
29714.9465
13978.8632
5237.5401 
3263.2068 
2549.1409 
1493.0741 
1385.0008 
713.8978  
696.7609  
1111.7064 
7296.2582 
16645.393 
30761.3869
15053.4099
5782.1979 
3114.1637 
4010.7561 
2137.3483 
969.8293  
720.5241  
634.8489  
963.7733  
5119.6801 
16651.7272
21993.9651
9808.4072 
3677.3326 
2542.0479 
1409.6101 
707.47    
373.8155  
339.7234  
476.3623  
997.1431  
3743.9216 
14861.9699
15064.357 
6170.5367 
5374.7189 
4060.1605 
954.3927  
507.0489  
616.118   
674.7933  
663.7151  
1006.8026 
3083.2132 
10973.9223
15653.7374
9437.6001 
4980.4217 
2345.7122 
1381.4689 
989.6995  
770.772   
718.2547  
638.3246  
975.5689  
4236.9321 
14673.9814
30724.3851
17149.4219
4925.2291 
2025.4414 
1203.4066 
828.8812  
437.4307  
313.981   
238.8094  
848.0204  
3729.2941 
9194.9639 
17793.6966
6072.3626 
2403.7598 
2141.1629 
1121.0213 
843.5072  
745.4444  
743.2281  
498.3243  
1002.7169 
4993.4167 
14353.6799
31349.8644
11689.4352
5285.3995 
2040.8723 
950.9912  
505.2417  
613.9221  
672.3883  
661.3496  
1003.2144 
3072.2245 
10934.8107
15597.9467
9403.964  
4962.6713 
2337.3519 
1437.475  
1010.1021 
555.2118  
604.2997  
541.448   
753.4025  
2498.3919 
7093.389  
8259.0007 
2983.7731 
1556.6388 
1314.5613 
1470.1342 
875.5758  
579.6051  
408.5754  
240.882   
443.4466  
3004.8466 
12011.0958
14961.0734
8972.9162 
3946.1093 
1526.6414 
1078.3978 
740.6024  
772.7307  
537.1585  
1020.699  
880.804   
3119.4655 
12485.7291
9976.7014 
6262.9919 
2386.7183 
1632.682  
1960.7502 
1461.8411 
607.7751  
566.1097  
475.8597  
1083.1398 
3806.1779 
16647.4053
28200.5124
13451.8218
8903.9842 
2858.5692 
2047.9623 
1233.7479 
1000.6693 
643.4379  
544.6799  
989.7887  
4408.3489 
18678.129 
15725.3547
6190.089  
2603.0108 
2144.0504 
1362.9674 
741.2793  
716.1138  
445.3291  
409.8768  
963.4075  
3198.8156 
16455.4589
14461.9403
7826.6104 
3560.6173 
2303.5956 
968.1898  
498.9774  
373.7287  
290.2182  
192.6966  
306.6788  
2577.2379 
7395.016  
9430.7219 
3500.2726 
1937.0315 
1139.4925 
1274.8323 
750.7089  
450.9847  
405.3869  
531.8285  
774.199   
3895.9103 
10909.8347
22425.0117
7842.7551 
2591.2652 
1588.0268 
1425.7314 
924.1937  
753.4597  
489.7097  
512.403   
1017.506  
4879.249  
17581.2842
25899.7471
9753.06   
4970.9955 
5392.2127 
1007.9299 
736.8115  
672.502   
747.9087  
578.892   
745.6822  
4305.9528 
14475.202 
35821.1567
30216.3772
11915.9448
3131.8012 
3734.0361 
1989.8831 
902.9165  
670.8119  
591.0479  
897.2783  
4766.4505 
15502.8504
20476.5035
9131.6815 
3423.6171 
2366.6607 
2644.1448 
1876.459  
1021.9725 
689.1429  
529.8315  
933.0501  
5200.9168 
22529.4054
28212.8013
15089.7569
5302.7875 
3038.5023 
1376.4362 
690.8203  
365.018   
331.7283  
465.1515  
973.6762  
3655.8118 
14512.2068
14709.8309
6025.3186 
5248.2297 
3964.6083 
636.5285  
507.3489  
381.837   
317.9797  
286.8046  
1510.5695 
4723.5016 
14228.4708
15722.6834
8161.6787 
4237.3156 
1676.3518 
1484.9917 
897.5987  
683.9072  
514.1136  
396.6084  
605.7308  
3652.0158 
32204.5197
30323.1245
15692.6972
4649.2942 
2699.2194 
1464.4142 
1107.7927 
956.3662  
742.2662  
843.0054  
1110.7363 
4461.0621 
19728.3496
23632     
12751.9727
4069.3185 
2059.0658 
