NaN         
5469.81494  
3370.7023   
2084.04016  
4468.96378  
3698.8145   
4167.94145  
15205.55849 
112513.47157
128687.01232
34521.73813 
9127.3003   
7774.85762  
7421.79225  
3660.21879  
2144.65817  
3002.89258  
3560.43602  
4187.68877  
22605.94369 
57589.08769 
135977.14606
47428.68912 
15285.26596 
7783.27418  
12886.18265 
4653.62801  
3568.67147  
3010.83726  
2716.23703  
4044.63593  
24175.25084 
86179.12081 
105622.08132
29773.85656 
8577.32584  
5341.28241  
3230.13582  
958.38915   
868.93609   
2242.14644  
2383.66492  
3714.95178  
15040.70086 
70653.01861 
65830.19854 
13681.64848 
16471.89871 
9268.29832  
1586.92929  
2277.32647  
1319.25473  
2558.14606  
3032.7076   
3510.54996  
12732.53684 
53247.19229 
75017.53307 
27417.04444 
12947.5877  
7630.39252  
7526.8387   
4007.9042   
4539.79393  
4051.18957  
3817.4375   
4993.26077  
23386.49854 
66156.22993 
161435.37693
61031.7846  
13748.69546 
4440.04939  
1510.03322  
1299.86021  
662.33648   
684.5357    
1654.94181  
3080.33657  
16263.88629 
38127.5188  
67445.64282 
17935.75792 
6021.29847  
3855.7536   
92.00895    
963.9493    
2388.55146  
2868.91354  
2938.72654  
3425.02853  
11045.71077 
53166.54564 
116058.84881
27741.32267 
13301.56432 
7225.84624  
1581.27339  
2269.20997  
1314.55284  
2549.0287   
3021.89889  
3498.03819  
12687.15745 
53057.41667 
74750.16687 
27319.32874 
12901.44186 
7603.19743  
2830.28626  
2347.82149  
2368.80382  
2992.79528  
2359.29342  
3295.85024  
14984.52284 
34640.19938 
33726.81426 
5982.11332  
3317.08024  
3239.82802  
7048.26176  
2907.62993  
3003.34414  
3032.73378  
2297.79249  
3317.56173  
16984.41339 
53895.65067 
71291.37866 
25941.6587  
11227.29151 
2903.50155  
2263.12876  
1873.12837  
2892.18706  
2810.96741  
2036.34419  
5296.95187  
21820.51651 
65534.95781 
50476.74277 
17747.48045 
6075.82846  
6480.02606  
7597.03309  
4744.46348  
2210.63004  
3237.3751   
3547.81027  
4954.20547  
16173.70312 
60886.85356 
118965.6898 
40609.80735 
17526.03266 
5395.89458  
478.95657   
1118.60458  
1225.05144  
3651.00176  
3300.69107  
4157.28781  
21814.85637 
109113.17455
76095.02615 
16548.89927 
7701.74406  
6969.95524  
3724.17884  
2162.26609  
3317.51757  
2401.93813  
2842.57942  
3735.23819  
13180.12025 
73732.26388 
58255.43269 
15380.25743 
10579.7277  
5863.34604  
2221.50973  
1556.31531  
1007.09652  
1325.58392  
1077.42873  
1848.98215  
11611.52387 
32913.18348 
40340.00188 
6518.44314  
6175.78201  
2804.73575  
5290.48652  
2993.4487   
2506.62176  
1981.75595  
2223.53429  
4410.47701  
11324.63697 
40743.61593 
97751.22213 
21953.26079 
4486.13494  
5939.567    
2546.00167  
1437.80402  
1772.79062  
1494.81935  
2595.40489  
4259.17851  
9228.68732  
65024.47994 
100131.1059 
24225.92822 
13463.94052 
27354.08353 
2626.63954  
2098.39568  
4371.52067  
4414.636    
3161.5913   
4381.48051  
17774.28223 
68942.88609 
149092.59156
74248.14837 
25226.08345 
9468.97015  
11997.10752 
4332.55349  
3322.45293  
2803.10619  
2528.83174  
3765.57848  
22507.29262 
80233.23947 
98334.74355 
27719.62561 
7985.53793  
4972.76355  
9087.76488  
4556.37252  
3447.14756  
3493.27128  
3393.48763  
4466.81282  
9057.58841  
98763.878   
114085.30208
35711.1877  
12062.61858 
6924.91428  
3154.11748  
935.83432   
848.48647   
2189.37954  
2327.56751  
3627.52374  
14686.7315  
68990.26339 
64280.94404 
13359.66319 
16084.2474  
9050.17726  
1669.53539  
1555.55707  
1929.97241  
2348.54939  
3115.7929   
4787.9855   
22839.14785 
60372.82891 
60736.99057 
18209.90671 
11067.17168 
2891.6814   
4188.84787  
3787.36707  
2615.0242   
3314.27475  
2649.11091  
3083.67957  
20633.84219 
93826.38415 
101607.63618
43477.40064 
11110.57246 
5320.11216  
2742.65966  
3043.19096  
2338.53652  
3135.86774  
2564.36628  
4122.2583   
16023.76448 
102354.52917
109176.31936
34373.06326 
8351.15399  
3708.42343  
