NaN       
1021.993  
900.4576  
828.8438  
772.0795  
694.9742  
1123.0019 
2308.1217 
5389.4178 
2146.8326 
2596.9128 
2465.6132 
1652.3035 
924.8347  
993.8874  
539.4756  
874.1096  
930.1236  
1252.3817 
2892.041  
4906.8541 
4715.6416 
2088.165  
2022.1004 
1468.822  
1760.7136 
1533.2624 
1215.4663 
1168.8683 
1254.3295 
2323.2306 
9677.2592 
22297.7652
8671.536  
3500.185  
2622.0368 
1953.6698 
2623.275  
1819.7753 
1417.0626 
1217.7156 
1079.5038 
1420.6653 
5876.9332 
10149.8872
5316.2805 
2106.3208 
2146.5575 
1178.7759 
1851.6069 
1557.8734 
1326.5917 
831.0938  
1053.9235 
1972.676  
5080.2265 
4988.6298 
3928.1169 
2377.5076 
1760.7455 
1166.5094 
2598.1687 
1802.359  
1403.5005 
1206.0613 
1069.1724 
1407.0688 
5820.6875 
10052.747 
5265.4007 
2086.1621 
2126.0137 
1167.4943 
3680.5981 
3564.2352 
2157.7235 
1659.2338 
1395.689  
1629.7368 
6389.8475 
17947.6142
15361.0006
6507.8251 
3441.4578 
2252.6532 
1723.4323 
1450.0321 
1234.7605 
773.5626  
980.9673  
1836.1206 
4728.5557 
4643.2997 
3656.1991 
2212.9283 
1638.8607 
1085.7596 
1510.8085 
1188.8516 
924.2528  
865.5729  
747.7704  
1040.2327 
1223.4409 
1377.2577 
737.1807  
191.1074  
256.095   
731.4594  
775.5937  
685.2145  
552.7148  
453.2994  
592.8975  
877.8192  
975.8287  
920.8809  
1095.6184 
307.5817  
1498.4153 
2312.3999 
928.9144  
998.2717  
541.8554  
877.9655  
934.2266  
1257.9063 
2904.7984 
4928.4993 
4736.4434 
2097.3764 
2031.0203 
1475.3013 
911.6217  
958.2647  
768.9403  
683.2277  
699.842   
984.5071  
2370.5957 
20984.6412
29859.9267
9165.1421 
3393.1143 
2368.6628 
1930.4905 
1547.2255 
755.0224  
810.3054  
785.567   
1080      
2718.8402 
17589.9771
10732.514 
4659.7302 
6921.1579 
2509.1249 
846.0083  
743.5337  
657.0705  
516.2923  
618.6765  
735.7937  
1119.985  
4199.1582 
5145.8572 
2805.9092 
3884.199  
1331.3764 
924.8347  
993.8874  
539.4756  
874.1096  
930.1236  
1252.3817 
2892.041  
4906.8541 
4715.6416 
2088.165  
2022.1004 
1468.822  
1760.7136 
1533.2624 
1215.4663 
1168.8683 
1254.3295 
2323.2306 
9677.2592 
22297.7652
8671.536  
3500.185  
2622.0368 
1953.6698 
1134.6608 
904.8204  
774.7163  
540.4455  
457.3552  
737.6139  
1263.908  
3947.022  
2833.4224 
1224.3398 
2311.0383 
918.4158  
1555.2708 
1099.4048 
587.4163  
558.6407  
975.4913  
901.7035  
3384.4362 
15294.3882
10992.5559
2736.0912 
1892.8361 
919.2351  
1723.4323 
1450.0321 
1234.7605 
773.5626  
980.9673  
1836.1206 
4728.5557 
4643.2997 
3656.1991 
2212.9283 
1638.8607 
1085.7596 
1134.6608 
904.8204  
774.7163  
540.4455  
457.3552  
737.6139  
1263.908  
3947.022  
2833.4224 
1224.3398 
2311.0383 
918.4158  
2068.1496 
1439.6108 
1297.8218 
1188.6906 
1311.7705 
1698.6113 
5264.0094 
5923.7094 
7133.7714 
3982.7937 
2148.3249 
1578.3201 
2532.4147 
1756.7453 
1367.981  
1175.5386 
1042.1139 
1371.4589 
5673.3787 
9798.3339 
5132.1449 
2033.3659 
2072.2089 
1137.9476 
846.0083  
743.5337  
657.0705  
516.2923  
618.6765  
735.7937  
1119.985  
4199.1582 
5145.8572 
2805.9092 
3884.199  
1331.3764 
750.1418  
856.4077  
598.7159  
465.9581  
480.7196  
855.5842  
2191.9644 
4199.7012 
6544.4619 
3321.5875 
3638.9007 
1391.4548 
1630.5509 
1257.0395 
930.3204  
921.936   
743.3494  
923.2794  
978.9654  
3912.8134 
4788.7739 
3573.7754 
5038.1805 
4283.3959 
