NaN       
3918.6144 
3453.6976 
3557.4435 
3092.8348 
3057.3034 
4911.7612 
10106.5539
36343.9689
30233.1906
10947.7262
5592.4572 
4147.7196 
3106.0951 
3311.1566 
3385.3452 
2717.3588 
2583.6582 
3536.4779 
10685.9495
32722.3926
49473.193 
12336.2324
6501.9005 
4273.1138 
5985.8035 
4627.126  
3565.4979 
3030.67   
2782.7462 
3926.633  
13873.2872
34557.4806
26800.4615
7783.7306 
4664.6001 
3896.4464 
7248.4486 
4907.1966 
3118.5854 
2922.5883 
2881.1296 
4451.6261 
14505.837 
42011.9808
52121.2763
18286.1955
6913.5863 
4174.0013 
4589.6556 
3364.0832 
2931.5327 
2817.8633 
2708.8342 
4045.4563 
13727.8242
42542.8163
31010.2735
10859.5716
5939.0427 
4818.7469 
7179.0768 
4860.2319 
3088.7387 
2894.6174 
2853.5556 
4409.0215 
14367.0078
41609.902 
51622.4457
18111.1861
6847.4193 
4134.0537 
6395.0586 
4077.6606 
3060.5134 
3189.5577 
2919.0887 
3629.1514 
11997.5648
68183.8006
58694.8593
19281.5056
6632.8818 
5323.3371 
4271.9438 
3131.2098 
2728.602  
2622.8012 
2521.3194 
3765.4159 
12777.5371
39597.8565
28863.6359
10107.8348
5527.9217 
4485.1767 
5188.255  
3768.7017 
3483.0014 
2765.2365 
2429.0509 
4544.7614 
10523.1603
17816.9259
12777.4959
3077.0136 
2594.967  
3206.6707 
4239.7065 
2704.6482 
2517.5989 
1678.2853 
2186.8579 
3954.4901 
11345.6789
23459.0751
17925.7005
4728.6259 
5993.163  
6223.8537 
3119.7967 
3325.7628 
3400.2787 
2729.3457 
2595.0553 
3552.0781 
10733.0877
32866.7386
49691.4305
12390.6503
6530.5819 
4291.9635 
4376.8172 
3195.3309 
2454.0198 
2371.3915 
2612.1999 
3774.9403 
9219.1837 
27747.6061
76909.6336
48477.4041
15586.2496
8463.8204 
5294.9579 
3285.3377 
2380.3874 
2789.4059 
2584.8958 
6812.3419 
9133.5655 
27321.3172
43455.0845
14108.055 
9698.3496 
6365.4974 
4285.6929 
2909.5455 
2731.9996 
2241.5439 
2041.5758 
3681.8236 
8578.7358 
27283.2462
48394.629 
12099.2435
6259.8737 
3469.6272 
3106.0951 
3311.1566 
3385.3452 
2717.3588 
2583.6582 
3536.4779 
10685.9495
32722.3926
49473.193 
12336.2324
6501.9005 
4273.1138 
5985.8035 
4627.126  
3565.4979 
3030.67   
2782.7462 
3926.633  
13873.2872
34557.4806
26800.4615
7783.7306 
4664.6001 
3896.4464 
2590.7725 
2470.5464 
2340.9143 
1971.6926 
2138.7116 
3468.067  
15605.4476
62054.175 
39489.5152
7071.5287 
4843.0067 
2251.7862 
4702.8685 
2658.7863 
2696.5304 
3550.4711 
3434.1269 
3965.4722 
28162.9849
63869.0998
88097.7568
17455.5947
9155.9115 
6202.3825 
4271.9438 
3131.2098 
2728.602  
2622.8012 
2521.3194 
3765.4159 
12777.5371
39597.8565
28863.6359
10107.8348
5527.9217 
4485.1767 
2590.7725 
2470.5464 
2340.9143 
1971.6926 
2138.7116 
3468.067  
15605.4476
62054.175 
39489.5152
7071.5287 
4843.0067 
2251.7862 
7019.0416 
4118.0758 
4027.011  
3695.7698 
3458.7221 
7364.3555 
23474.5526
57185.4955
63362.1079
20395.8531
5953.7306 
7182.0254 
6997.3901 
4737.2301 
3010.5695 
2821.361  
2781.3383 
4297.4388 
14003.4102
40556.8464
50315.9945
17652.8316
6674.1261 
4029.4299 
4285.6929 
2909.5455 
2731.9996 
2241.5439 
2041.5758 
3681.8236 
8578.7358 
27283.2462
48394.629 
12099.2435
6259.8737 
3469.6272 
2600.9264 
2682.4947 
2058.2568 
1446.7625 
2114.5933 
3207.6125 
15066.8176
45346.9316
57245.4172
23960.5954
7364.8317 
4561.94   
2624.1612 
3117.3992 
2583.6846 
2542.23   
2230.9939 
4293.437  
8474.6595 
30108.7498
58345.6078
32273.7438
12670.7796
7546.3741 
