NaN       
39828.05  
61785.35  
61759.42  
48995.48  
42441.42  
57102.51  
107275.21 
434854.75 
378714.97 
151219.79 
86141.81  
70474.23  
49386.81  
54066.1   
52275.06  
48765.43  
43781.83  
58921.52  
127130.98 
406091.63 
657297.32 
171412.37 
112676.66 
67166.62  
108400.96 
91374.51  
71159.38  
42710.75  
39606.53  
53109.16  
185098.27 
411613.49 
325606.72 
144114.85 
86184.95  
41135.76  
82393.92  
67659.6   
51815.55  
56856.28  
41890.49  
61883.91  
198135.33 
562246.07 
550904.98 
212974.19 
115951.79 
68195.22  
54383.17  
96931.28  
53047.44  
52447.12  
46888.09  
71628.56  
163067.77 
496740.93 
416843.01 
224362.91 
140017.69 
99365.17  
92933.79  
76314.66  
58443.83  
64129.37  
47249.15  
69800.13  
223480.91 
634168.88 
621377.03 
240217.96 
130784.41 
76918.79  
92595.07  
65456.15  
50291.77  
48322.11  
45944.14  
54291.48  
115247.27 
720901.76 
641070.36 
232689.82 
117658.14 
96121.61  
40535.04  
72248.7   
39539.44  
39091.98  
34948.5   
53389.06  
121544.19 
370250.8  
310698.09 
167231.13 
104363.58 
74062.82  
52538.46  
42589.48  
51012.54  
39539.11  
33784.25  
55170.53  
90024.83  
204015.86 
157213.24 
63512.62  
58518.23  
35350.32  
68310.78  
66553.38  
49590.9   
43214.56  
47073.58  
67589.19  
142662.6  
362425.54 
252737.34 
92490.02  
111311.44 
80761.5   
44734.93  
48973.45  
47351.12  
44172.07  
39657.89  
53371.53  
115156.15 
367840.69 
595384.59 
155266.55 
102063.32 
60840     
72688.63  
61015.08  
57197.88  
50308.66  
40319.49  
71359.19  
81086.77  
291416.56 
836540.33 
639322.43 
304542.13 
101151.64 
53208.02  
59755.78  
56984.54  
37102.7   
52834.36  
77685.26  
104093.33 
283465.5  
448258.06 
248663.16 
128194.98 
91251.08  
60933.34  
53067.8   
45684.31  
54786.8   
43267.39  
63655.96  
112582.97 
319636.04 
657410.01 
175766.7  
123681.72 
59035.66  
41938.85  
45912.46  
44391.53  
41411.17  
37179.15  
50035.64  
107958.52 
344849.47 
558171.14 
145561.89 
95684.04  
57037.31  
112524.93 
94850.73  
73866.55  
44335.62  
41113.3   
55129.62  
192140.08 
427272.78 
337993.99 
149597.51 
89463.74  
42700.71  
44943.17  
50578.71  
49644.7   
44257.75  
38386.64  
64504.96  
178693.02 
725283.26 
525611.97 
116688.89 
89681.44  
46351.61  
76085.87  
63717.45  
58254.13  
53012.14  
46760.61  
60813.9   
274528.79 
852089.73 
1086372.61
264218.74 
187412.63 
106336.36 
39430.23  
70279.51  
38461.76  
38026.5   
33995.95  
51933.9   
118231.41 
360159.33 
302229.78 
162673.12 
101519.08 
72044.18  
43761.7   
49249.1   
48339.64  
43094.3   
37377.53  
62809.25  
173995.54 
706217.02 
511794.68 
113621.37 
87323.89  
45133.12  
100134.77 
97306.03  
81309.18  
59257.24  
70352.24  
133007.56 
300499.01 
663575.24 
808300.19 
424316.55 
155969.69 
118978.07 
76885.58  
63136.31  
48351.49  
53055.23  
39089.96  
57746.75  
184889.26 
524657.87 
514074.97 
198736.09 
108199.99 
63636.12  
61362.71  
53441.74  
46006.22  
55172.86  
43572.27  
64104.51  
113376.28 
321888.35 
662042.43 
177005.24 
124553.24 
59451.65  
58774.41  
54569.99  
53742.26  
42527.6   
48408.56  
59361.16  
136013.27 
581235.62 
756603.31 
365623.99 
162155.36 
80699.51  
59891.16  
44233.81  
54207.69  
46030.96  
38399.57  
65807.1   
94149.23  
380739.46 
586510.45 
380931.42 
205245.88 
107642.92 
