NaN      
449094.9 
398578.9 
349173.2 
316188.9 
341969.1 
733919.8 
1230080.5
3437658.7
2036210.7
804814.3 
692880.6 
408022.5 
468034.9 
513861.8 
522457.2 
434600.2 
453941.9 
558673.7 
814951.4 
2223022.7
3674526.8
1605560.1
974374.8 
429954.1 
516598.1 
419828.6 
272227   
181505.7 
295432   
512467.8 
1196188.9
1885476.4
1244319.7
467622.8 
391492.6 
244275.5 
453611.4 
426313   
311618.9 
491155.5 
421917.1 
591274.2 
1616460.8
3486341.1
2934503.9
1111849.8
563465.7 
343328.3 
378879.5 
656536.4 
422142.2 
363299   
562399.3 
898748.1 
1810152.8
3350364.1
2228144  
1132438.9
860198.2 
619066.9 
655017.2 
615598.2 
449979.3 
709231.1 
609250.5 
853803   
2334177.9
5034294.9
4237439.1
1605517  
813647.4 
495767.8 
726187.7 
561831.9 
409782.5 
389651.7 
384756.3 
514057.6 
740500.9 
4275374.8
3935427.8
1683960.3
864387.8 
1140060  
402984.3 
698306   
448999.4 
386412.5 
598179.9 
955927.6 
1925317  
3563518.5
2369901.3
1204486.1
914925.1 
658452.7 
207552.5 
256525.7 
213698.8 
211334.2 
198007.9 
323736.8 
580036.4 
708170.1 
735639   
385398.3 
258328.8 
387095.2 
619468.1 
510632.8 
386833.7 
227334.8 
426834.6 
729936.1 
1067589  
2315873.1
1901503.7
803329   
690630.8 
723303.4 
395429.1 
434146.8 
441408.9 
367181   
383522.3 
472007.1 
688528.7 
1878167.1
3104500.7
1356491  
823220.9 
363255.7 
646060.2 
526000.5 
491977.4 
437396   
584191.9 
1375029.9
1398320.8
3937456.3
7717837.4
4966014.5
1814036.8
717181.1 
523656.4 
555847.1 
301882.7 
360662.3 
348860   
574149.1 
871027.4 
2479869  
3163739.1
1406937.7
1112388.4
666949.5 
375813.6 
384257.1 
378077   
406443   
376492   
521291.2 
694536.6 
1473422.6
3619814.8
1311549  
934084.7 
392306.7 
445464.9 
489081.8 
497262.8 
413642.5 
432051.4 
531732.8 
775652   
2115821.9
3497330.2
1528135.2
927387.5 
409220.5 
940469.9 
764300.5 
495590.8 
330432.2 
537835.7 
932950.7 
2177669.1
3432521.1
2265291.5
851310.1 
712714.7 
444705   
227710.2 
283350   
342371.7 
388001   
291996.8 
590407.1 
1258417.1
3264790.9
3310445.2
919311.3 
644086.7 
291879.7 
396253.2 
424642.5 
316817.7 
456863.5 
366572.8 
455992.5 
2688513.6
5887751.3
5292785.3
1686183.4
1046943.2
619441   
238785.7 
413776.7 
266051.7 
228966.2 
354447.6 
566428.7 
1140834.1
2111539.8
1404269.6
713710.4 
542132.9 
390161.9 
301083.5 
374651.7 
452691.5 
513023.6 
386084.7 
780649.4 
1663907.1
4316779.2
4377144.3
1215533.8
851625.8 
385929.9 
945501.3 
698917.7 
615215.6 
451340.3 
752958.7 
1295323  
3201422.6
5267477.3
6056758  
2671361.6
1193049.9
943546.3 
659075.5 
619412.2 
452767.2 
713625.3 
613025.2 
859092.8 
2348639.6
5065485.6
4263692.7
1615464.2
818688.4 
498839.4 
470057.1 
480618   
472888.1 
508367.5 
470905.7 
652016.4 
868707   
1842915.7
4527563  
1640448.8
1168327  
490686.3 
518765.3 
445511.4 
523771.3 
381350.1 
451061.9 
580645.8 
867120.8 
2862810.7
4196455.4
2134590.5
1301277.2
632039.7 
512675.6 
338153.1 
271825.9 
227564.8 
310552.6 
595253.5 
1015614.5
2805919.9
2985924.5
1660579.3
1079017.9
750926   
