NaN        
1207.87916 
586.36246  
440.2355   
358.30216  
305.31478  
399.73517  
1723.80595 
12421.2    
11559.68299
5266.17961 
1999.77602 
1538.76162 
554.65271  
460.92001  
445.01142  
396.92949  
352.77305  
465.60041  
1473.45013 
8163.95004 
19295.339  
6689.2562  
2929.41642 
1070.41216 
1108.03199 
791.34814  
450.82222  
355.50317  
312.01118  
491.31266  
2735.30536 
11846.04171
9039.2403  
3041.51902 
1341.06002 
734.81411  
1807.28872 
1314.33699 
584.34285  
427.18177  
407.75112  
489.78326  
2474.06471 
11846.08519
14398.66089
6736.40377 
2349.1914  
875.36514  
674.01841  
582.05551  
378.67107  
280.72738  
253.94592  
401.76619  
2588.09639 
11083.99422
8715.64963 
4639.70813 
1964.51403 
1031.03812 
1789.99193 
1301.75803 
578.75035  
423.09339  
403.84871  
485.09575  
2450.38649 
11732.71135
14260.85743
6671.93251 
2326.70829 
866.98739  
1135.28997 
848.00505  
613.28439  
349.99828  
373.97998  
534.74032  
963.3171   
13730.56574
17451.17355
8839.69322 
2479.8793  
1492.84787 
627.36054  
541.76363  
352.45816  
261.29447  
236.36691  
373.95455  
2408.93947 
10316.72207
8112.32243 
4318.5316  
1828.52362 
959.66612  
1031.37227 
804.47354  
542.65539  
506.86032  
369.28321  
449.98879  
2232.39387 
6130.73906 
6917.01377 
2201.8227  
883.92233  
842.12521  
811.4506   
393.44592  
280.48472  
162.8557   
253.47802  
413.70053  
1770.67897 
9500.43912 
8640.55047 
3067.78314 
2610.20087 
1831.58512 
557.09941  
462.95323  
446.97447  
398.68044  
354.32921  
467.65428  
1479.94985 
8199.96309 
19380.45513
6718.76403 
2942.33874 
1075.134   
710.38956  
449.13677  
352.46359  
264.25966  
277.17153  
435.48661  
921.28973  
5114.23471 
23191.34804
17610.07473
5809.07607 
2012.34177 
1150.09066 
805.55719  
418.9213   
396.44863  
306.75745  
543.69863  
1416.53234 
8860.34728 
17871.07895
8672.92453 
3837.17563 
1360.99149 
772.71412  
320.96221  
281.14121  
302.22041  
241.10153  
399.8415   
1077.67661 
6252.40689 
17663.33657
6208.56804 
2292.14818 
629.83047  
554.65271  
460.92001  
445.01142  
396.92949  
352.77305  
465.60041  
1473.45013 
8163.95004 
19295.339  
6689.2562  
2929.41642 
1070.41216 
1108.03199 
791.34814  
450.82222  
355.50317  
312.01118  
491.31266  
2735.30536 
11846.04171
9039.2403  
3041.51902 
1341.06002 
734.81411  
678.92627  
404.95238  
355.01154  
302.75142  
270.79414  
423.28917  
1659.05222 
13492.51969
14318.08146
4362.41533 
1962.86237 
615.65363  
969.91943  
747.74755  
512.25044  
407.24286  
340.574    
337.02846  
2200.24393 
12831.70563
24955.4788 
8631.53411 
3210.46214 
1019.15116 
627.36054  
541.76363  
352.45816  
261.29447  
236.36691  
373.95455  
2408.93947 
10316.72207
8112.32243 
4318.5316  
1828.52362 
959.66612  
678.92627  
404.95238  
355.01154  
302.75142  
270.79414  
423.28917  
1659.05222 
13492.51969
14318.08146
4362.41533 
1962.86237 
615.65363  
1244.94676 
783.40412  
544.88938  
422.38716  
371.24299  
1156.54607 
3337.27891 
9899.07119 
17268.49304
8728.69503 
2738.32037 
1487.39147 
1744.69115 
1268.81338 
564.10345  
412.38583  
393.62818  
472.81904  
2388.37256 
11435.78208
13899.94631
6503.08049 
2267.82439 
845.04583  
772.71412  
320.96221  
281.14121  
302.22041  
241.10153  
399.8415   
1077.67661 
6252.40689 
17663.33657
6208.56804 
2292.14818 
629.83047  
658.23349  
427.68069  
355.52606  
297.19435  
240.65385  
378.59476  
1476.14774 
11148.68108
17279.10822
9634.0231  
3302.43277 
1069.14284 
752.7495   
541.81615  
440.73524  
357.06716  
360.30242  
469.27329  
1168.82525 
6479.5889  
14851.16471
10957.8918 
4653.18104 
1826.42897 
