NaN       
1490.2817 
810.522   
783.0058  
486.9271  
448.1632  
1053.399  
3497.6158 
17992.5573
15812.8249
8557.6913 
3893.2132 
2518.7736 
1119.5751 
842.419   
744.4827  
742.2693  
497.6814  
1001.4233 
4986.9748 
14335.1627
31309.4208
11674.355 
5278.581  
2038.2394 
1824.395  
1503.4098 
824.2401  
644.7182  
703.6495  
628.8812  
8741.9087 
21831.4109
15030.6709
5906.3677 
2989.9935 
1567.7367 
2604.7024 
2870.2368 
1289.0616 
973.7222  
966.675   
1198.1495 
5505.5734 
22108.9238
23828.0922
10153.4405
3779.0998 
1459.309  
1192.8143 
678.6381  
476.5672  
377.0625  
570.0829  
1420.7957 
8747.9666 
17752.6489
14704.1148
8511.8758 
4078.8828 
1917.5224 
2579.7739 
2842.7669 
1276.7245 
964.4031  
957.4233  
1186.6825 
5452.8819 
21897.3287
23600.0436
10056.2662
3742.9317 
1445.3426 
2644.1448 
1876.459  
1021.9725 
689.1429  
529.8315  
933.0501  
5200.9168 
22529.4054
28212.8013
15089.7569
5302.7875 
3038.5023 
1110.2436 
631.6604  
443.5775  
350.961   
530.6198  
1322.4433 
8142.4023 
16523.7496
13686.2454
7922.6546 
3796.5285 
1784.7849 
1806.2139 
1269.2119 
697.6339  
759.3137  
680.3394  
946.6641  
3139.2754 
8912.9738 
10377.5863
3749.1658 
1955.9453 
1651.7704 
1442.2766 
723.865   
382.4783  
347.5962  
487.4016  
1020.2511 
3830.6838 
15206.3835
15413.4608
6313.5337 
5499.2734 
4154.2513 
1124.5138 
846.1351  
747.7668  
745.5436  
499.8768  
1005.8408 
5008.9735 
14398.3983
31447.5338
11725.8533
5301.866  
2047.2306 
1835.9577 
725.0355  
437.3571  
350.6643  
385.0797  
963.9805  
2911.6356 
15213.8594
37779.8588
26181.7552
8802.5164 
3715.3271 
1860.6018 
1387.1752 
576.732   
537.1947  
451.5544  
1027.8167 
3611.7714 
15797.1129
26760.1268
12764.7488
8449.1992 
2712.5632 
1531.0461 
974.2322  
649.4005  
535.9913  
343.2565  
1015.0571 
3211.8672 
12698.2722
29389.9827
11195.2629
4922.1449 
1330.424  
1119.5751 
842.419   
744.4827  
742.2693  
497.6814  
1001.4233 
4986.9748 
14335.1627
31309.4208
11674.355 
5278.581  
2038.2394 
1824.395  
1503.4098 
824.2401  
644.7182  
703.6495  
628.8812  
8741.9087 
21831.4109
15030.6709
5906.3677 
2989.9935 
1567.7367 
760.2065  
698.0458  
624.3936  
415.0752  
432.2757  
551.9147  
3078.7257 
21157.9609
23691.4237
7500.8204 
4214.3058 
1586.8371 
2192.282  
1483.7448 
661.1292  
541.2457  
1282.9422 
1686.1636 
8772.4373 
25858.6676
37990.2937
13498.324 
5991.6005 
2193.4144 
1110.2436 
631.6604  
443.5775  
350.961   
530.6198  
1322.4433 
8142.4023 
16523.7496
13686.2454
7922.6546 
3796.5285 
1784.7849 
760.2065  
698.0458  
624.3936  
415.0752  
432.2757  
551.9147  
3078.7257 
21157.9609
23691.4237
7500.8204 
4214.3058 
1586.8371 
2351.0286 
1451.6751 
1186.7359 
895.0094  
565.1363  
1653.2278 
8410.3691 
16515.0162
32188.1048
15811.9084
4685.3911 
2598.9349 
2514.4855 
2770.8227 
1244.4134 
939.9962  
933.193   
1156.6502 
5314.8814 
21343.1552
23002.7781
9801.7641 
3648.2063 
1408.7641 
1531.0461 
974.2322  
649.4005  
535.9913  
343.2565  
1015.0571 
3211.8672 
12698.2722
29389.9827
11195.2629
4922.1449 
1330.424  
911.0576  
1038.5876 
839.9767  
450.774   
474.7895  
730.2694  
5194.1557 
20551.2776
31115.0031
18952.1563
6706.4307 
2651.6061 
1329.2017 
1069.6052 
847.0167  
659.3864  
558.476   
781.3911  
2015.9893 
11081.7413
24185.1593
17766.6047
8420.3309 
4020.6149 
