NaN         
4072.05304  
2364.24259  
3627.40569  
2626.3023   
3108.10374  
4084.14544  
14411.27052 
80619.56801 
63697.05161 
16816.92172 
11567.97624 
6411.03908  
91.89025    
962.70574   
2385.47006  
2865.21244  
2934.93537  
3420.61     
11031.46102 
53097.95702 
115909.12465
27705.5344  
13284.40436 
7216.52438  
8588.13316  
4611.85015  
1750.38558  
1917.48285  
2293.38058  
4022.96538  
20715.33654 
68770.8921  
57124.15943 
14115.57352 
7027.66779  
2913.69516  
12009.38901 
6157.37156  
3238.42043  
3398.00211  
2783.67541  
3621.90384  
22674.41816 
78288.55405 
101560.16658
28982.55205 
12386.01528 
3393.86672  
2093.07472  
2705.17127  
2230.44739  
2117.83387  
2076.80115  
4101.25201  
21983.66697 
88885.64618 
69767.075   
23338.52758 
9709.51157  
3992.78236  
11894.45225 
6098.44198  
3207.42688  
3365.48127  
2757.03404  
3587.24014  
22457.41094 
77539.28756 
100588.17738
28705.17236 
12267.47399 
3361.38546  
9087.76488  
4556.37252  
3447.14756  
3493.27128  
3393.48763  
4466.81282  
9057.58841  
98763.878   
114085.30208
35711.1877  
12062.61858 
6924.91428  
1948.1849   
2517.91003  
2076.04816  
1971.23013  
1933.03784  
3817.34926  
20461.88204 
82732.67645 
64937.55844 
21722.95454 
9037.38583  
3716.38825  
3556.30677  
2950.08091  
2976.44559  
3760.50235  
2964.4956   
4141.29648  
18828.32871 
43526.048   
42378.36278 
7516.63548  
4167.97236  
4070.90353  
3304.9915   
980.59901   
889.07296   
2294.1063   
2438.90435  
3801.04267  
15389.25647 
72290.34298 
67355.7581  
13998.70919 
16853.62113 
9483.08335  
92.2956     
966.95245   
2395.99291  
2877.85154  
2947.88204  
3435.69909  
11080.1233  
53332.18419 
116420.42617
27827.74982 
13343.00489 
7248.35812  
4362.74795  
2848.00533  
2614.68551  
2763.95052  
3371.52315  
5572.38444  
12830.03122 
57025.61526 
152188.19986
101853.41225
27462.83398 
7699.07229  
7209.00267  
4502.13254  
2097.71863  
3072.02107  
3366.60028  
4701.16162  
15347.60577 
57776.96167 
112889.32993
38535.59752 
16630.86295 
5120.29077  
1832.01875  
1309.66391  
1569.8074   
3456.00842  
2581.61343  
4043.42057  
11377.19558 
50277.13323 
110857.82372
24512.03116 
14896.24701 
3106.62543  
91.89025    
962.70574   
2385.47006  
2865.21244  
2934.93537  
3420.61     
11031.46102 
53097.95702 
115909.12465
27705.5344  
13284.40436 
7216.52438  
8588.13316  
4611.85015  
1750.38558  
1917.48285  
2293.38058  
4022.96538  
20715.33654 
68770.8921  
57124.15943 
14115.57352 
7027.66779  
2913.69516  
2145.21083  
3866.64446  
3301.52903  
3731.68613  
3668.10406  
4103.76355  
18665.69833 
108923.92665
93100.17844 
16740.99617 
10098.56452 
2144.4469   
6470.27528  
2868.2199   
5973.73434  
3692.81786  
2884.26164  
4418.13045  
24208.74394 
92820.92374 
173099.59075
40138.03282 
19313.20626 
6326.86942  
1948.1849   
2517.91003  
2076.04816  
1971.23013  
1933.03784  
3817.34926  
20461.88204 
82732.67645 
64937.55844 
21722.95454 
9037.38583  
3716.38825  
2145.21083  
3866.64446  
3301.52903  
3731.68613  
3668.10406  
4103.76355  
18665.69833 
108923.92665
93100.17844 
16740.99617 
10098.56452 
2144.4469   
8300.00088  
6398.48177  
3392.97057  
2523.06412  
6205.1993   
6796.60387  
32628.72396 
102838.83063
174707.96772
62420.38658 
21291.30609 
9308.78166  
11593.42968 
5944.10375  
3126.25392  
3280.3083   
2687.25954  
3496.45494  
21889.06298 
75576.93777 
98042.5106  
27978.70723 
11957.01105 
3276.31615  
1832.01875  
1309.66391  
1569.8074   
3456.00842  
2581.61343  
4043.42057  
11377.19558 
50277.13323 
110857.82372
24512.03116 
14896.24701 
3106.62543  
3938.5957   
1798.64846  
5010.21573  
3298.9582   
2819.68009  
3363.78247  
10186.73984 
70809.12081 
113247.67967
57941.23999 
18080.61477 
5682.41903  
5316.75485  
3687.06685  
3492.59898  
3798.10563  
2639.96326  
4175.88441  
12048.65424 
43810.93865 
106024.58294
60239.61375 
22116.92068 
12800.62357 
