NaN       
2432.5007 
1644.5046 
1487.8874 
1338.6113 
1416.9199 
1757.0754 
5065.6771 
5770.4665 
8359.5843 
5359.3311 
2819.1577 
1996.8993 
2015.21   
1368.6    
1287.27   
1186.12   
967.93    
1299.17   
2304.79   
3746.78   
4272.4    
2092.56   
1166.28   
1273.39   
1089.4493 
972.876   
961.5266  
570.3102  
412.2612  
901.69    
1429.9106 
2036.5369 
2282.0731 
2185.0986 
2183.0285 
2372.8579 
1123.3315 
870.008   
747.5988  
512.2812  
415.8263  
642.2385  
1023.7812 
3236.3658 
2794.7804 
1386.7419 
2552.6862 
978.0731  
818.8437  
695.6632  
388.9201  
453.8749  
459.4259  
1344.6021 
10138.9478
7667.5807 
5578.4046 
2566.4231 
1602.0352 
1928.7759 
860.2188  
730.8142  
408.5717  
476.8086  
482.6401  
1412.5431 
10651.2556
8055.0136 
5860.2741 
2696.1011 
1682.9839 
2026.2345 
1340.7791 
1134.8111 
1196.2081 
1055.5911 
1126.8931 
1421.9761 
4766.9993 
30410.1368
13908.8518
4877.9013 
2037.9031 
1380.3891 
1562.98   
1073.06   
575.41    
537.52    
900.3     
796.96    
2782.81   
12729.92  
11006.28  
3145.79   
2122.31   
993.72    
1168.813  
1140.0535 
1123.6181 
1181.137  
881.2287  
1197.5621 
2553.3065 
5211.3671 
2840.8805 
1357.7846 
1269.466  
1045.5626 
1080.99   
831.47    
718.02    
759.67    
612.1     
714.05    
791.41    
1225.79   
681.72    
1249.39   
1124.63   
758.88    
1582.81   
1185.12   
880.26    
856.86    
662.68    
788.23    
777.52    
3145.79   
4631.41   
3968.93   
5456.53   
4472.73   
6992.6174 
4558.0042 
1997.3289 
1528.524  
953.36    
1628.9844 
3122.0553 
9494.2042 
6236.2355 
4571.7981 
4006.4755 
2261.2805 
965.95    
1008.2    
549.22    
874.12    
892.17    
1150.41   
2471.41   
4244.63   
4907.11   
2495.21   
2356.36   
1650.25   
759.27    
570.45    
695.6     
420.89    
666.45    
703.74    
3000.2    
21998.68  
21695.21  
11137.19  
8782.81   
4760.33   
3796.5003 
2077.7264 
1325.6383 
1002.7745 
1466.182  
1352.2284 
3635.0636 
5308.26   
3300.8055 
2474.6538 
1061.652  
651.4247  
850.8591  
772.4761  
575.505   
396.7986  
418.5239  
721.5107  
987.5277  
3178.0442 
2493.6978 
940.6166  
414.4696  
329.3807  
1377.5072 
1165.8971 
1228.976  
1084.507  
1157.7622 
1460.9285 
4897.5824 
31243.166 
14289.859 
5011.5223 
2093.7277 
1418.2023 
1342.81   
1136.53   
1198.02   
1057.19   
1128.6    
1424.13   
4774.22   
30456.2   
13929.92  
4885.29   
2040.99   
1382.48   
1562.98   
1073.06   
575.41    
537.52    
900.3     
796.96    
2782.81   
12729.92  
11006.28  
3145.79   
2122.31   
993.72    
2205.8551 
1513.5958 
961.6272  
487.7221  
576.7734  
1096.8237 
3500.902  
4891.4987 
2567.7286 
1715.8883 
1618.2987 
880.3043  
1030.3284 
881.678   
814.4875  
745.2542  
643.4471  
995.7118  
1903.8655 
4500.0336 
2156.3557 
2995.2761 
2773.327  
1791.8746 
2037.3374 
1578.3635 
1162.9992 
909.6343  
899.2475  
1322.9149 
1806.8086 
4712.2438 
5000.9152 
2579.3737 
3152.5702 
1788.1188 
1338.4367 
1132.8285 
1194.1183 
1053.7469 
1124.9243 
1419.4919 
4758.6712 
30357.0095
13884.5527
4869.3795 
2034.3429 
1377.9775 
1376.53   
932.23    
785.85    
686.28    
850.91    
1309.09   
2566.61   
8463.47   
7366.61   
4078.02   
6666.45   
7618.51   
2144.13   
1810.91   
1132.56   
687.87    
678.35    
2971.24   
3913.39   
8447.6    
4893.22   
3114.05   
1453.88   
958.02    
