NaN        
7922.227   
4558.6748  
4454.9373  
4134.5478  
3731.2465  
6726.0031  
21084.8743 
55800.5241 
78482.7211 
30347.9558 
7654.3303  
8441.9423  
6646.9176  
5499.6231  
3242.066   
3386.544   
2956.6804  
3369.585   
18288.2418 
66602.5666 
73552.9196 
26955.6886 
7180.9148  
6414.7294  
3506.9267  
2902.087   
2643.5864  
1920.1022  
1638.0583  
2779.7078  
6968.2114  
17711.9814 
35484.8121 
10692.9283 
3488.8927  
3501.727   
2573.0709  
2406.5246  
2278.7532  
1940.9543  
2030.2219  
2787.1658  
12333.9712 
53281.495  
43040.692  
9258.7825  
5478.8081  
2329.0328  
2830.9827  
2678.3816  
2222.9347  
2022.7076  
1848.8976  
3129.7886  
10781.2522 
52850.9447 
70202.2241 
22493.4188 
10510.1703 
8118.9308  
2974.0286  
2813.7167  
2335.2567  
2124.9124  
1942.32    
3287.9328  
11326.0148 
55521.4339 
73749.4508 
23629.9818 
11041.2354 
8529.1698  
3469.0392  
2545.3946  
2630.972   
2551.7322  
2193.2226  
2422.0295  
8132.0213  
38472.944  
60765.2244 
26053.9183 
5816.3247  
4394.0503  
4391.6217  
2435.1198  
2468.0657  
3286.2583  
3065.1182  
2996.4694  
20928.8321 
51562.7181 
90282.1524 
21488.9321 
9738.9519  
6031.7955  
6666.5862  
4351.5354  
3540.6103  
3466.5164  
2957.1641  
4499.9493  
12526.8692 
40574.9317 
34736.9776 
8643.0069  
4833.7727  
3951.5678  
2507.4976  
2594.4541  
2128.7686  
1920.2436  
2073.6869  
2734.0923  
8015.2332  
15793.8154 
12402.3127 
5324.6787  
2181.9859  
2586.4606  
2410.7823  
2808.89    
2326.4638  
2314.9199  
1959.0011  
3191.7248  
6195.7513  
23913.4997 
58823.4687 
39087.2342 
13259.2629 
7219.9103  
8185.1764  
5635.3775  
4152.9423  
3146.7402  
2628.8658  
3865.3547  
17744.47   
43311.7759 
51652.0329 
19247.9229 
7343.3326  
5605.9293  
3048.9924  
3187.8372  
3257.1208  
2643.8829  
2424.0717  
2809.0884  
8347.5484  
27769.5969 
53295.0055 
15964.0193 
7269.9341  
4368.2958  
2129.5025  
2231.3155  
1907.688   
1866.0148  
1655.6252  
2071.8621  
7991.5305  
45479.6691 
102949.2818
61082.5531 
16071.8026 
8151.5392  
13701.5544 
6091.268   
2922.6403  
2078.8719  
2143.8444  
2802.1154  
28465.231  
52396.3111 
57253.4442 
30157.6868 
7686.5593  
4171.684   
3667.8999  
2754.6412  
2967.0147  
2534.1244  
2285.5635  
3377.6075  
12848.5953 
34054.1013 
69318.4349 
28297.5576 
6774.7707  
3481.9868  
3564.0671  
2615.121   
2703.0426  
2621.6322  
2253.3018  
2488.3765  
8354.7829  
39526.8389 
62429.775  
26767.617  
5975.6521  
4514.4171  
3474.2939  
2549.2502  
2634.9572  
2555.5974  
2196.5447  
2425.6982  
8144.3391  
38531.2202 
60857.2675 
26093.383  
5825.1349  
4400.7061  
4391.6217  
2435.1198  
2468.0657  
3286.2583  
3065.1182  
2996.4694  
20928.8321 
51562.7181 
90282.1524 
21488.9321 
9738.9519  
6031.7955  
4210.4256  
3256.0215  
1539.1148  
1489.4876  
1717.4557  
2287.0811  
7492.1858  
20179.3721 
25135.7512 
8631.8228  
5492.3775  
3677.2328  
3825.976   
3307.2638  
3404.3722  
2993.0921  
2853.1005  
3880.6083  
7852.6644  
30677.8549 
32394.3049 
14091.3221 
6219.5782  
4217.4028  
4287.9869  
4014.4907  
2684.039   
2389.7539  
2287.8651  
3046.3816  
7192.1688  
18936.8282 
53770.5621 
19109.8273 
8346.3817  
5744.9584  
3462.9787  
2540.9477  
2626.3756  
2547.2743  
2189.3909  
2417.7981  
8117.8144  
38405.7308 
60659.0661 
26008.4014 
5806.1635  
4386.3738  
2731.0378  
3006.7241  
1175.0436  
1221.3781  
1469.0178  
2870.557   
6948.7663  
23570.1563 
34947.0604 
10658.7789 
5407.807   
12950.3332 
7162.3691  
4129.0265  
2825.4324  
2419.6684  
2338.583   
6176.5313  
20438.8488 
35911.9525 
56973.0442 
15987.8213 
5670.2832  
3539.1939  
