NaN       
115026.45 
108866.17 
92904.37  
67707.69  
78710.22  
129869.77 
249228.5  
636350.77 
980965.73 
632968.22 
199427.63 
141987.09 
83216.22  
69152.42  
48483.02  
50859.42  
51520.26  
59725.79  
165796.98 
595454.93 
698195.59 
330832.53 
127673.09 
76337.07  
64629.94  
59635.28  
55551.67  
50574.63  
37633.51  
38849.27  
70594.71  
189015.39 
359627.57 
225653.91 
94976.17  
73370.33  
46290.41  
50738.25  
50860.89  
45341.97  
38507.72  
56472.81  
132885.25 
623632.26 
571953.76 
156075.93 
102816.36 
49597.67  
44850.91  
85375.1   
52726.57  
46810.04  
31352.22  
61616.04  
99501.15  
526688.49 
780892.57 
410908.94 
169090.68 
101388.13 
49490.44  
94206.59  
58180.79  
51652.23  
34595.4   
67989.81  
109793.89 
581170.94 
861670.76 
453414.76 
186582    
111876.06 
64773.35  
51262.2   
50529.6   
55379.7   
52416.79  
49443.31  
71484.61  
330445.47 
584343.2  
324925.39 
123398.09 
59933.82  
68249.27  
55666.36  
51976.2   
47299.13  
40852.12  
46367.73  
177796.74 
638076.81 
1029535.17
307777.44 
187122.16 
99093.45  
77045.84  
61122.99  
70645.1   
49951.07  
38938.16  
58054.28  
99249.91  
363517.32 
423085.7  
207877.11 
90829.7   
76816.95  
51064.9   
55729.44  
50529.36  
49746.72  
39675.34  
44976.28  
96305.42  
241632.41 
189958.35 
121016.91 
70601.52  
53953.38  
52256.75  
37590.18  
47046.18  
39949.7   
32632.2   
48805.79  
59311.41  
277332.73 
540659.38 
431623.97 
199336.31 
97574.03  
93448.03  
82265.18  
67824.87  
51313.12  
51398.55  
69994.96  
171951.68 
490749.17 
539056.48 
292850.44 
130038.9  
62148.01  
52652.21  
56139.82  
55434.99  
51713.2   
45461.1   
53394.74  
97858.57  
361429.21 
740347.85 
237315.93 
133712.47 
74392.34  
40842.6   
44139.91  
39768.92  
42178.49  
39473.33  
46605.74  
78932.35  
386933.38 
1071959.65
763213.91 
224628.09 
102075.5  
156680.87 
79750.8   
53059.42  
49867.79  
55803.12  
58995.7   
337082.13 
620582.73 
692404.86 
386888.1  
139456.91 
66794.08  
57520.46  
47278.99  
46442.65  
66998.37  
41367.5   
55705.02  
105722.37 
337933.76 
762790.66 
483791.22 
190281.11 
75136.1   
70918.53  
56125.55  
55323.45  
60633.69  
57389.68  
54134.1   
78266.51  
361795.53 
639781.08 
355751.74 
135105.13 
65619.87  
68782.36  
54434.96  
53657.03  
58807.31  
55661.02  
52503.5   
75909     
350897.7  
620509.9  
345035.96 
131035.56 
63643.3   
61313.7   
50009.47  
46694.31  
42492.53  
36700.67  
41655.79  
159728.81 
573234.66 
924912.55 
276500.72 
168106.58 
89023.45  
74149.25  
50918.23  
39351.1   
37405.57  
36525.45  
46073.97  
95470.77  
202588.97 
261336.65 
108399.77 
86783.85  
56842.3   
40474.14  
61152.53  
62427.45  
49525.45  
42006.73  
49324.5   
78709.98  
368915.06 
406601.89 
199561.3  
97439.46  
74402.58  
70828.98  
59932.8   
48161.42  
38703.61  
40616.67  
47129.26  
79249.88  
227658.26 
679489.23 
236433.05 
157227.88 
78722.86  
78408.88  
62053.48  
61166.66  
67037.76  
63451.13  
59851.7   
86532.94  
400008.04 
707354.17 
393325.92 
149374.81 
72550.58  
55994.03  
52369.76  
45325.65  
37891.17  
41068.52  
52214.26  
73871.8   
330194.49 
480818.59 
164351.3  
127028.83 
171583.52 
115232.89 
80998.45  
55140.54  
49051.78  
46342.71  
94436.44  
235521.48 
440265.55 
758522.66 
251082.17 
110059.46 
67225.73  
