NaN      
967063.2 
700117   
622690.8 
456824.3 
746554.3 
1165388.3
2614040.8
4695615.1
6687655  
3460889.5
1347958.3
996533.1 
673523.6 
581889.1 
475685.1 
457816.4 
604993.3 
649722.4 
1511801.7
4441056.1
4500562.2
2256048.1
786103.6 
582941   
304055.7 
355307.7 
355851.2 
285163.2 
275691.7 
345728.1 
578585.8 
1065098.4
1976769  
928540.9 
424825.5 
493861.6 
265521.4 
323587.7 
395063.8 
447715.6 
330059.7 
605575.6 
1171435  
3317946.8
4167199.3
1357818.9
829633.8 
351444.4 
564037   
665083.8 
461037.6 
452152.3 
431510.5 
831514   
1132298  
3640237.2
4685123.5
1881438.2
944574.6 
1079705.3
639344.5 
753882.5 
522593   
512521.4 
489123.7 
942533.7 
1283476.8
4126263.7
5310658.1
2132638.5
1070689.6
1223862.2
242069.5 
286587.5 
255131.8 
339493.2 
463805.3 
488922.6 
1141798.5
3290178.3
3877291.9
1512556.5
494863.5 
512299.4 
371627.1 
390040.6 
294033.3 
424007.3 
333267   
376176.9 
2012905.8
4812615.2
5358704.2
2003095.9
1084633.1
599888.2 
680253.8 
520686.7 
437965.3 
473401.1 
449000   
888406.5 
1162138.4
3146469.2
3040486.8
1151129  
755141.7 
611473.4 
346297.4 
464475.8 
373017.5 
345774.3 
371508   
422772.9 
725316.3 
1907037.4
1518295.4
1365895.8
722945.4 
537829.8 
539536.2 
348532.4 
283087.7 
236992.9 
316818.5 
551035.6 
853264   
2573654.7
3392326.5
2213603.6
1254387.4
816038.8 
537501.7 
395369.2 
333162.3 
289750.9 
267568.4 
717508   
1857034.2
3168565.1
2790072.2
1229054.1
578470.1 
382090.6 
358475.7 
385460.3 
395990.4 
329400.2 
337038.3 
376391.3 
498298.8 
1483961.1
3038252.6
1557652  
824390   
340047.4 
186703.8 
293468.4 
248696.2 
284444   
318970.4 
490141.5 
836742.8 
2702872.9
6424470.1
4726052.9
1934226.2
973533.1 
1045503.5
698305.2 
472957.5 
426690.5 
988277.5 
695253.9 
3230557.5
5255298.1
4910112.7
3253960.2
1164461  
525731.6 
307388.9 
321532.3 
308652.5 
362849.8 
310871.3 
637698.2 
1273891.6
2722960.7
4845681.1
2388539.6
769115.8 
396500.2 
324296.2 
383936.3 
341795.6 
454813.1 
621351.8 
655001   
1529647.3
4407793.9
5194339.7
2026345.3
662960   
686318.5 
206060.2 
243956   
217179.5 
288991.7 
394811.6 
416192.5 
971949.4 
2800745.3
3300522.4
1287555  
421249.7 
436091.9 
382710.8 
401673.5 
302802.7 
436653.2 
343206.6 
387396.3 
2072940.2
4956150.2
5518526.2
2062837.7
1116982  
617779.7 
439045.5 
367740.7 
265123   
306862.2 
319092.1 
285049.4 
395177.7 
651817.1 
1001514.7
695848.5 
622543.6 
404906.2 
480674.8 
417810.6 
369833.8 
334897.7 
354811.5 
690974   
1051050.1
3206809.2
2352756.1
1091116.9
819213   
450954.9 
288424.7 
366948.9 
260574.6 
351589.8 
426565.7 
575542.4 
672210.6 
2355837  
5469776.1
1923937.8
1612841.2
460479.4 
257751.6 
305153.7 
271660.2 
361486.8 
493852.2 
520596.7 
1215768.1
3503327.3
4128476.2
1610545.1
526922.5 
545487.9 
489093.3 
472195.1 
358549.5 
330869.9 
431581   
498304.9 
862743.8 
2223374.4
3421836.9
1294711.9
972981.9 
1158424.8
649108   
602978.8 
408766.8 
337541.6 
366555.6 
873313.5 
2004148.9
2303655.9
3753815.8
1586107.6
678804.5 
382352.4 
