NaN       
1551.5139 
893.226   
614.7352  
471.5664  
390.087   
1137.2077 
2838.7379 
9306.6405 
19482.0286
11408.7696
3861.6598 
2070.322  
1235.7    
747.97    
494.68    
404.43    
347.7     
403.24    
1695.87   
12805.29  
18767.6   
9669.42   
3060.5    
2126.28   
750.4443  
524.2988  
359.644   
203.2386  
158.8813  
260.1937  
1235.7432 
4491.9303 
11397.9758
3961.6394 
1394.8326 
1188.4939 
741.7888  
404.7923  
351.1357  
296.3269  
249.4567  
364.894   
1237.2163 
11121.0125
14161.7637
4998.8405 
2426.791  
751.28    
722.999   
584.3735  
299.6147  
438.8292  
312.4839  
465.5559  
1815.7091 
12501.4014
16996.6004
7562.6307 
2867.4256 
1891.1569 
759.5311  
613.9011  
314.7539  
461.0027  
328.2733  
489.0799  
1907.4545 
13133.0808
17855.4164
7944.7606 
3012.3129 
1986.7146 
720.2989  
423.0292  
334.9027  
300.4349  
240.4258  
294.8933  
1089.0604 
7797.1194 
20585.0192
9510.2245 
2521.1411 
1239.7721 
1005.62   
709.29    
480.79    
378.25    
297.72    
275.7     
1557.03   
10036.36  
23422.81  
9385.79   
3766.61   
1180.17   
1300.276  
722.4457  
441.0234  
392.3384  
283.8871  
488.0618  
2062.3657 
10566.5212
12400.8617
3933.6886 
2191.7678 
902.3866  
550.02    
339.97    
244.17    
215.41    
179.5     
242.78    
1108.96   
5099.5    
5502.15   
3284.63   
1101.62   
1073.46   
779.5     
513.32    
413.16    
331.24    
314.58    
383.41    
826.12    
5061.82   
13921.98  
11900.83  
5452.56   
2112.4    
2560.6753 
1213.3691 
670.3114  
459.9366  
341.3625  
420.9382  
1828.1274 
8016.8935 
12793.5349
6945.3467 
2680.8284 
1567.9197 
607.34    
461.75    
441.12    
389.36    
325.69    
402.25    
1101.22   
6743.8    
19126.61  
7681.98   
3629.75   
1309.09   
499.24    
717.42    
358.41    
284.23    
306.05    
340.17    
929.06    
6313.39   
22028.43  
19440     
6773.55   
2259.17   
2778.5301 
1137.6211 
744.4854  
515.8218  
447.8288  
542.0289  
2865.8935 
7908.2618 
12851.8817
9761.8822 
2858.2909 
1023.6675 
1060.0238 
653.888   
566.1576  
447.3647  
420.3565  
584.4326  
1626.5908 
6888.1325 
18392.0579
11711.0528
3632.9236 
1527.0866 
740.0302  
434.6173  
344.0768  
308.6648  
247.0118  
302.9714  
1118.8932 
8010.7071 
21148.9076
9770.7395 
2590.2031 
1273.7333 
721.39    
423.67    
335.41    
300.89    
240.79    
295.34    
1090.71   
7808.93   
20616.2   
9524.63   
2524.96   
1241.65   
1005.62   
709.29    
480.79    
378.25    
297.72    
275.7     
1557.03   
10036.36  
23422.81  
9385.79   
3766.61   
1180.17   
1179.1613 
547.2946  
463.5322  
333.4197  
199.648   
269.7882  
1238.5289 
6003.5743 
10612.4827
3273.2    
1906.9981 
1101.0979 
1319.468  
586.0196  
435.3467  
350.6324  
281.204   
344.5242  
1285.2619 
10236.0528
11431.3134
6033.3098 
2471.9608 
1877.3897 
1129.7763 
689.911   
435.0907  
433.4259  
392.3083  
487.8411  
911.7074  
4473.412  
16747.2445
8444.23   
4581.4046 
1540.9838 
719.0406  
422.2902  
334.3176  
299.9101  
240.0058  
294.3781  
1087.1577 
7783.4977 
20549.0567
9493.61   
2516.7366 
1237.6062 
816.4     
603.97    
447.27    
356.03    
302.68    
363.57    
811.83    
8179.84   
15439.34  
6230.08   
2876.03   
3877.69   
2173.88   
1243.64   
639.87    
539.5     
341.36    
603.97    
2719.34   
8590.41   
17400.99  
8370.25   
3092.23   
1610.58   
