NaN       
2935.4423 
1660.4328 
1346.2115 
1000.6643 
595.8952  
1638.6564 
7190.4092 
15585.0948
36384.2298
20800.3565
6643.9519 
3654.9138 
1839.5    
1425.94   
628.97    
760.47    
493.89    
1160.35   
4850.25   
17241.55  
29338.9   
16062.36  
6487.23   
4008.45   
1383.9097 
873.228   
457.0346  
323.328   
231.9294  
774.1834  
2936.604  
7992.1035 
18525.2671
7357.4106 
3139.4369 
2773.3952 
821.9856  
691.4424  
613.3841  
401.8922  
394.725   
473.7403  
2279.4331 
17291.0604
23191.3608
8545.0083 
5175.1504 
1932.545  
1367.9843 
998.4628  
826.3715  
736.2675  
505.3714  
1127.5737 
6112.1601 
20662.5427
28729.2569
11896.9903
5078.4544 
3579.1728 
1437.1067 
1048.9138 
868.127   
773.4701  
530.9072  
1184.5485 
6420.9995 
21706.594 
30180.9087
12498.1297
5335.062  
3760.0237 
1387.7379 
982.5217  
999.3562  
782.4947  
731.7915  
1173.4425 
4904.7007 
20849.6883
32212.3968
16822.738 
5104.3383 
2664.9533 
2312.96   
1434.07   
633.73    
511.35    
1143.09   
1412.25   
6337.47   
20620.24  
36286.69  
15004.56  
7179.27   
2606.51   
2197.557  
2120.7235 
1323.0909 
759.6353  
402.0008  
1064.059  
3604.244  
15537.5494
19910.4594
9372.9773 
4494.5241 
2249.9288 
1060.58   
667.25    
690.46    
473.06    
847.75    
687.68    
2100.72   
9280.98   
8882.89   
6489.61   
2665.82   
1808.55   
1369.01   
1009.2    
792.61    
608.14    
485.76    
638.88    
1421.77   
8626.63   
22551.17  
19279.4   
9849.45   
4664.19   
4302.7817 
2100.5698 
945.2961  
692.1791  
575.174   
820.8032  
3760.8959 
13502.0402
21361.4505
11086.5041
4480.4543 
3071.6762 
1232.15   
849.33    
744.41    
731.51    
462.55    
874.92    
3758.13   
11924.19  
31195.26  
13536.77  
6597.71   
2526.58   
553.2     
841.99    
455.61    
385       
518.88    
884.44    
4050.5    
20966.76  
39418.84  
36859.33  
13941.01  
4322.04   
4420.636  
2087.6271 
1137.8221 
781.7231  
1010.1953 
988.1629  
5912.4793 
13328.5699
20264.7263
15917.3975
5279.6495 
2120.2974 
1527.9159 
1002.7722 
774.5237  
711.3647  
596.2167  
856.5617  
3208.7483 
12266.6139
30764.2984
19983.9825
6186.6066 
2523.1836 
1425.7525 
1009.4361 
1026.7318 
803.9297  
751.8376  
1205.5868 
5039.0559 
21420.8268
33094.7957
17283.5657
5244.1622 
2737.9548 
1389.84   
984.01    
1000.87   
783.68    
732.9     
1175.22   
4912.13   
20881.27  
32261.19  
16848.22  
5112.07   
2668.99   
2312.96   
1434.07   
633.73    
511.35    
1143.09   
1412.25   
6337.47   
20620.24  
36286.69  
15004.56  
7179.27   
2606.51   
1677.6868 
792.0833  
588.366   
450.3201  
281.9856  
421.8663  
3057.9414 
9685.1312 
14794.4408
6390.3449 
3812.0076 
2223.9769 
1618.8118 
806.552   
772.7566  
473.6283  
411.1192  
908.3693  
2601.5064 
14771.9144
15550.3686
9793.9203 
4802.8884 
3081.6433 
2040.0597 
1448.1629 
876.6208  
904.8702  
556.9986  
1111.9241 
2206.6243 
7933.8669 
26216.9332
13484.7865
7796.1695 
3117.3056 
1385.3135 
980.8053  
997.6103  
781.1277  
730.5131  
1171.3925 
4896.1321 
20813.2634
32156.121 
16793.3483
5095.4209 
2660.2976 
1563.19   
928.28    
750.56    
480.8     
474.45    
885.63    
3663.12   
14569.38  
25708.31  
11266.46  
6189.9    
6659      
3148.01   
1841.68   
934.62    
729.53    
541.89    
1611.19   
5746.99   
16423.56  
29029.08  
13920.38  
5763.05   
2962.95   
