NaN         
9341.01386  
7027.66014  
3846.95301  
2841.41526  
6829.02017  
6508.23512  
24989.15529 
94482.30093 
204480.7279 
93315.13686 
27177.89635 
10993.05686 
5497        
3306        
2110        
4494        
3635        
3564        
10399       
92308       
134498      
46085       
10404       
8199        
1593.70201  
1338.83452  
704.26649   
722.99145   
1708.13231  
2766.09246  
11681.2532  
32850.85892 
74030.16321 
25145.53854 
7208.0687   
4270.33078  
2178.4865   
3831.6365   
3377.58172  
3791.60156  
3642.20289  
3545.53317  
12898.08526 
90291.47914 
98315.06658 
22580.68148 
11630.63771 
2284.92085  
3230.76709  
3493.3418   
2894.31205  
2728.58049  
3421.45823  
4787.24605  
13812.62755 
85148.08478 
127914.81507
45882.68335 
15491.9076  
10714.64538 
3394.01353  
3669.8558   
3040.55786  
2866.4521   
3594.34004  
5029.13934  
14510.56157 
89450.50626 
134378.18356
48201.0754  
16274.69345 
11256.04241 
1760.33356  
1530.68143  
2405.35653  
4676.91572  
3766.29507  
4162.69463  
8226.53899  
53260.32482 
124910.79349
42082.25661 
9148.14301  
3691.4085   
6088        
2634        
5663        
3477        
2654        
3537        
15501       
71297       
169382      
50167       
20611       
6247        
7053.68195  
2948.44112  
2535.2244   
2888.37453  
3209.42011  
4466.676    
17049.59123 
77868.05048 
85195.13898 
18084.18648 
8343.0424   
3772.80331  
2096        
1693        
2699        
2605        
1845        
4175        
13755       
49556       
48625       
21837       
6383        
6298        
4947        
3348        
3274        
3536        
2402        
3306        
7629        
33278       
102595      
74454       
23341       
12498       
12806.80245 
4513.56367  
3573.11377  
2994.1462   
2639.61546  
3420.17894  
16350.12372 
69919.02398 
109167.66282
39306.23767 
9668.65917  
5570.20432  
91          
930         
2379        
2838        
2841        
2881        
7431        
42908       
119323      
36430       
14915       
7496        
2087        
1389        
3383        
3747        
2759        
3765        
8438        
46397       
155947      
139344      
31198       
7404        
22176.95612 
7519.34875  
4336.57589  
4659.25774  
4572.12407  
3339.80497  
28356.74434 
69456.07026 
116937.21961
72843.75087 
15669.6985  
3755.36557  
7472.80054  
3883.31723  
4540.60425  
4024.60322  
3706.19783  
4218.10361  
15800.48373 
53619.05875 
166683.68782
80488.99301 
15482.07833 
4625.58061  
1808.55464  
1572.6116   
2471.24681  
4805.03115  
3869.46573  
4276.72392  
8451.88976  
54719.2926  
128332.4929 
43235.02195 
9398.73941  
3792.52779  
1763        
1533        
2409        
4684        
3772        
4169        
8239        
53341       
125100      
42146       
9162        
3697        
6088        
2634        
5663        
3477        
2654        
3537        
15501       
71297       
169382      
50167       
20611       
6247        
3606.9477   
2466.13133  
1647.16253  
2153.5087   
1710.71205  
2554.28066  
12829.82788 
43625.71976 
68116.88437 
14058.79358 
11373.31391 
4778.51383  
4145.377    
2348.84165  
3720.36807  
2675.29779  
3094.14717  
3537.63476  
9983.60361  
66999.47617 
67436.8042  
22741.0578  
13356.9837  
6848.39277  
6009.01398  
3886.64574  
3782.98789  
2779.91499  
3537.97843  
3127.53524  
6088.5897   
31967.45178 
134475.63899
40839.09761 
16910.88774 
5552.50063  
1757.25822  
1528.00729  
2401.15431  
4668.74503  
3759.71526  
4155.4223   
8212.16702  
53167.27772 
124692.57124
42008.73787 
9132.16097  
3684.95952  
2535        
1397        
1778        
1489        
2527        
3608        
6253        
52853       
103683      
32041       
15205       
28579       
11819       
5423        
3358        
2996        
4217        
5544        
22450       
54654       
126940      
39924       
9342        
3897        
