NaN       
1201.6268 
1193.8024 
892.4115  
698.6673  
818.0455  
1769.1743 
2064.6846 
3487.4656 
4845.6488 
3143.0259 
2949.2718 
2070.5554 
767.41    
850.91    
597.02    
456.4     
451.64    
769.79    
1834.71   
3558.35   
6670.41   
3887.6    
4153.39   
1531.24   
7134.9571 
4650.7856 
2037.9859 
1559.6382 
972.7663  
1662.1435 
3185.607  
9687.4655 
6363.1785 
4664.8603 
4088.0301 
2307.3105 
1047.27   
935.21    
924.3     
548.23    
396.3     
866.78    
1374.55   
1957.69   
2193.72   
2100.5    
2098.51   
2280.99   
1582.81   
1185.12   
880.26    
856.86    
662.68    
788.23    
777.52    
3145.79   
4631.41   
3968.93   
5456.53   
4472.73   
965.95    
1008.2    
549.22    
874.12    
892.17    
1150.41   
2471.41   
4244.63   
4907.11   
2495.21   
2356.36   
1650.25   
2144.13   
1810.91   
1132.56   
687.87    
678.35    
2971.24   
3913.39   
8447.6    
4893.22   
3114.05   
1453.88   
958.02    
1047.27   
935.21    
924.3     
548.23    
396.3     
866.78    
1374.55   
1957.69   
2193.72   
2100.5    
2098.51   
2280.99   
831.07    
754.51    
562.12    
387.57    
408.79    
704.73    
964.56    
3104.13   
2435.7    
918.74    
404.83    
321.72    
751.1339  
832.863   
584.3577  
446.7202  
442.0611  
753.4635  
1795.7975 
3482.8806 
6528.9367 
3805.1475 
4065.3004 
1498.7638 
1376.53   
932.23    
785.85    
686.28    
850.91    
1309.09   
2566.61   
8463.47   
7366.61   
4078.02   
6666.45   
7618.51   
1515.5914 
1040.5255 
557.9639  
521.2227  
873.0035  
772.7967  
2698.437  
12343.9569
10672.5766
3050.4116 
2057.9629 
963.591   
1804.7791 
959.6341  
665.2937  
631.7729  
587.0226  
1053.3117 
2348.0904 
3426.3694 
3746.9471 
1881.8013 
1875.5568 
972.123   
1681.98   
1594.71   
1372.56   
1320.99   
1509.42   
2025.12   
4573.88   
7146.45   
6452.23   
4024.46   
2437.69   
1553.06   
1830.9101 
1418.4404 
1045.1617 
817.4682  
808.1339  
1188.8745 
1623.739  
4234.7895 
4494.2121 
2318.0262 
2833.1452 
1606.9429 
1479.8606 
1007.0291 
816.1272  
784.0491  
695.8115  
874.2783  
1525.9811 
32194.0242
21117.109 
6873.9413 
3190.3238 
2225.8062 
2147.8824 
1814.0792 
1134.5421 
689.0738  
679.5372  
2976.4399 
3920.2388 
8462.384  
4901.7835 
3119.4998 
1456.4244 
959.6966  
2119.1131 
1439.1643 
1353.6409 
1247.2757 
1017.8359 
1366.1545 
2423.6237 
3939.9619 
4492.6826 
2200.4512 
1226.4128 
1339.0453 
697.6109  
598.5831  
484.5784  
390.3721  
489.7507  
694.3996  
718.1289  
686.0071  
981.8221  
316.5128  
1503.6945 
2237.34   
2067.1816 
1745.9202 
1091.9148 
663.1838  
654.0054  
2864.6083 
3772.9465 
8144.433  
4717.6124 
3002.2932 
1401.7032 
923.6386  
1376.5778 
932.2623  
785.8773  
686.3038  
850.9395  
1309.1354 
2566.6991 
8463.7637 
7366.8656 
4078.1615 
6666.6813 
7618.7744 
3032.6559 
1673.6059 
1199.7591 
1119.1022 
802.5232  
1939.7717 
8188.5795 
19357.3787
21000.7407
10765.5247
8515.2329 
4347.3415 
1875.2423 
1452.7854 
1070.4684 
837.2617  
827.7014  
1217.6609 
1663.0549 
4337.3273 
4603.0313 
2374.153  
2901.7447 
1645.8521 
827.8279  
703.2959  
393.1872  
458.8547  
464.4666  
1359.3549 
10250.1908
7751.7082 
5639.61   
2594.5815 
1619.6124 
1949.9382 
2206.7197 
1863.7726 
1165.6207 
707.9497  
698.1518  
3057.974  
4027.6264 
8694.1953 
5036.0588 
3204.9528 
1496.3205 
985.9857  
