NaN       
3040.5114 
2842.4358 
2438.0455 
2093.1893 
2225.2919 
4344.8234 
11345.0451
27383.7623
30293.0518
12369.1432
7643.5709 
4495.2442 
2557.9776 
2587.5119 
1984.0725 
1410.3261 
1987.7618 
2552.7214 
11792.189 
38556.6685
61785.1872
31065.9314
8250.4959 
4672.4452 
8351.7915 
5750.0896 
4237.4783 
3210.7943 
2682.3783 
3944.0367 
18105.6713
44193.4178
52703.4466
19639.728 
7492.8114 
5720.042  
3371.152  
2789.7294 
2541.2369 
1845.7632 
1574.639  
2672.0882 
6698.4291 
17026.2416
34110.9766
10278.9392
3353.8162 
3366.1536 
2410.7823 
2808.89   
2326.4638 
2314.9199 
1959.0011 
3191.7248 
6195.7513 
23913.4997
58823.4687
39087.2342
13259.2629
7219.9103 
3048.9924 
3187.8372 
3257.1208 
2643.8829 
2424.0717 
2809.0884 
8347.5484 
27769.5969
53295.0055
15964.0193
7269.9341 
4368.2958 
7162.3691 
4129.0265 
2825.4324 
2419.6684 
2338.583  
6176.5313 
20438.8488
35911.9525
56973.0442
15987.8213
5670.2832 
3539.1939 
3371.152  
2789.7294 
2541.2369 
1845.7632 
1574.639  
2672.0882 
6698.4291 
17026.2416
34110.9766
10278.9392
3353.8162 
3366.1536 
3582.5928 
2690.5744 
2898.0086 
2475.1864 
2232.4064 
3299.0519 
12549.7659
33262.0795
67706.244 
27639.42  
6617.2048 
3401.0036 
2503.7252 
2532.6331 
1941.9921 
1380.4144 
1945.6032 
2498.5805 
11542.0874
37738.9167
60474.7797
30407.0513
8075.5104 
4573.3469 
2731.0378 
3006.7241 
1175.0436 
1221.3781 
1469.0178 
2870.557  
6948.7663 
23570.1563
34947.0604
10658.7789
5407.807  
12950.3332
4258.4705 
2361.2885 
2393.2355 
3186.621  
2972.1858 
2905.6183 
20294.2832
49999.3692
87544.8548
20837.4013
9443.6731 
5848.9153 
3757.0489 
2961.895  
2101.3562 
2277.2567 
2054.1024 
2091.3434 
7725.5115 
34171.0909
34265.0364
14322.0953
5556.3765 
3873.8094 
3600.8212 
3138.3291 
2729.6096 
2816.4868 
2605.8394 
2993.99   
14498.8297
38169.4303
65052.5626
17987.3849
5878.8876 
4348.8773 
3853.5192 
3607.7342 
2412.0866 
2147.619  
2056.0539 
2737.7159 
6463.4433 
17018.1093
48322.4167
17173.5798
7500.7089 
5162.8672 
4280.8288 
2824.7696 
2443.6097 
2536.353  
2328.9089 
2424.7603 
11820.0848
39692.3955
53667.6735
26099.0995
6196.1529 
5762.8965 
7174.9038 
4136.2526 
2830.3771 
2423.903  
2342.6757 
6187.3407 
20474.6185
35974.8014
57072.7517
16015.8013
5680.2067 
3545.3878 
6989.629  
5783.1807 
3409.2251 
3561.1524 
3109.1252 
3543.319  
19231.1735
70036.5584
77345.2678
28345.5091
7551.1588 
6745.4693 
3854.1855 
2411.4731 
2243.2242 
1512.2244 
1900.1426 
2908.9762 
8207.8902 
18437.0159
17883.3109
5666.9565 
6205.8526 
5892.2637 
6905.3264 
3980.8443 
2724.0335 
2332.8315 
2254.6561 
5954.8683 
19705.3406
34623.1466
54928.3991
15414.0514
5466.7884 
3412.1795 
2731.1326 
3006.8284 
1175.0844 
1221.4205 
1469.0688 
2870.6566 
6949.0074 
23570.9742
34948.2731
10659.1488
5407.9947 
12950.7826
5954.5301 
4150.2572 
3770.2628 
3083.1876 
2920.1802 
3046.9928 
5894.9449 
31722.751 
99981.3681
77603.355 
22180.6257
8784.7779 
3946.8252 
3695.0889 
2470.4909 
2199.6197 
2105.8375 
2804.0047 
6619.9439 
17430.1722
49492.4569
17589.4071
7682.325  
5287.8768 
2862.0438 
2707.7684 
2247.3244 
2044.9004 
1869.1834 
3164.1282 
10899.5424
53430.8168
70972.4718
22740.213 
10625.4862
8208.0104 
7371.447  
4249.5576 
2907.9101 
2490.3013 
2406.849  
6356.8315 
21035.4826
36960.2643
58636.1538
16454.5245
5835.8054 
3642.5071 
