NaN       
53052.62  
37021.85  
43588.96  
41219.32  
38693     
64286.28  
128415.89 
303680.99 
349152.79 
213476.89 
117125.34 
62174.96  
55015.08  
49749.39  
50037.21  
39595.71  
44132.24  
47229.65  
91921.39  
454191.78 
748221.25 
444433.98 
168949.57 
78475.39  
93845.93  
82615.46  
68113.67  
51531.61  
51617.41  
70292.99  
172683.84 
492838.75 
541351.75 
294097.38 
130592.6  
62412.63  
60310.64  
55649.78  
51839.08  
47194.67  
35118.42  
36252.92  
65876.78  
176383.25 
335593.2  
210573.17 
88628.79  
68466.89  
62274.25  
44796.13  
56064.83  
47607.97  
38887.72  
58161.75  
70681.28  
330496.82 
644302.63 
514365.37 
237548.66 
116278.76 
42188.37  
44982.86  
44418.11  
41435.97  
36426.38  
42783.33  
78410.63  
289600.52 
593214.7  
190152.91 
107139.1  
59607.97  
92961.6   
65343.72  
44483.42  
39571.44  
37385.96  
76184.52  
190001.77 
355174.54 
611921.45 
202555.01 
88788.05  
54232.88  
57681     
53223.36  
49578.82  
45136.91  
33587.2   
34672.24  
63004.45  
168692.66 
320960.81 
201391.85 
84764.44  
65481.63  
64760.27  
53229.75  
52288.14  
75431.11  
46574.22  
62716.32  
119029.1  
380467.75 
858799.22 
544683.55 
214230.82 
84593.1   
53513.58  
48391.6   
48671.57  
38515.04  
42927.76  
45940.64  
89412.62  
441795.75 
727800.42 
432304.27 
164338.51 
76333.6   
75056.49  
70198.39  
60756.2   
50790.74  
55049.79  
69989.95  
99020.52  
442605.05 
644507.23 
220302.63 
170274.2  
229996.98 
70339.26  
57371.02  
53567.86  
48747.56  
42103.13  
47787.65  
183241.39 
657616.57 
1061062.53
317202.47 
192852.39 
102127.98 
52132.43  
51274.15  
39539.26  
38133.5   
33502.53  
38869.31  
75185.42  
370784.65 
427993.66 
212380.62 
114969.61 
62083.88  
73383.48  
69906.49  
58520.93  
59217.38  
49936.97  
73440.38  
131431.33 
393395.23 
562279.03 
350051.9  
122690.38 
67062.73  
64217     
54338     
43665.49  
35090.58  
36825.05  
42729.69  
71851.8   
206406.07 
616058.03 
214361.72 
142550.45 
71373.98  
85433.19  
72845.4   
68024.39  
69122.85  
54982.73  
61761.64  
193903.52 
630094.89 
606699.23 
362401.34 
158245.54 
107816.84 
118460.1  
83266.89  
56684.81  
50425.52  
47640.58  
97081.23  
242117.49 
452595.61 
779765.82 
258113.97 
113141.78 
69108.45  
105557.44 
87717.9   
61499.36  
64513.75  
65352.01  
75760.49  
210308.81 
755317.88 
885641.52 
419651.78 
161949.73 
96831.44  
63961.41  
60693.09  
46186.44  
40247.84  
42928.56  
53792.89  
96445.22  
283296.44 
250015.24 
112461.2  
116011.45 
78560.14  
96288.35  
67682.13  
46075.31  
40987.55  
38723.86  
78910.88  
196801.22 
367884.91 
633819.84 
209803.7  
91965.44  
56173.67  
61386.07  
57412.79  
49690.36  
41539.96  
45023.28  
57242.32  
80985.41  
361991.12 
527119.81 
180177.78 
139261.28 
188106.44 
114513.3  
69533.4   
64316.25  
60626.95  
52244.09  
63971.96  
76294.9   
324786.54 
1041750.28
875155.68 
369485.95 
147989.74 
64990.9   
54992.84  
44191.72  
35513.46  
37268.84  
43244.63  
72717.71  
208893.53 
623482.33 
216945.05 
144268.37 
72234.13  
47275.42  
89990.23  
55576.81  
49340.45  
33047.03  
64946.82  
104879.89 
555159.72 
823105.32 
433121.46 
178231.23 
106868.87 
102536.07 
72073.72  
49064.93  
43647.05  
41236.48  
84031.05  
209570.77 
391755.31 
674945.56 
223416.92 
97932.67  
59818.53  
