NaN      
332908.5 
232341.2 
213882.8 
182206.5 
295680.8 
711127.7 
1048839  
1452328.9
1553478.8
873534   
603256.4 
279752.2 
535889.7 
450728.6 
535424.8 
389834.9 
451687.5 
527613.1 
715090   
2577473.2
4679807.2
2793066.8
1484907.4
674193.5 
799391.9 
588007.3 
495491   
430928   
397937.4 
1067103.7
2761848.1
4712404  
4149495.8
1827893.4
860321.5 
568258.9 
272470   
318397.9 
318884.9 
255540.1 
247052.5 
309813.5 
518481.6 
954454.6 
1771419.8
832083   
380694.1 
442558.6 
632910.2 
408850.6 
332079.9 
278007.7 
371648.2 
646399.8 
1000932.9
3019060.4
3979414.6
2596697.6
1471476.2
957265.4 
530593.6 
570534.6 
586120.5 
487557.8 
498863.3 
557111.1 
737551.1 
2196467.6
4497033.7
2305540.2
1220211.1
503317.1 
736096.2 
683785.1 
463546.3 
382776.2 
415678.3 
990347.8 
2272728.5
2612373  
4256871.4
1798664.7
769772.3 
433592.2 
472499.1 
552144.1 
552988.7 
443140.4 
428421.8 
537257.6 
899115.8 
1655150.9
3071876.9
1442942.2
660174.1 
767455.4 
350364.3 
366485.2 
351804.6 
413579.1 
354333.6 
726853.6 
1451991.9
3103652.5
5523146.3
2722476.7
876644.4 
451934.1 
529360.9 
445237.4 
528901.7 
385085.5 
446184.6 
521185.2 
706378   
2546071.7
4622793  
2759038.8
1466816.7
665979.8 
353726.4 
341505.2 
259313.4 
239294.7 
312131.9 
360388.6 
623961.4 
1608008.9
2474771.7
936373.2 
703688.7 
837806.4 
315298.9 
330921.5 
249466.1 
359739.8 
282753.1 
319159.1 
1707805.9
4083158.2
4546475.5
1699482.9
920233.2 
508962.1 
285439.2 
306652.6 
217873   
218671.4 
227565   
291460.8 
598454.1 
2239287.9
2756221  
1621985  
835518.7 
314412.7 
547176.7 
674080.2 
362132.3 
340891.8 
499901   
807752.9 
1350897.7
2431710.5
3033594.2
1404708.2
868705.1 
527823.3 
204879.3 
260658.1 
185096.3 
249747.9 
303006.3 
408830.2 
477497.4 
1673442.8
3885395.1
1366648  
1145663.9
327096.4 
610563.5 
550085.8 
428812.9 
562322.1 
511545.9 
771516.8 
2637524.2
5184744.1
4029380.8
2820206.1
1224158  
825344.8 
714166.2 
663413.6 
449736.3 
371372.4 
403294.4 
960843.2 
2205018.8
2534544.6
4130049.7
1745078.5
746839.1 
420674.5 
777207.7 
671466.7 
548913.4 
528293.9 
698127.6 
749742.5 
1744532.5
5124724.2
5193390.8
2603350.2
907118.5 
672680.5 
427816.6 
345381.6 
264371.9 
155366.4 
285756.3 
443428.3 
588598.9 
1393960.8
1417675.4
702739.7 
526877.7 
515816.2 
646941.4 
600966.1 
407402.4 
336415   
365332.1 
870398.5 
1997459.3
2295966.6
3741286  
1580813.3
676538.7 
381076.2 
353741.7 
341520   
259324.6 
239305   
312145.4 
360404.2 
623988.3 
1608078.4
2474878.7
936413.7 
703719.2 
837842.7 
762058.5 
546491.4 
471386.1 
360591.7 
417042.2 
846421.2 
1086639.9
3285163.8
6472847.5
3787999.4
1659082.1
655016.9 
179177.6 
227959.1 
161876.3 
218417.6 
264994.7 
357543.3 
417596.3 
1463512.8
3397980.1
1195204.8
1001942.7
286062.9 
494191.1 
582725   
403946.2 
396161.2 
378075.6 
728545.8 
992083   
3189458.5
4104954.2
1648455.5
827605.8 
946003   
609200.9 
565907.7 
383635.8 
316789.6 
344019.7 
819622.2 
1880933.8
2162027.2
3523031.2
1488593.7
637071.6 
358845.4 
