NaN       
469.6887  
429.965   
249.1364  
182.7921  
185.9199  
484.7652  
1895.4002 
6282.1249 
9384.0458 
4851.5294 
2456.1001 
1008.662  
727.74    
432.6     
355.83    
294.35    
224.33    
330.25    
1113.92   
9298.51   
17293.88  
11170.91  
4131.57   
1320.2    
2612.7996 
1238.068  
683.956   
469.2989  
348.3111  
429.5067  
1865.3402 
8180.083  
13053.9563
7086.7241 
2735.3986 
1599.8358 
721.39    
504       
345.72    
195.37    
152.73    
250.12    
1187.9    
4318.02   
10956.69  
3808.26   
1340.83   
1142.48   
779.5     
513.32    
413.16    
331.24    
314.58    
383.41    
826.12    
5061.82   
13921.98  
11900.83  
5452.56   
2112.4    
607.34    
461.75    
441.12    
389.36    
325.69    
402.25    
1101.22   
6743.8    
19126.61  
7681.98   
3629.75   
1309.09   
2173.88   
1243.64   
639.87    
539.5     
341.36    
603.97    
2719.34   
8590.41   
17400.99  
8370.25   
3092.23   
1610.58   
721.39    
504       
345.72    
195.37    
152.73    
250.12    
1187.9    
4318.02   
10956.69  
3808.26   
1340.83   
1142.48   
1035.37   
638.68    
552.99    
436.96    
410.58    
570.84    
1588.76   
6727.93   
17964.3   
11438.68  
3548.43   
1491.57   
712.3053  
423.4249  
348.2832  
288.1071  
219.5722  
323.2457  
1090.2948 
9101.2971 
16927.0926
10933.9852
4043.9432 
1292.1998 
816.4     
603.97    
447.27    
356.03    
302.68    
363.57    
811.83    
8179.84   
15439.34  
6230.08   
2876.03   
3877.69   
975.1302  
687.7848  
466.2128  
366.7817  
288.6933  
267.341   
1509.8218 
9732.0639 
22712.6453
9101.2188 
3652.4088 
1144.388  
890.9448  
587.6418  
370.3236  
333.6858  
338.6814  
351.5902  
736.2708  
7460.5834 
10206.2631
6838.1719 
2031.6792 
745.6427  
661.49    
657.12    
494.88    
365.36    
259.64    
322.51    
1572.5    
7703.8    
15808.26  
5940.5    
1842.65   
782.28    
1015.305  
620.0078  
391.0064  
389.5103  
352.5588  
438.412   
819.3313  
4020.1566 
15050.3788
7588.643  
4117.2071 
1384.8481 
1086.8352 
719.4783  
459.8001  
390.4171  
269.9093  
259.476   
1305.0029 
13070.1068
16661.4832
10525.4705
2861.4648 
1724.5057 
2177.6845 
1245.8165 
640.9898  
540.4442  
341.9574  
605.027   
2724.0991 
8605.4439 
17431.4432
8384.8986 
3097.6417 
1613.3986 
1299.412  
786.5349  
520.1854  
425.2822  
365.6272  
424.0308  
1783.3081 
13465.5237
19735.2472
10167.97  
3218.2977 
2235.9098 
806.8032  
357.8996  
252.4583  
145.056   
212.4927  
324.5365  
1201.6369 
7125.9504 
7777.1732 
3199.0039 
2936.7319 
2033.9503 
2095.8639 
1199.0083 
616.9064  
520.1385  
329.1093  
582.2948  
2621.7485 
8282.1179 
16776.5043
8069.859  
2981.2562 
1552.7796 
816.4283  
603.991   
447.2855  
356.0424  
302.6905  
363.5826  
811.8582  
8180.1239 
15439.8758
6230.2962 
2876.1298 
3877.8246 
1020.299  
710.9785  
566.6114  
404.6876  
302.865   
484.1347  
757.7624  
4121.5142 
19216.2341
18343.1386
6180.2483 
1713.9344 
1039.8888 
635.0202  
400.4739  
398.9416  
361.0954  
449.0273  
839.1699  
4117.4974 
15414.7965
7772.3883 
4216.8979 
1418.3797 
730.9316  
590.7851  
302.902   
443.644   
315.9124  
470.6639  
1835.6307 
12638.5647
17183.0844
7645.6067 
2898.8865 
1911.9063 
2237.3381 
1279.9433 
658.5486  
555.2486  
351.3247  
621.6006  
2798.7207 
8841.1741 
17908.9452
8614.5874 
3182.4958 
1657.5947 
