NaN       
691.2376  
504.7257  
376.7337  
309.2153  
263.0288  
1302.2384 
3512.3595 
11678.449 
15457.567 
9338.1849 
5225.974  
2050.4271 
1006.82   
1051.45   
843.38    
446.09    
443.11    
640.67    
3930.5    
17165.78  
31130.2   
22066.8   
8417.17   
3300.54   
4390.3679 
2143.3284 
964.5383  
706.2689  
586.8821  
837.5113  
3837.4516 
13776.8838
21796.278 
11312.1777
4571.6571 
3134.2024 
1330.33   
839.42    
439.34    
310.81    
222.95    
744.21    
2822.91   
7682.68   
17808.04  
7072.56   
3017.89   
2666.02   
1369.01   
1009.2    
792.61    
608.14    
485.76    
638.88    
1421.77   
8626.63   
22551.17  
19279.4   
9849.45   
4664.19   
1232.15   
849.33    
744.41    
731.51    
462.55    
874.92    
3758.13   
11924.19  
31195.26  
13536.77  
6597.71   
2526.58   
3148.01   
1841.68   
934.62    
729.53    
541.89    
1611.19   
5746.99   
16423.56  
29029.08  
13920.38  
5763.05   
2962.95   
1330.33   
839.42    
439.34    
310.81    
222.95    
744.21    
2822.91   
7682.68   
17808.04  
7072.56   
3017.89   
2666.02   
1492.38   
979.45    
756.51    
694.82    
582.35    
836.64    
3134.12   
11981.32  
30048.79  
19519.2   
6042.72   
2464.5    
985.4663  
1029.1497 
825.4927  
436.6288  
433.712   
627.082   
3847.1377 
16801.7094
30469.9568
21598.7833
8238.6495 
3230.5386 
1563.19   
928.28    
750.56    
480.8     
474.45    
885.63    
3663.12   
14569.38  
25708.31  
11266.46  
6189.9    
6659      
2242.8325 
1390.5899 
614.5157  
495.8462  
1108.4322 
1369.4315 
6145.3219 
19995.0474
35186.5006
14549.6313
6961.5991 
2527.4823 
1741.9355 
1122.6411 
502.7169  
451.0924  
532.491   
537.0668  
2455.7367 
10845.4664
17173.9318
12096.3343
4501.8044 
1615.5768 
1061.57   
1177.01   
983.62    
611.91    
462.35    
897.93    
3845.6    
12616.43  
25966.36  
10105.72  
3685.14   
1564.58   
1833.3566 
1301.4321 
787.7998  
813.1868  
500.5624  
999.2616  
1983.0445 
7129.991  
23560.579 
12118.4798
7006.2454 
2801.4537 
1699.8582 
941.2653  
711.2692  
526.9792  
383.401   
550.4438  
2862.5061 
27862.6872
31424.432 
18926.0399
6044.2569 
3480.129  
3153.5193 
1844.9031 
936.2557  
730.8067  
542.8384  
1614.0097 
5757.0477 
16452.3026
29079.8833
13944.7418
5773.1358 
2968.1354 
1934.3436 
1499.4607 
661.3993  
799.6794  
519.3547  
1220.177  
5100.3262 
18130.5149
30851.5976
16890.5265
6821.708  
4215.1235 
1412.8973 
649.6217  
340.422   
304.918   
403.2262  
793.4274  
2569.5853 
11259.1199
13669.9137
6516.3931 
6118.3392 
4583.7553 
3035.0344 
1775.5859 
901.0784  
703.3487  
522.4427  
1553.3677 
5540.7424 
15834.1523
27987.2862
13420.8063
5556.226  
2856.6158 
1563.2442 
928.3122  
750.586   
480.8167  
474.4665  
885.6607  
3663.2471 
14569.8856
25709.2021
11266.851 
6190.1148 
6659.2311 
2167.6525 
853.3532  
767.044   
546.6555  
428.8928  
1078.3773 
4813.5942 
13865.3065
33776.6603
30445.3278
10678.9613
3857.8187 
1877.748  
1332.9439 
806.8749  
832.8767  
512.6826  
1023.457  
2031.0603 
7302.6309 
24131.0559
12411.907 
7175.889  
2869.2858 
1382.9936 
1009.4178 
835.4383  
744.3457  
510.9163  
1139.9452 
6179.2217 
20889.2488
29044.4698
12027.5222
5134.1744 
3618.4429 
3239.9041 
1895.4408 
961.9026  
750.8258  
557.7084  
1658.2225 
5914.7513 
16902.9829
29876.4727
14326.7321
5931.2802 
3049.442  
