NaN         
1697.08758  
1543.16568  
1976.31769  
2388.74944  
3097.18483  
4141.09103  
15798.70136 
50098.61737 
64207.1379  
24588.03633 
12759.73057 
3084.35801  
3852        
1717        
4937        
3229        
2697        
2799        
6780        
56538       
115192      
75278       
20058       
5832        
13067.494   
4605.44046  
3645.84704  
3055.09417  
2693.3467   
3489.79911  
16682.94209 
71342.2753  
111389.84801
40106.34401 
9865.47158  
5683.58978  
1532        
1287        
677         
695         
1642        
2659        
11229       
31579       
71164       
24172       
6929        
4105        
4947        
3348        
3274        
3536        
2402        
3306        
7629        
33278       
102595      
74454       
23341       
12498       
91          
930         
2379        
2838        
2841        
2881        
7431        
42908       
119323      
36430       
14915       
7496        
11819       
5423        
3358        
2996        
4217        
5544        
22450       
54654       
126940      
39924       
9342        
3897        
1532        
1287        
677         
695         
1642        
2659        
11229       
31579       
71164       
24172       
6929        
4105        
7299        
3793        
4435        
3931        
3620        
4120        
15433       
52372       
162807      
78617       
15122       
4518        
3770.30259  
1680.58399  
4832.29073  
3160.51585  
2639.79909  
2739.63576  
6636.20238  
55338.88053 
112748.88262
73681.4222  
19632.58809 
5708.30859  
2535        
1397        
1778        
1489        
2527        
3608        
6253        
52853       
103683      
32041       
15205       
28579       
5903.4157   
2554.13879  
5491.30143  
3371.57957  
2573.5324   
3429.76041  
15031.01952 
69135.32022 
164246.44528
48645.9684  
19986.08756 
6057.59493  
3760.32813  
2131.51728  
1132.40135  
2551.31389  
2258.50576  
3760.32813  
6026.18032  
65845.09814 
86967.16453 
45413.59718 
13426.14505 
4815.06711  
2284        
3306        
2464        
2844        
2743        
3956        
19589       
62824       
119588      
29283       
7380        
2134        
5400.16817  
3492.8427   
3399.68768  
2498.24821  
3179.50309  
2810.64686  
5471.68111  
28728.44299 
120850.2872 
36701.19519 
15197.44138 
4989.9097   
4323.92656  
3815.40773  
2719.51425  
3423.15065  
2674.02052  
2708.39356  
14494.30328 
79065.07475 
109076.78482
59614.98751 
13008.17468 
5762.53949  
11839.68422 
5432.4907   
3363.87678  
3001.24325  
4224.3801   
5553.70246  
22489.28935 
54749.64899 
127162.15544
39993.87028 
9358.34927  
3903.82007  
5780.42231  
3476.45555  
2218.79044  
4725.70818  
3822.41861  
3747.75789  
10935.16674 
97067.34991 
141432.6432 
48461.11735 
10940.42454 
8621.73595  
3060.15455  
886.02358   
829.35405   
2125.55708  
2208.31258  
2994.48986  
9696.78601  
54642.91837 
64859.62482 
17217.64203 
17699.78278 
9213.74575  
11394.84045 
5228.37971  
3237.4883   
2888.47974  
4065.66056  
5345.03727  
21644.31578 
52692.5806  
122384.38507
38491.20994 
9006.73488  
3757.1447   
2535.08797  
1397.04848  
1778.0617   
1489.05167  
2527.08769  
3608.1252   
6253.21699  
52854.83407 
103686.59794
32042.11187 
15205.52763 
28579.99173 
8205.98365  
4498.44867  
3870.19075  
2557.762    
3222.61746  
5538.429    
6383.22241  
37955.72416 
160924.50362
135310.28608
34556.21854 
6923.03625  
5530.9235   
3577.41558  
3482.00498  
2558.73878  
3256.48902  
2878.7016   
5604.168    
29424.05041 
123776.45888
37589.84842 
15565.42    
5110.73137  
3266.21456  
3531.67019  
2926.06798  
2758.51804  
3458.99792  
4839.77095  
13964.1775  
86082.31601 
129318.27606
46386.10085 
15661.88234 
10832.20476 
12164.0104  
5581.3037   
3456.02394  
3083.45674  
4340.09915  
5705.83583  
23105.3417  
56249.41404 
130645.52673
41089.42815 
9614.70388  
4010.75798  
