NaN        
2284.91928 
1969.88966 
1620.15206 
1365.64241 
1051.68943 
1556.46109 
3421.98623 
8385.8309  
5858.13166 
1951.68754 
3474.00229 
2294.0422  
1179.00807 
915.83552  
742.2212   
760.19163  
755.70022  
1179.51721 
2993.50356 
44159.9169 
13014.82783
2841.5717  
1738.45274 
1438.71875 
1090.16309 
957.18501  
826.58181  
932.34924  
841.50008  
1219.43038 
1965.19647 
2128.34916 
531.84346  
653.76949  
775.73182  
620.91978  
2332.93965 
2011.2893  
1654.20153 
1394.34305 
1073.79196 
1589.17202 
3493.90345 
8562.06937 
5981.24744 
1992.70464 
3547.01269 
2342.2543  
925.63104  
1049.15674 
948.53375  
886.08167  
776.67736  
1636.57648 
4787.40066 
4859.66044 
1982.72194 
919.90049  
745.87002  
933.76312  
1932.24431 
1358.20788 
1106.61902 
812.74161  
772.59682  
1585.51211 
2888.89423 
2861.67683 
840.96088  
706.79059  
1201.43732 
943.82984  
1201.49164 
928.83303  
782.98643  
728.9878   
1012.46654 
1934.92067 
5516.06781 
12718.6359 
4974.05677 
1846.89093 
3979.80542 
5395.07765 
1568.91819 
1030.83887 
506.33505  
654.3778   
829.39261  
1292.22815 
3645.44925 
20331.27479
4314.57996 
995.98037  
768.78896  
552.18277  
627.91383  
615.02219  
497.88655  
427.61153  
600.92989  
1058.41226 
1591.56295 
1063.09587 
683.64017  
147.82058  
925.71764  
1633.84693 
849.61563  
827.84119  
734.21515  
604.14619  
777.83939  
1100.49459 
2265.91988 
6013.30578 
3982.97955 
1672.74635 
2976.66456 
1166.89392 
2115.78122 
1487.21914 
1211.73276 
889.941    
845.983    
1736.11418 
3163.29986 
3133.49718 
920.84072  
773.92608  
1315.55751 
1033.48083 
1296.89161 
1002.58356 
845.15655  
786.87036  
1092.85768 
2088.55585 
5954.05065 
13728.51186
5369.00324 
1993.53643 
4295.80707 
5823.45372 
1152.30201 
1174.00563 
949.19012  
944.33532  
950.31468  
1902.75728 
6265.83777 
5732.69446 
1926.99063 
2712.37426 
3017.70345 
1558.63047 
1641.66133 
1451.80117 
1069.74316 
892.01316  
987.78368  
1805.14097 
3584.82046 
6537.40471 
3117.29637 
1078.42936 
1737.47081 
1168.98669 
989.35467  
868.6732   
750.147    
846.13401  
763.68576  
1106.66848 
1783.47287 
1931.53868 
482.66338  
593.3148   
703.99915  
563.50273  
803.74945  
894.91215  
882.01074  
988.46154  
826.08788  
1394.54422 
4323.2788  
6169.98798 
1511.251   
484.46605  
597.07496  
583.33531  
822.59734  
801.51534  
710.86667  
584.93398  
753.10364  
1065.49821 
2193.86228 
5822.07908 
3856.31843 
1619.55202 
2882.00486 
1129.786   
1511.59023 
1419.07636 
867.53142  
757.47401  
896.51249  
1605.14862 
2697.47621 
3460.37199 
2530.76267 
842.63762  
1021.24747 
1625.19231 
1511.59023 
1419.07636 
867.53142  
757.47401  
896.51249  
1605.14862 
2697.47621 
3460.37199 
2530.76267 
842.63762  
1021.24747 
1625.19231 
1076.51421 
1096.79037 
886.76114  
882.22565  
887.81174  
1777.61146 
5853.72875 
5355.65069 
1800.25095 
2533.97929 
2819.22675 
1456.11814 
973.70292  
849.46041  
662.7829   
650.00872  
603.34226  
998.46197  
1588.49001 
1265.71349 
366.17899  
73.11445   
125.95017  
411.42426  
2108.96867 
1482.43047 
1207.83113 
887.0755   
843.25904  
1730.5241  
3153.11443 
3123.4077  
917.87573  
771.43413  
1311.32158 
1030.15315 
830.88145  
989.94397  
539.27498  
915.0384   
1046.15014 
1675.69763 
5234.36328 
6286.09965 
3265.26324 
1113.64904 
1386.30312 
1151.66653 
1001.36141 
1135.62047 
848.91835  
708.55814  
929.31021  
2496.60859 
4236.52342 
5003.66451 
3123.78519 
1359.02057 
1681.00182 
1399.91181 
1014.40145 
896.81874  
770.63723  
562.98157  
511.88906  
982.10257  
2276.37454 
5031.72057 
1952.34961 
649.76209  
1576.63617 
716.58183  
