NaN      
5063.872 
3765.007 
3225.238 
3097.365 
3732.417 
8256.148 
19231.499
48684.086
30839.18 
6024.408 
5972.948 
5487.287 
4339.742 
3285.986 
3061.097 
3289.422 
4190.501 
7064.893 
29222.647
55365.346
27889.301
10336.575
4384.393 
5305.606 
2373.751 
2818.3   
2490.189 
2325.545 
3484.298 
7438.897 
18504.346
20571.993
6018.471 
1969.26  
1441.776 
2223.61  
5170.296 
3844.133 
3293.021 
3162.46  
3810.859 
8429.661 
19635.673
49707.241
31487.303
6151.018 
6098.477 
5602.609 
4865.395 
4188.755 
4139.636 
3959.845 
3946.188 
8184.613 
24980.929
77082.01 
39895.172
14300.295
6982.846 
6652.56  
4454.697 
4056.108 
4470.268 
3373.768 
3232.716 
11790.516
17258.592
27671.96 
10004.273
3273.974 
2236.555 
2850.274 
2621.424 
3311.691 
1393.711 
1499.8   
2502.73  
7919.111 
16265.977
31129.106
17195.269
3996.981 
3623.114 
11288.821
5516.755 
4488.389 
4396.602 
4226.266 
4834.683 
8912.982 
17831.566
73220.99 
21607.526
3260.318 
3091.679 
2519.402 
3346.154 
2402.384 
2406.551 
1679.59  
2928.04  
7258.623 
17378.32 
22024.123
7958.845 
1922.11  
3760.677 
4645.726 
4632.969 
3539.851 
3576.988 
3072.65  
3744.123 
9256.673 
17998.188
35084.233
29430.612
6736.43  
5380.266 
3547.36  
4877.833 
4441.383 
4894.882 
3694.23  
3539.781 
12910.455
18897.923
30300.42 
10954.542
3584.957 
2448.997 
3121.011 
2829.568 
3574.643 
1504.373 
1618.886 
2701.45  
8547.898 
17557.516
33600.797
18560.596
4314.346 
3910.794 
12185.168
4528.413 
5598.211 
4093.144 
3289.232 
4385.301 
13687.473
18778.817
22634.2  
9754.759 
4735.572 
3564.144 
3349.226 
4465.476 
4797.24  
3453.92  
3183.767 
4228.849 
9117.995 
18265.734
27134.15 
28704.35 
7774.746 
6066.858 
5433.246 
2154.248 
2557.69  
2259.919 
2110.5   
3162.101 
6751.015 
16793.231
18669.681
5461.937 
1787.161 
1308.454 
2017.991 
5280.375 
3955.036 
3465.362 
3512.597 
4157.327 
10244.002
24197.292
44219.493
14103.995
2674.492 
2672.384 
2842.424 
4485.638 
3427.282 
3463.237 
2974.938 
3625.058 
8962.305 
17425.835
33968.533
28494.701
6522.207 
5209.17  
3434.552 
4104.917 
3161.116 
2842.868 
2617.052 
3810.446 
14869.663
23068.031
33261.105
24534.525
4436.627 
3458.226 
4527.493 
4104.917 
3161.116 
2842.868 
2617.052 
3810.446 
14869.663
23068.031
33261.105
24534.525
4436.627 
3458.226 
4527.493 
4230.576 
5230.013 
3823.935 
3072.897 
4096.876 
12787.238
17543.719
21145.531
9113.181 
4424.11  
3329.728 
3128.945 
3403.863 
2782.685 
2767.597 
2300.438 
2703.545 
6934.504 
13398.744
13904.684
4715.853 
1039.713 
1353.575 
1989.707 
4862.127 
4427.082 
4879.121 
3682.335 
3528.383 
12868.885
18837.074
30202.856
10919.27 
3573.414 
2441.111 
3110.962 
3328.168 
3992.93  
4393.311 
3692.028 
4696.473 
8812.823 
22221.368
41707.404
29821.14 
6807.792 
5538.991 
4330.311 
2588.687 
2776.964 
2564.98  
2279.897 
3362.772 
10631.777
23556.032
32078.996
13221.016
4114.222 
4542.35  
3475.717 
2378.904 
2553.067 
2603.345 
2295.696 
3331.549 
7406.087 
27809.368
67779.183
20398.269
3344.215 
3535.596 
1955.505 
