NaN       
66442.57  
52273.9   
63795.21  
41555.91  
48196.21  
104346.67 
235760.81 
455400.12 
269540.3  
113894.13 
87090.03  
80822.31  
71220.55  
74772.54  
67123.6   
68207.52  
67662.4   
146405.2  
517926.31 
875454.18 
299332.64 
127421.55 
99612.96  
82543.29  
47823.96  
64264.18  
56014.28  
55146.69  
54851.2   
119774.83 
288986.38 
377161.21 
105289.09 
47801.72  
49927.84  
46404.3   
79874.49  
62841.51  
76691.95  
49956.78  
57939.48  
125441.23 
283421.84 
547463.09 
324030.14 
136918.79 
104696.01 
97161.23  
57018.36  
87119.23  
63164.49  
50575.98  
56582.05  
117448.27 
307873.97 
848998.42 
450647.75 
214144.92 
158917.59 
86696.23  
65141.16  
55422.18  
45550.14  
38935.34  
40022.04  
117299.32 
209206.41 
329417.27 
94947.91  
36423.68  
42464.06  
33125.99  
45837.25  
52785.99  
43919.04  
36715.27  
49628.17  
121541.59 
193757.74 
450500.62 
232948.53 
56744.57  
78520.81  
128993.8  
78148.75  
80676.35  
66958.62  
53997.41  
67547.55  
152763.27 
265332.81 
1134860.95
356035.42 
62906.51  
64112.35  
49849.03  
59454.32  
69464.98  
50817.33  
44283.3   
58905.28  
142183.52 
287243.18 
438889.62 
137541.53 
44090.25  
81427.66  
67063.17  
57224.11  
59766.35  
50513.42  
60578.1   
58420.8   
144491.07 
244591.94 
417659.27 
386038.49 
90409.51  
97626.46  
52896.14  
87214.21  
74201.96  
60984.78  
52128.56  
53583.48  
157046.13 
280095.9  
441040.15 
127120.96 
48765.83  
56852.99  
44350.71  
57983.08  
66773.08  
55556.58  
46443.99  
62778.52  
153747.36 
245099.15 
569873.07 
294674.62 
71780.59  
99327.04  
163174.23 
41571.98  
72419.17  
56013.85  
44033.14  
53563.56  
154883.97 
264014.43 
354134.59 
136629.08 
55892.32  
55975.78  
56901     
85071.04  
88633.23  
68470.26  
55024.25  
72014.09  
160960.89 
304981.12 
455725.08 
483009.04 
119771.45 
142595.55 
86833.65  
46338.42  
62267.96  
54274.33  
53433.69  
53147.38  
116054.3  
280009.68 
365445.56 
102018.53 
46316.86  
48376.94  
44962.85  
64709.93  
63210.27  
70232.11  
49659.06  
48276.92  
138648.44 
267088.69 
508856.86 
210306.18 
73638.14  
57604.36  
59250.94  
59983.63  
62648.47  
52949.33  
63499.37  
61238.03  
151458.88 
256386.93 
437800.11 
404654.48 
94769.34  
102334.31 
55446.96  
73948.94  
70611.1   
62425.16  
55073.21  
63899.43  
198667.3  
352165.26 
531633.35 
333489.69 
72465.28  
77622.31  
88257.42  
62637.22  
59809.96  
52876.2   
46648.85  
54124.95  
168277.84 
298295.74 
450311.21 
282476.91 
61380.51  
65748.69  
74756.99  
45539.52  
79330.7   
61359.69  
48235.57  
58675.56  
169665.76 
289211.41 
387932.45 
149668.67 
61226.57  
61317.99  
62331.51  
30293.49  
29449.36  
34630.97  
26841.98  
28007.16  
76887.72  
120082.49 
163673.46 
56680.2   
20057.9   
28359.67  
19446.92  
90821.29  
77270.87  
63507.04  
54284.54  
55799.64  
163541.39 
291680.35 
459281.07 
132378.54 
50782.73  
59204.36  
46185.01  
45804.87  
60134.99  
57083.53  
53251.07  
58381.78  
132084.68 
272770.51 
524043.08 
381182.31 
87075.55  
87836     
59434.64  
42659.75  
36654.8   
41487.75  
39232.34  
45928.93  
146990.32 
330852.05 
406984.47 
166160.94 
72399.69  
71116.11  
45913.82  
33726.02  
45516.7   
43862.15  
39102.67  
41415.63  
116996.38 
310209.03 
757271.15 
246624.9  
47960.58  
56564.24  
33185.76  
