NaN      
607979.2 
515192.9 
293101.5 
369641.6 
545673.2 
1196603.6
2330426.4
3477715.8
2074649.5
695475.6 
723117.9 
739963.1 
342594.7 
351100.7 
273696.4 
358910.7 
383908.9 
919928.7 
3477876.5
4072913.6
1300037.9
731884.3 
523753.8 
422589   
264172.8 
403044.7 
323682.7 
300042.6 
379053.7 
685338.2 
1300271.8
2036695.2
665982.7 
481912.4 
420517.6 
374383.4 
659541.1 
558885.6 
317959   
400990.3 
591950.9 
1298085.9
2528066.6
3772656  
2250597.6
754457.9 
784444.5 
802718.4 
397319.6 
523827.3 
351352.4 
659332.6 
711349.7 
2291468.1
3934901.5
7397931.6
3145186.3
1138838.8
893932.5 
639692   
698157.9 
519252.8 
496109.5 
368861.6 
403584.2 
1612585.4
2357995.3
2746178.5
870758   
389058.7 
357322   
266153.2 
523566.2 
574980.1 
436596.7 
402891.9 
617925.4 
1133532.7
2170349.5
3332119.7
2106236.3
641010   
794190.3 
1131568.1
579337.5 
730536.9 
438213.4 
341579.3 
549859.2 
1121399.5
2879990.2
4930284.4
2009443.6
463430.7 
395524.4 
306706.9 
508186.7 
466676.9 
357217.2 
209929.8 
453999.4 
1119303.8
1643058.3
2318164.7
968300.9 
386075.2 
477216.3 
559105.2 
327125.1 
372620.3 
370446.5 
398240   
424901.7 
848165.4 
1134177.5
1564926.2
1955854.4
668805.7 
684845.6 
321762.8 
481924.9 
358430.2 
342454.8 
254618   
278586.4 
1113136.5
1627678.5
1895633.9
601067.4 
268559.7 
246652.5 
183720.4 
530624.7 
582731.7 
442482.7 
408323.5 
626255.9 
1148814.4
2199608.9
3377041.4
2134631.4
649651.7 
804897.1 
1146823.2
310053.7 
387898   
313942.3 
269849.3 
348813.2 
1315897.5
2175652.9
2337254.5
840234.6 
393157   
294066.8 
356724.6 
201909.9 
292201.2 
207495.4 
279970.8 
399397   
856172.6 
1105855.3
2308864  
2201722  
622913.7 
860907.6 
294149.5 
245852.3 
375093.5 
301235.2 
279234.6 
352766.2 
637809.7 
1210097.5
1895449.7
619796.5 
448491.6 
391354.5 
348419.8 
375834.3 
327230.2 
275243.2 
297513.1 
331791.7 
1043028.3
1508867.8
2433755.7
965909.4 
294144.8 
318122   
308273.3 
470535.3 
535975.4 
532848.5 
572826.6 
611176.7 
1219997.3
1631395.9
2250982.8
2813292.2
962007.2 
985078.8 
462822.1 
582590.6 
538257.3 
462777.1 
456843.5 
533609.2 
1551776.4
1741398.3
2482825  
1935112.9
501254.4 
482260.9 
461499.9 
782388.7 
722851.4 
621485.6 
613517   
716609.3 
2083954.7
2338607  
3334304.4
2598755.7
673158.5 
647651.2 
619770.3 
296728.8 
371227.6 
300450.3 
258252.2 
333822.5 
1259345.1
2082151.5
2236808  
804124.5 
376260.6 
281428.9 
341393.9 
427625.2 
588802.3 
495611.3 
490127.2 
528943.3 
1246769.5
2241997.4
1780319.9
940825.1 
465178   
448304.6 
751487.6 
549714.4 
408848.4 
390625.8 
290433.6 
317773.4 
1269714.6
1856634.2
2162281.1
685615.9 
306336.3 
281347.6 
209563.2 
660401.8 
807754.9 
829821.2 
690277.5 
830465.5 
1473489.4
2157278.6
3827357.9
3218401.5
1327182.6
1158033.4
571637.6 
380251.8 
301872.9 
277890.5 
236734.6 
451713.7 
1726048.3
2815289.8
2322412.8
1020280.4
461464.1 
525397.8 
291576.7 
277548.8 
384754.1 
469740.9 
532345.3 
461451.6 
1345138.8
2877570  
4855537.1
2504678.2
656437.6 
661250.6 
335219.6 
