NaN       
925.7011  
674.6913  
455.6151  
388.6544  
366.4813  
645.5489  
2719.9653 
11752.6689
11976.8579
2273.6924 
1148.1798 
1007.1684 
814.3277  
741.235   
484.4702  
438.7889  
357.0687  
513.3806  
4308.4009 
22493.2392
12483.8679
3943.1838 
1105.4978 
928.7054  
446.8474  
379.773   
278.9559  
262.5052  
257.4801  
520.8353  
3969.7739 
9515.809  
4470.0583 
1334.25   
461.4733  
626.8224  
945.1558  
688.8708  
465.1904  
396.8225  
374.1834  
659.1159  
2777.1287 
11999.6656
12228.5662
2321.4768 
1172.3102 
1028.3353 
841.4899  
663.6362  
517.7624  
399.6908  
433.5828  
781.1946  
3071.0263 
17752.0922
11121.929 
3996.865  
1691.7911 
1530.6649 
1096.4136 
679.1968  
553.3318  
418.6728  
398.7938  
842.112   
3071.4485 
7752.2357 
4487.2756 
1374.8108 
615.5264  
498.9573  
638.6621  
649.6602  
492.0401  
417.7784  
418.0713  
751.0398  
2798.3524 
14697.7326
12078.0522
2436.8668 
1160.1003 
2180.3144 
1018.7647 
873.6978  
414.4697  
348.1686  
480.5153  
835.1382  
3155.5543 
23490.269 
10085.2653
1688.3183 
680.3205  
476.52    
577.621   
352.3216  
254.1719  
155.7766  
268.6074  
613.5439  
3790.6856 
11718.0552
5567.9734 
1145.1441 
1084.1108 
1046.631  
747.303   
390.4856  
346.1304  
392.7536  
347.116   
805.6463  
3134.4646 
10477.4612
15464.1288
3148.6466 
1293.4194 
488.9755  
1200.558  
743.7112  
605.8908  
458.441   
436.6738  
922.1011  
3363.1942 
8488.5925 
4913.5057 
1505.3991 
673.993   
546.3514  
689.3727  
701.244   
531.1087  
450.9506  
451.2667  
810.6733  
3020.5451 
15864.7513
13037.065 
2630.3572 
1252.2138 
2353.4341 
663.1736  
596.7592  
430.7267  
364.2797  
319.6897  
1161.0092 
5140.1812 
11051.1621
6515.6267 
1688.3412 
687.7461  
653.686   
960.7389  
806.6938  
520.3017  
552.8649  
589.032   
1095.4637 
3416.1547 
8737.5398 
14241.5175
3590.4011 
2008.8408 
941.8654  
405.527   
344.655   
253.1606  
238.2311  
233.6707  
472.6731  
3602.6851 
8635.8731 
4056.7077 
1210.8707 
418.8004  
568.8595  
785.7583  
600.2904  
374.781   
355.6358  
302.8988  
778.8161  
5491.4652 
14666.3761
7493.8551 
1188.5663 
682.939   
391.9439  
723.5383  
378.068   
335.1233  
380.2638  
336.0775  
780.0263  
3034.7867 
10144.2717
14972.3603
3048.5177 
1252.2879 
473.4258  
750.8534  
657.6529  
428.9339  
392.165   
419.2818  
1058.3565 
4158.2739 
10297.341 
11263.5609
1830.7116 
931.8975  
904.8928  
750.8534  
657.6529  
428.9339  
392.165   
419.2818  
1058.3565 
4158.2739 
10297.341 
11263.5609
1830.7116 
931.8975  
904.8928  
619.5562  
557.5099  
402.3975  
340.3207  
298.6635  
1084.6487 
4802.1075 
10324.3186
6087.0889 
1577.2977 
642.5125  
610.6925  
608.1359  
596.7195  
407.3303  
401.5984  
324.1466  
552.7968  
3958.704  
6263.6713 
3692.1442 
680.804   
304.1012  
398.6093  
1196.6923 
741.3165  
603.9399  
456.9649  
435.2677  
919.1321  
3352.3652 
8461.2603 
4897.6848 
1500.5519 
671.8229  
544.5922  
529.5751  
553.6117  
540.8975  
509.2585  
501.4164  
926.1865  
4230.9596 
13506.3406
16677.604 
3349.1826 
1631.9481 
820.4328  
312.5833  
393.4517  
233.1607  
182.4754  
218.464   
851.9101  
5558.0911 
9602.8366 
6245.1911 
1614.3745 
842.8216  
482.4798  
539.4312  
404.7536  
359.0817  
323.2348  
320.2945  
700.6955  
3964.337  
18575.3709
10298.4804
1817.5865 
909.9597  
392.677   
