NaN       
1316.9989 
1239.5725 
907.6151  
515.6761  
519.5979  
1397.1791 
7479.7503 
21115.5151
20348.197 
4151.0785 
2628.8099 
1874.5232 
1236.0073 
942.1749  
721.5775  
572.2461  
490.1974  
1051.5122 
9124.7923 
46310.3064
22728.1291
6756.9182 
2278.1104 
1805.346  
863.6635  
748.0053  
784.4869  
575.3107  
1213.884  
1471.2458 
7499.7081 
17276.173 
7195.3146 
2594.8072 
1125.2859 
1050.7377 
1344.6773 
1265.6236 
926.6897  
526.5137  
530.5178  
1426.5426 
7636.9464 
21559.2834
20775.8392
4238.3185 
2684.0575 
1913.9186 
1663.5011 
1579.5084 
856.2228  
832.8807  
760.3149  
2718.8647 
6768.427  
26922.7861
20712.4918
8125.592  
3659.6382 
2729.9288 
1775.0946 
1177.4905 
848.5183  
824.1245  
743.4227  
1073.228  
6943.9401 
12429.6276
6832.1685 
2263.593  
1278.9314 
1020.7191 
1141.7861 
933.3873  
764.8872  
524.4603  
609.3529  
1699.4801 
11729.8395
24325.3933
18678.1418
4040.546  
2343.5794 
3470.0794 
1915.9148 
1230.6216 
741.0025  
613.4794  
829.8893  
1358.4878 
8989.8776 
39210.0289
16049.6432
2838.7372 
1435.3166 
901.0573  
1044.5079 
661.1051  
351.1273  
336.6411  
524.1437  
1540.9942 
8327.857  
19026.2011
10052.067 
2365.3098 
2344.5486 
2417.5802 
1411.65   
1132.7876 
759.0099  
660.8795  
469.9556  
1951.92   
8889.7429 
20227.6935
24402.2607
5339.8176 
2671.6725 
985.7158  
1943.7044 
1289.336  
929.116   
902.4051  
814.0377  
1175.1701 
7603.5199 
13610.2731
7481.1315 
2478.6035 
1400.4125 
1117.6735 
1232.4454 
1007.4995 
825.6202  
566.1031  
657.7363  
1834.421  
12661.2037
26256.8606
20161.2102
4361.3705 
2529.6626 
3745.6082 
1248.3979 
1399.1214 
777.8216  
847.1351  
820.5205  
2197.3038 
11752.955 
17698.596 
11981.3007
3514.2487 
1711.543  
1205.4213 
1662.4424 
1624.5503 
996.7001  
1101.209  
798.1121  
2380.532  
7883.1756 
14778.7123
21250.8194
5395.4776 
3293.1441 
1812.35   
783.7997  
678.8366  
711.9447  
522.1112  
1101.635  
1335.1983 
6806.2029 
15678.6288
6529.957  
2354.8629 
1021.2296 
953.575   
1408.53   
1871.2079 
1183.212  
727.1286  
453.0652  
1791.7847 
10127.7064
22764.4345
12693.9698
2949.7558 
1493.2659 
1028.862  
1366.7587 
1096.7643 
734.8729  
639.8632  
455.0107  
1889.8478 
8607.0438 
19584.4408
23626.2543
5170.0083 
2586.7118 
954.3694  
1290.795  
761.5044  
857.4531  
1154.2813 
584.007   
2347.4646 
9658.1464 
15221.1508
17254.2536
3050.9608 
1801.4095 
1898.9759 
1290.795  
761.5044  
857.4531  
1154.2813 
584.007   
2347.4646 
9658.1464 
15221.1508
17254.2536
3050.9608 
1801.4095 
1898.9759 
1166.2898 
1307.1001 
726.6637  
791.4183  
766.5542  
2052.7854 
10979.954 
16534.5456
11193.2812
3283.1139 
1598.9735 
1126.1398 
1099.4757 
974.3216  
538.3125  
618.1115  
614.964   
1201.8316 
5736.4292 
9373.5561 
5688.6191 
1180.6071 
700.911   
807.9671  
1937.4459 
1285.1845 
926.1243  
899.4994  
811.4166  
1171.3862 
7579.0375 
13566.4497
7457.0432 
2470.6227 
1395.9033 
1114.0747 
1008.7057 
957.1799  
850.2657  
894.3469  
665.8332  
1881.7514 
13487.8522
22314.0177
25402.6491
5441.2413 
2799.7578 
1475.689  
460.3191  
462.703   
350.0353  
307.524   
307.9946  
2278.3089 
10254.1243
17777.1815
10239.0637
3053.3344 
1803.9421 
974.1687  
614.5983  
711.6994  
639.9053  
448.7613  
518.9524  
930.606   
7471.8486 
29553.0033
17248.3612
3137.0889 
2005.7664 
1030.913  
