NaN         
4090.30907  
4170.21165  
2215.46624  
2630.56055  
2637.8953   
10817.20508 
26184.94542 
104414.60752
73482.63469 
11982.71758 
9732.74495  
5264.29288  
3754.20321  
4324.08631  
2788.31211  
3486.71266  
3456.72733  
7664.64382  
48608.97163 
130904.88754
58491.447   
20042.89695 
8248.14416  
4516.03474  
1803.10007  
1901.12765  
2741.44246  
2628.87601  
2362.12683  
11704.06864 
45697.08672 
81281.39114 
25831.20051 
7273.11711  
4009.70249  
4889.91381  
4176.27191  
4257.85374  
2262.02697  
2685.84498  
2693.33389  
11044.54185 
26735.254   
106609.00789
75026.96191 
12234.54901 
9937.29046  
5374.92841  
2554.85824  
3074.33134  
2375.2972   
2699.12307  
5011.59362  
12051.91602 
32453.15015 
137418.52347
82730.02123 
26796.26955 
13684.15371 
7760.18684  
6283.17115  
4752.16633  
3043.36186  
2631.18991  
3470.61542  
8923.08322  
29793.79814 
70153.06305 
27075.17682 
6554.34213  
5196.95255  
2688.04959  
2341.69343  
1684.63336  
1939.85981  
1613.84484  
3475.48882  
10864.16592 
22311.24996 
93101.16695 
59153.77099 
11461.06098 
10257.4464  
23829.03775 
5792.99553  
3391.88037  
3323.25421  
2390.6411   
4415.20188  
12065.70707 
22378.61163 
149988.95146
51436.6549  
6502.3957   
4511.1473   
1680.84065  
2482.1347   
938.16183   
794.39112   
2022.43261  
2666.81427  
7916.95936  
30379.92253 
84516.92051 
32491.76695 
5407.75901  
10484.43982 
6745.57363  
1847.08899  
1682.10867  
1882.99026  
4090.13362  
3789.58176  
11305.93233 
30151.33132 
78910.76507 
71790.54136 
12711.91799 
12440.30405 
2966.60649  
6879.98688  
5203.55745  
3332.43981  
2881.11714  
3800.27664  
9770.65467  
32623.80342 
76816.64913 
29646.95007 
7176.91542  
5690.5923   
2943.37771  
2527.62688  
1818.39541  
2093.88716  
1741.98618  
3751.44708  
11726.79459 
24082.79175 
100493.51871
63850.65608 
12371.08388 
11071.90077 
25721.09383 
1874.60877  
3284.02791  
2947.05278  
3116.3645   
3617.06478  
18315.81133 
40893.23355 
64753.15472 
28286.90554 
9177.25953  
6183.15789  
6409.24242  
6160.77315  
5201.28964  
4580.4796   
3343.65466  
5400.63022  
10451.71798 
24111.47206 
62498.21075 
85151.85546 
16213.30763 
12661.74204 
5138.29832  
1636.36568  
1725.32855  
2487.93865  
2385.78133  
2143.6987   
10621.78221 
41471.43337 
73765.2231  
23442.56467 
6600.56501  
3638.92146  
4437.7388   
4772.98337  
2604.18354  
2026.0105   
2292.82749  
3233.2456   
9852.09576  
44562.21413 
100475.88645
35604.61613 
4738.42137  
4122.81445  
2304.29516  
1788.35047  
1628.61662  
1823.11006  
3960.06494  
3669.07081  
10946.39697 
29192.50106 
76401.35584 
69507.55947 
12307.67145 
12044.69498 
2872.26664  
4616.43737  
2507.94138  
2471.1241   
2694.28075  
4300.67718  
13380.84305 
39557.65488 
82513.43808 
56417.17136 
7948.56539  
6686.20166  
9077.51605  
4616.43737  
2507.94138  
2471.1241   
2694.28075  
4300.67718  
13380.84305 
39557.65488 
82513.43808 
56417.17136 
7948.56539  
6686.20166  
9077.51605  
1751.31429  
3068.03484  
2753.22283  
2911.39879  
3379.16762  
17111.16619 
38203.6538  
60494.28943 
26426.45378 
8573.66404  
5776.48679  
5987.70156  
2129.46027  
2250.28574  
2120.36291  
2643.13588  
2584.40675  
6877.11746  
29634.30693 
40572.02457 
16298.84567 
2315.08962  
2067.23594  
2308.73919  
6857.83417  
5186.80263  
3321.70976  
2871.84029  
3788.04022  
9739.19436  
32518.75878 
76569.30894 
29551.49053 
7153.80663  
5672.26929  
2933.9004   
95.68204    
1276.88918  
2954.89719  
3501.754    
4449.0137   
9877.07173  
30190.55615 
86061.75533 
77514.89521 
14837.63758 
11456.7875  
7116.50678  
1223.31636  
1451.98786  
1682.42434  
2019.97022  
3323.93129  
9729.58745  
43988.07343 
68863.8168  
28584.98608 
6863.15044  
6716.98948  
2006.80847  
1749.96348  
4018.14709  
3204.16351  
3573.27827  
4356.53752  
9284.10053  
40023.49979 
138321.14515
48781.02611 
7024.46011  
6823.59502  
1656.85606  
