NaN        
1057.63366 
1077.5542  
871.2086   
866.75265  
872.24077  
1746.43464 
5751.06256 
5261.72008 
1768.67708 
2489.53685 
2769.78146 
1430.57987 
908.23034  
925.33687  
748.14003  
744.31354  
749.0264   
1499.73    
4938.65665 
4518.43961 
1518.83043 
2137.86019 
2378.51693 
1228.49346 
1115.20397 
1107.38276 
788.38048  
319.45585  
602.7724   
1165.11315 
2753.96199 
3435.88189 
2036.95127 
880.6562   
502.93336  
693.14471  
1014.40145 
896.81874  
770.63723  
562.98157  
511.88906  
982.10257  
2276.37454 
5031.72057 
1952.34961 
649.76209  
1576.63617 
716.58183  
1139.92571 
1161.39622 
938.99534  
934.19268  
940.10783  
1882.32072 
6198.53955 
5671.12246 
1906.29379 
2683.242   
2985.29181 
1541.89001 
1188.95044 
1180.61203 
840.51469  
340.5809   
642.63267  
1242.16003 
2936.07663 
3663.09069 
2171.65126 
938.89243  
536.19145  
738.98114  
1589.52299 
1492.2394  
912.25856  
796.52694  
942.7338   
1687.90495 
2836.54945 
3638.77768 
2661.24069 
886.08132  
1073.89972 
1708.98202 
1090.61228 
931.57875  
1212.58246 
1016.76971 
951.82687  
1993.37116 
7843.04413 
6606.63609 
1868.5602  
1424.38452 
1968.41683 
1864.08695 
1309.72616 
1264.46478 
1006.00053 
1013.10823 
1168.10488 
2573.76007 
14502.02369
23651.36858
4971.53228 
1545.57952 
1488.37066 
1268.3104  
1394.74206 
1346.54271 
1071.30124 
1078.8703  
1243.92798 
2740.82593 
15443.36748
25186.60735
5294.24042 
1645.90494 
1584.98259 
1350.63795 
1063.4387  
1055.98054 
751.78563  
304.62743  
574.79305  
1111.03121 
2626.12925 
3276.39596 
1942.40056 
839.77811  
479.58832  
660.97048  
695.62719  
681.34533  
551.57794  
473.72457  
665.73334  
1172.54997 
1763.1949  
1177.73866 
757.36299  
163.76135  
1025.54575 
1810.03872 
733.03106  
927.80788  
650.9735   
530.54766  
588.09746  
1245.16176 
4315.1609  
5851.94978 
4928.96165 
1926.78529 
2713.4997  
1186.67222 
1090.16309 
957.18501  
826.58181  
932.34924  
841.50008  
1219.43038 
1965.19647 
2128.34916 
531.84346  
653.76949  
775.73182  
620.91978  
764.41102  
746.69071  
689.78732  
672.88297  
650.76785  
1250.96017 
3477.94067 
5748.09612 
1237.59815 
1153.04153 
1407.29286 
1078.57777 
960.9706   
979.5804   
968.15278  
612.2067   
495.7212   
1346.849   
3105.6079  
3092.80376 
1557.18647 
1000.07127 
1317.02683 
1698.1162  
1587.67358 
1490.50318 
911.19715  
795.60018  
941.63693  
1685.94107 
2833.24912 
3634.54397 
2658.14434 
885.05036  
1072.65024 
1706.99362 
989.35467  
868.6732   
750.147    
846.13401  
763.68576  
1106.66848 
1783.47287 
1931.53868 
482.66338  
593.3148   
703.99915  
563.50273  
1013.47372 
1149.35676 
859.18673  
717.12875  
940.551    
2526.80718 
4287.76776 
5064.18807 
3161.57002 
1375.45907 
1701.33496 
1416.84493 
733.03106  
927.80788  
650.9735   
530.54766  
588.09746  
1245.16176 
4315.1609  
5851.94978 
4928.96165 
1926.78529 
2713.4997  
1186.67222 
1932.24431 
1358.20788 
1106.61902 
812.74161  
772.59682  
1585.51211 
2888.89423 
2861.67683 
840.96088  
706.79059  
1201.43732 
943.82984  
623.28241  
610.48585  
494.21419  
424.45752  
596.4975   
1050.60552 
1579.82376 
1055.2546  
678.59772  
146.73028  
918.88965  
1621.79586 
1145.5064  
978.46819  
1273.61574 
1067.94709 
999.73547  
2093.70413 
8237.81051 
6939.16996 
1962.61102 
1496.07851 
2067.49377 
1957.91262 
866.44855  
760.75916  
656.95731  
741.01999  
668.81417  
969.18864  
1561.91457 
1691.58638 
422.7028   
519.60815  
616.54234  
493.49959  
947.5608   
965.9109   
954.64275  
603.6637   
488.80369  
1328.05448 
3062.27089 
3049.64543 
1535.45681 
986.11583  
1298.64846 
1674.41995 
