NaN      
4156.378 
5138.286 
3756.868 
3019.002 
4025.023 
12562.967
17236.027
20774.668
8953.348 
4346.517 
3271.329 
3074.068 
3569.24  
4412.442 
3226.166 
2592.532 
3456.44  
10788.299
14801.234
17839.999
7688.581 
3732.52  
2809.215 
2639.819 
3989.837 
3154.549 
2513.085 
2498.781 
2478.177 
4937.172 
25209.056
28005.987
20898.397
4494.18  
2284.948 
2939.422 
2378.904 
2553.067 
2603.345 
2295.696 
3331.549 
7406.087 
27809.368
67779.183
20398.269
3344.215 
3535.596 
1955.505 
4479.776 
5538.084 
4049.181 
3253.904 
4338.2   
13540.463
18577.123
22391.097
9649.988 
4684.71  
3525.863 
3313.254 
4253.678 
3363.153 
2679.271 
2664.021 
2642.055 
5263.658 
26876.087
29857.973
22280.371
4791.372 
2436.048 
3133.801 
4316.554 
3324.093 
2989.437 
2751.979 
4006.9   
15636.295
24257.345
34975.941
25799.447
4665.365 
3636.521 
4760.916 
2804.315 
3083.81  
3083.597 
2678.3   
3577.238 
9118.138 
22259.216
28472.367
22746.919
5593.439 
3979.82  
4658.778 
5206.001 
4529.128 
3755.783 
3342.319 
4105.837 
7942.473 
23416.844
35752.096
13112.572
3486.606 
3225.493 
3205.049 
5543.929 
4823.12  
3999.575 
3559.273 
4372.352 
8458.028 
24936.86 
38072.807
13963.725
3712.925 
3434.863 
3413.092 
3804.638 
3008.121 
2396.433 
2382.793 
2363.146 
4707.999 
24038.908
26706.012
19928.34 
4285.57  
2178.886 
2802.981 
3706.999 
2661.454 
2666.071 
1860.715 
3243.795 
8041.383 
19252.374
24399.174
8817.116 
2129.388 
4166.224 
5146.715 
2777.298 
3223.701 
2661.904 
1958.931 
3830.606 
7965.808 
31223.605
57599.651
34387.362
13177.261
6252.548 
4607.104 
2373.751 
2818.3   
2490.189 
2325.545 
3484.298 
7438.897 
18504.346
20571.993
6018.471 
1969.26  
1441.776 
2223.61  
3187.043 
3161.267 
3504.225 
3189.625 
4218.327 
9290.654 
15952.388
35161.338
13832.581
4585.773 
3616.246 
3190.428 
3470.065 
3295.096 
3232.314 
2430.575 
2876.853 
7905.162 
16814.934
24114.193
17998.746
4133.545 
2409.627 
3146.671 
4311.531 
3320.225 
2985.959 
2748.777 
4002.238 
15618.102
24229.121
34935.247
25769.429
4659.937 
3632.29  
4755.376 
2154.248 
2557.69  
2259.919 
2110.5   
3162.101 
6751.015 
16793.231
18669.681
5461.937 
1787.161 
1308.454 
2017.991 
2620     
2810.554 
2596.005 
2307.475 
3403.447 
10760.377
23840.962
32467.018
13380.935
4163.987 
4597.293 
3517.759 
2777.298 
3223.701 
2661.904 
1958.931 
3830.606 
7965.808 
31223.605
57599.651
34387.362
13177.261
6252.548 
4607.104 
4454.697 
4056.108 
4470.268 
3373.768 
3232.716 
11790.516
17258.592
27671.96 
10004.273
3273.974 
2236.555 
2850.274 
3321.473 
2384.664 
2388.801 
1667.202 
2906.443 
7205.084 
17250.14 
21861.676
7900.142 
1907.933 
3732.939 
4611.46  
2945.465 
3239.028 
3238.804 
2813.107 
3757.292 
9577.085 
23379.596
29905.475
23891.847
5874.975 
4180.138 
4893.269 
1886.629 
2239.951 
1979.172 
1848.315 
2769.278 
5912.346 
14707.032
16350.373
4783.408 
1565.145 
1145.906 
1767.299 
3421.642 
3249.114 
3187.209 
2396.658 
2836.708 
7794.85  
16580.291
23777.693
17747.583
4075.864 
2376.002 
3102.761 
