NaN      
42006.11 
73175.43 
56598.79 
44492.97 
54122.92 
156501.39
266771.49
357832.76
138055.87
56476    
56560.32 
57495.21 
37127.3  
64676.44 
50025.11 
39325.32 
47836.79 
138324.49
235787.23
316272.16
122021.33
49916.57 
49991.11 
50817.41 
57704.76 
48844.09 
41931.05 
39450.04 
49614.19 
115030.48
313464.44
385297.28
302399.24
74518.81 
53002.06 
47957.29 
42873.02 
57861.51 
55758.22 
49707.9  
52648.16 
148727.53
394342.32
962654.33
313513.24
60968.2  
71905.3  
42186.23 
48578.24 
84624.2  
65454.04 
51454.19 
62590.8  
180987.06
308509.64
413818.04
159655.62
65312.04 
65409.56 
66490.71 
55187.7  
46713.53 
40102.03 
37729.24 
47450.04 
110012.9 
299791.24
368490.77
289208.71
71268.33 
50690.13 
45865.41 
67831.11 
64769.41 
57260.7  
50516.98 
58613    
182231.47
323030.47
487651.09
305899.94
66470.2  
71200.59 
80955.85 
60394.24 
81769.09 
65682.54 
48551.3  
63825.15 
134616.53
286196.71
384034.71
293229.22
132719.02
89088.96 
70310.91 
68969.73 
69719.15 
53305.65 
31994.72 
36230.55 
81671.9  
272441.44
364382.36
129535.56
50221.26 
46088.74 
24970.68 
84558.22 
85477.02 
65353.75 
39226.14 
44419.35 
100131.33
334018.45
446739.79
158813.09
61572.23 
56505.68 
30614.54 
47866.71 
40516.69 
34782.24 
32724.22 
41155.49 
95418.99 
260022.04
319608.14
250843.35
61814.13 
43965.77 
39781.08 
54987.49 
64246.04 
46999.4  
40956.27 
54479.7  
131501.21
265662.46
405915.63
127207.97
40777.72 
75309.96 
62024.69 
48730.74 
54258.81 
52462.17 
41514.64 
57705.83 
118958.35
260880.37
670516.21
392241.21
166036.24
113001.44
63836.81 
44165.26 
59347.75 
51728.99 
50927.78 
50654.9  
110611.64
266877.91
348307.05
97234.11 
44144.72 
46108.18 
42854.21 
34225.47 
63671.85 
62485.5  
49571.5  
52436.42 
118602.38
213257.92
519932.44
203490.01
71174.18 
62217.47 
57779.83 
57024.88 
64788.09 
58017.59 
52819.62 
49017.12 
97470.33 
199575.1 
277956.31
187795.64
83974.58 
63277.73 
59452.14 
81027.67 
77370.31 
68400.78 
60345.07 
70016.17 
217684.64
385876.11
582523.7 
365412.83
79401.99 
85052.67 
96705.82 
43469.92 
58413.38 
50914.57 
50125.97 
49857.39 
108870.18
262676.2 
342823.33
95703.26 
43449.71 
45382.26 
42179.51 
40793.73 
35051.44 
39673    
37516.24 
43919.9  
140560.67
316379.92
389182.16
158892.72
69232.78 
68005.35 
43905.46 
50156.56 
55846.38 
53997.18 
42729.33 
59394.25 
122438.98
268513.52
690134.97
403717.87
170894.32
116307.78
65704.62 
67624.12 
57534.69 
47286.36 
40419.43 
41547.54 
121770.38
217180.66
341973.56
98567.01 
37812.03 
44082.65 
34388.64 
57582.49 
67277.98 
49217.42 
42889.1  
57050.73 
137707.08
278199.73
425071.8 
133211.23
42702.13 
78864.02 
64951.79 
58633.17 
79384.75 
63767.28 
47135.57 
61964.05 
130691.18
277851.36
372836.46
284678.81
128849   
86491.18 
68260.68 
49168.73 
66071.24 
57589.36 
56697.37 
56393.58 
123142.8 
297112.44
387766.67
108249.74
49145.86 
51331.77 
47709.15 
57060.43 
64828.48 
58053.76 
52852.55 
49047.68 
97531.1  
199699.53
278129.61
187912.73
84026.94 
63317.19 
59489.21 
