NaN      
337450.4 
422173   
341682.6 
293693.5 
379634.7 
1432171.5
2367895.9
2543776.7
914478.6 
427896.7 
320050.9 
388245.1 
362107.6 
453020.9 
366649.1 
315153.4 
407374.3 
1536819.1
2540916.1
2729648.5
981298.9 
459162.8 
343436.7 
416613.9 
391733.9 
392834.7 
300133.3 
286383.1 
383181.7 
974244   
2166976.5
2275372.9
1578422.6
680461.5 
452478   
284015.6 
202825.2 
281168.1 
343274.2 
389023.8 
337216.5 
982991.6 
2102851.4
3548297.1
1830352.1
479707.1 
483224.3 
244969.5 
450028.6 
563015.9 
455672.7 
391673.8 
506286.2 
1909964.1
3157859.3
3392416.6
1219561.6
570649.1 
426824.4 
517769.2 
428781.9 
429986.8 
328518.2 
313467.6 
419420.8 
1066382.3
2371916.6
2490564.5
1727700.7
744815.7 
495270.8 
310876.2 
660039.5 
609812.6 
524298.2 
517575.8 
604546.6 
1758067.8
1972897.8
2812889  
2192364.7
567890.6 
546372.1 
522851.2 
459419.6 
561868.6 
421914.3 
457409.3 
541457.2 
1365535.3
2439234.4
2764543.5
2276242.8
919009.6 
733846.8 
724500.8 
646320.2 
585154.1 
383380.4 
255616.5 
479229.8 
1198451  
2807625.8
2878334  
966352.8 
342739.9 
412556.6 
287967.5 
612597.8 
554623.1 
363377.1 
242279.5 
454225.5 
1135920.7
2661135.2
2728154.1
915932.4 
324857.2 
391031.1 
272942.5 
337412.9 
338361   
258514.4 
246670.9 
330046.6 
839147.3 
1866485.7
1959851  
1359545.6
586103.2 
389733.7 
244631.7 
492292.4 
452080.8 
346044.7 
203363.9 
439799.8 
1084295.7
1591668.9
2245660.2
938015.7 
374000   
462290.6 
541618.3 
479687.8 
458933.6 
545171.5 
396931.3 
540773.2 
1003593.4
1504221.7
3230021.9
2408679.9
1156315.5
1013497.1
550681.8 
329111.6 
502120.9 
403250.2 
373798.9 
472232.4 
853807.5 
1619903.8
2537354.4
829694.1 
600375.8 
523888.9 
466414.1 
424830.3 
420044.2 
371810.9 
336688.1 
419426.2 
1297731.1
2183008.2
3967941.2
1195663.1
446012.6 
552078.4 
363688.9 
225471.2 
299705   
300163.4 
240537.5 
273435.8 
544793.1 
1008262.4
1105746.8
842872.2 
318457   
240208.5 
334176.6 
749023   
692024.7 
594981.7 
587352.9 
686048.7 
1995082.3
2238874.7
3192109.6
2487929.1
644451   
620031.5 
593339.6 
303344.4 
462808.3 
371678.4 
344533   
435259.9 
786960.3 
1493076.4
2338697  
764734.8 
553370.5 
482872   
429897.1 
272747   
216527.3 
199325.3 
169804.9 
324005.2 
1238059.7
2019350.7
1665820  
731826.6 
330998.9 
376857.2 
209142.1 
474777.7 
454235.9 
539591.1 
392868.3 
535237.8 
993320.6 
1488824.4
3196959.4
2384024.7
1144479.4
1003122.9
545045   
815617.5 
606613   
579575.9 
430919.6 
471484   
1883890.1
2754709.2
3208201.1
1017256.1
454514.7 
417438.6 
310931.3 
374882.2 
344261   
263514.1 
154862.3 
334909   
825694.7 
1212061  
1710077.4
714301.9 
284802.2 
352035.8 
412444.1 
329183.1 
402589.8 
302309.8 
327742.7 
387964.6 
978432.5 
1747758.8
1980849.1
1630972.2
658488.2 
525815.5 
519118.9 
150851.6 
230152.2 
184833.8 
171334.5 
216452.5 
391351.3 
742499.2 
1163021.9
380298.6 
275188.3 
240129.8 
213785.6 
238962   
317637.5 
318123.3 
254929.8 
289796.5 
577390.2 
1068590.7
1171908  
893304.5 
337511.5 
254581.1 
354171.7 
