NaN       
608.69    
547.732   
395.34    
334.3519  
293.4253  
1065.6255 
4717.8853 
10143.2445
5980.3299 
1549.6341 
631.2437  
599.9819  
522.7053  
470.3583  
339.4935  
287.1208  
251.9755  
915.0932  
4051.4279 
8710.3907 
5135.5373 
1330.7299 
542.073   
515.2273  
805.3559  
653.8257  
367.6816  
326.4215  
354.5728  
551.4845  
3157.5651 
9450.4023 
9875.8902 
1732.4426 
577.9002  
501.7109  
539.4312  
404.7536  
359.0817  
323.2348  
320.2945  
700.6955  
3964.337  
18575.3709
10298.4804
1817.5865 
909.9597  
392.677   
656.0508  
590.3497  
426.1005  
360.3671  
316.2561  
1148.5394 
5084.9731 
10932.4671
6445.6457 
1670.2076 
680.3593  
646.6651  
858.6127  
697.062   
391.9957  
348.0072  
378.0201  
587.9532  
3366.3693 
10075.3408
10528.9654
1847.006  
616.1157  
534.8882  
789.565   
691.5594  
451.0484  
412.3838  
440.8987  
1112.922  
4372.6611 
10828.2389
11844.2741
1925.0973 
979.9431  
951.5461  
426.3086  
476.1121  
409.523   
302.574   
302.3128  
667.9466  
4706.793  
10768.8172
12880.7036
2739.1316 
1075.4893 
959.9919  
771.4566  
693.1067  
399.5783  
332.5992  
323.3897  
712.6821  
5727.46   
14291.0266
5697.2593 
1110.4637 
544.7864  
410.6977  
821.5328  
738.0971  
425.5154  
354.1886  
344.3813  
758.9431  
6099.2363 
15218.6743
6067.0753 
1182.5452 
580.1491  
437.3566  
767.9731  
623.4766  
350.6146  
311.2698  
338.1144  
525.8859  
3010.998  
9011.7359 
9417.4735 
1652.0265 
551.0753  
478.4226  
639.9109  
390.3155  
281.5814  
172.5754  
297.5736  
679.7076  
4199.4679 
12981.714 
6168.416  
1268.6349 
1201.0198 
1159.4982 
611.1177  
499.5027  
420.1977  
370.7694  
332.6093  
732.3154  
4121.6559 
17934.9148
14522.4883
4690.3705 
1788.9478 
796.8309  
446.8474  
379.773   
278.9559  
262.5052  
257.4801  
520.8353  
3969.7739 
9515.809  
4470.0583 
1334.25   
461.4733  
626.8224  
844.547   
515.7507  
391.8527  
336.642   
317.7934  
582.3062  
3624.8144 
15048.5576
7316.7991 
1930.8593 
815.8316  
863.6888  
564.1974  
541.9937  
380.2314  
229.1976  
210.9035  
516.5545  
4093.6434 
7756.8073 
8569.2017 
1489.2156 
540.7153  
642.2254  
788.6464  
690.7547  
450.5236  
411.904   
440.3857  
1111.6271 
4367.5735 
10815.6403
11830.4932
1922.8574 
978.803   
950.439   
405.527   
344.655   
253.1606  
238.2311  
233.6707  
472.6731  
3602.6851 
8635.8731 
4056.7077 
1210.8707 
418.8004  
568.8595  
316.3642  
398.2109  
235.981   
184.6826  
221.1065  
862.2147  
5625.3209 
9718.991  
6320.732  
1633.9017 
853.0162  
488.3158  
611.1177  
499.5027  
420.1977  
370.7694  
332.6093  
732.3154  
4121.6559 
17934.9148
14522.4883
4690.3705 
1788.9478 
796.8309  
1096.4136 
679.1968  
553.3318  
418.6728  
398.7938  
842.112   
3071.4485 
7752.2357 
4487.2756 
1374.8108 
615.5264  
498.9573  
573.3605  
349.7229  
252.2971  
154.6277  
266.6262  
609.0185  
3762.7259 
11631.6241
5526.9047 
1136.6977 
1076.1145 
1038.9112 
447.7661  
500.0764  
430.1356  
317.8035  
317.5292  
701.5665  
4943.7014 
11310.8474
13529.0321
2877.0012 
1129.6222 
1008.3115 
355.149   
301.839   
221.7108  
208.636   
204.6421  
413.9536  
3155.1287 
7563.0509 
3552.7487 
1060.4459 
366.7734  
498.1909  
556.3244  
534.4305  
374.9255  
225.9993  
207.9605  
509.3463  
4036.5189 
7648.5654 
8449.6233 
1468.4345 
533.1699  
633.2635  
