NaN       
1145.8347 
1284.1754 
713.919   
777.538   
753.1099  
2016.7824 
10787.381 
16244.5529
10996.9668
3225.5326 
1570.9297 
1106.3889 
983.9719  
1102.7703 
613.0695  
667.7015  
646.7242  
1731.888  
9263.5353 
13949.8168
9443.5146 
2769.8878 
1349.0172 
950.0983  
1003.0057 
744.8494  
449.7731  
426.5256  
621.3341  
1270.3864 
9201.3515 
14829.6557
15888.1885
3192.0661 
1200.1911 
1004.0017 
614.5983  
711.6994  
639.9053  
448.7613  
518.9524  
930.606   
7471.8486 
29553.0033
17248.3612
3137.0889 
2005.7664 
1030.913  
1234.9895 
1384.0941 
769.4674  
838.0364  
811.7077  
2173.7037 
11626.7224
17508.5043
11852.6155
3476.5039 
1693.1602 
1192.4745 
1069.3327 
794.105   
479.5158  
454.731   
662.4218  
1354.3948 
9809.8207 
15810.3147
16938.8463
3403.1518 
1279.5576 
1070.3946 
1357.3443 
800.7651  
901.6607  
1213.7923 
614.1166  
2468.4924 
10156.0894
16005.9046
18143.8277
3208.2586 
1894.2844 
1996.881  
888.994   
509.523   
470.6753  
370.6395  
459.1071  
1670.0365 
14686.4998
18228.1055
18435.493 
4369.1498 
1897.3222 
1592.3193 
1192.0249 
1238.7885 
682.6732  
563.3279  
682.6995  
856.9763  
17146.1949
24644.102 
8843.7891 
1996.3746 
1150.0813 
823.1218  
1269.4006 
1319.1997 
726.9863  
599.8942  
727.0143  
912.6036  
18259.1751
26243.7803
9417.8501 
2125.9616 
1224.7345 
876.5516  
956.4485  
710.2751  
428.8957  
406.7272  
592.4932  
1211.4179 
8774.2454 
14141.2964
15150.6944
3043.8976 
1144.4809 
957.3982  
1157.1462 
732.3977  
388.9924  
372.944   
580.6666  
1707.1729 
9225.9216 
21077.9603
11136.068 
2620.3815 
2597.3815 
2678.2887 
817.0959  
1174.6906 
954.9803  
540.6572  
632.3274  
1365.9925 
13984.2843
31844.4979
25130.1024
8793.1512 
3540.9047 
1911.0348 
863.6635  
748.0053  
784.4869  
575.3107  
1213.884  
1471.2458 
7499.7081 
17276.173 
7195.3146 
2594.8072 
1125.2859 
1050.7377 
1029.0534 
705.8103  
685.3751  
449.6342  
459.5215  
1517.0277 
7249.9349 
21464.6982
9832.6488 
3056.8785 
1582.5909 
1397.5974 
1012.8095 
879.7504  
466.6791  
353.382   
298.4465  
1488.522  
9421.8528 
13369.9534
13485.74  
2643.7916 
1190.9646 
1448.0732 
1355.765  
799.8334  
900.6116  
1212.3801 
613.402   
2465.6203 
10144.2728
15987.2817
18122.7174
3204.5258 
1892.0804 
1994.5577 
783.7997  
678.8366  
711.9447  
522.1112  
1101.635  
1335.1983 
6806.2029 
15678.6288
6529.957  
2354.8629 
1021.2296 
953.575   
465.887   
468.2998  
354.2692  
311.2437  
311.7201  
2305.867  
10378.1566
17992.2116
10362.9139
3090.267  
1825.7624 
985.9521  
817.0959  
1174.6906 
954.9803  
540.6572  
632.3274  
1365.9925 
13984.2843
31844.4979
25130.1024
8793.1512 
3540.9047 
1911.0348 
1775.0946 
1177.4905 
848.5183  
824.1245  
743.4227  
1073.228  
6943.9401 
12429.6276
6832.1685 
2263.593  
1278.9314 
1020.7191 
1036.8037 
656.2288  
348.5374  
334.1581  
520.2777  
1529.628  
8266.4316 
18885.866 
9977.924  
2347.8635 
2327.2555 
2399.7484 
933.74    
535.169   
494.3659  
389.295   
482.2155  
1754.095  
15425.72  
19145.5864
19363.4124
4589.0636 
1992.8207 
1672.466  
686.4294  
594.5057  
623.5008  
457.25    
964.7804  
1169.3285 
5960.678  
13730.8951
5718.7497 
2062.3216 
894.3637  
835.1137  
998.6763  
867.474   
460.1668  
348.4508  
294.2819  
1467.7505 
9290.3761 
13183.3832
13297.5541
2606.8989 
1174.3454 
1427.8661 
