NaN         
1720.5987   
3014.22581  
2704.93516  
2860.33693  
3319.90176  
16811.06033 
37533.61529 
59433.30442 
25962.97084 
8423.29399  
5675.17531  
5882.68567  
1477.54369  
2588.43061  
2322.83093  
2456.28036  
2850.9262   
14436.29834 
32231.54623 
51037.6441  
22295.39277 
7233.40365  
4873.48938  
5051.68644  
4816.35651  
3471.59983  
2714.90267  
2117.75561  
2947.19296  
11135.46536 
27099.43053 
57741.7662  
57159.40632 
10280.05413 
3382.9166   
5121.42684  
1749.96348  
4018.14709  
3204.16351  
3573.27827  
4356.53752  
9284.10053  
40023.49979 
138321.14515
48781.02611 
7024.46011  
6823.59502  
1656.85606  
1854.47453  
3248.75581  
2915.39996  
3082.89319  
3578.21571  
18119.09038 
40454.01983 
64057.67355 
27983.09007 
9078.69118  
6116.74769  
6340.40396  
5134.85366  
3701.1706   
2894.43439  
2257.79905  
3142.08562  
11871.83401 
28891.46799 
61560.12718 
60939.25687 
10959.85595 
3606.6229   
5460.09774  
4854.44609  
2637.24281  
2598.52734  
2833.18924  
4522.40632  
14070.71646 
41597.12087 
86767.56667 
59325.86002 
8358.36796  
7030.9208   
9545.52371  
1845.34546  
2098.39334  
2578.83235  
1879.72027  
2974.60286  
11611.7847  
49028.28436 
65004.62572 
63939.0438  
12631.26407 
6533.54025  
4826.45267  
6473.85643  
4428.66807  
1569.78553  
1696.67766  
2516.98913  
8410.27433  
41045.82661 
80700.49409 
27658.35726 
5473.12764  
4388.04356  
2080.27823  
6894.08224  
4716.13824  
1671.6822   
1806.81105  
2680.36992  
8956.19535  
43710.16056 
85938.86019 
29453.69449 
5828.39494  
4672.87675  
2215.31159  
4592.79204  
3310.45595  
2588.88298  
2019.45415  
2810.39087  
10618.58203 
25841.53572 
55061.52287 
54506.19483 
9802.87706  
3225.8892   
4883.70168  
2749.80468  
1039.33191  
880.05716   
2240.52895  
2954.39983  
8770.71331  
33656.05136 
93631.10833 
35995.63416 
5990.92427  
11615.06731 
7473.00696  
4079.07692  
2373.01111  
6173.32451  
4010.51596  
4251.69559  
9661.5549   
27731.18232 
114160.75863
75334.18737 
30866.082   
15510.63381 
5573.99419  
1803.10007  
1901.12765  
2741.44246  
2628.87601  
2362.12683  
11704.06864 
45697.08672 
81281.39114 
25831.20051 
7273.11711  
4009.70249  
4889.91381  
2892.90899  
2139.66908  
3065.91929  
2190.12957  
3214.83209  
8046.77713  
26911.4322  
89159.8576  
29065.87268 
6145.27914  
6807.30005  
4313.83863  
1362.72509  
1494.3584   
711.11753   
725.14361   
2174.43438  
7709.40297  
38579.82229 
53563.50423 
39094.8521  
8325.61738  
4500.99882  
3295.68879  
4848.79795  
2634.17438  
2595.50395  
2829.89283  
4517.1445   
14054.34518 
41548.72263 
86666.61262 
59256.83439 
8348.643    
7022.74033  
9534.41749  
1636.36568  
1725.32855  
2487.93865  
2385.78133  
2143.6987   
10621.78221 
41471.43337 
73765.2231  
23442.56467 
6600.56501  
3638.92146  
4437.7388   
1238.11341  
1469.55089  
1702.77469  
2044.40347  
3364.13705  
9847.27505  
44520.14646 
69696.78303 
28930.74571 
6946.16606  
6798.23716  
2031.08252  
4079.07692  
2373.01111  
6173.32451  
4010.51596  
4251.69559  
9661.5549   
27731.18232 
114160.75863
75334.18737 
30866.082   
15510.63381 
5573.99419  
6283.17115  
4752.16633  
3043.36186  
2631.18991  
3470.61542  
8923.08322  
29793.79814 
70153.06305 
27075.17682 
6554.34213  
5196.95255  
2688.04959  
2463.82675  
931.24205   
788.53178   
2007.51537  
2647.14414  
7858.56475  
30155.84358 
83893.53306 
32252.11128 
5367.87198  
10407.10775 
6695.81902  
1938.22781  
2204.01242  
2708.63352  
1974.33282  
3124.32447  
12196.24427 
51496.04024 
68276.52376 
67157.30758 
13267.03741 
6862.39496  
5069.38402  
1433.0823   
1510.99344  
2178.86558  
2089.39911  
1877.39006  
9302.25334  
36319.49627 
64601.47449 
20530.32825 
5780.58622  
3186.86343  
3886.44483  
1343.70903  
1473.50547  
701.19428   
715.02464   
2144.09137  
7601.8226   
38041.46259 
52816.05568 
38549.30545 
8209.43807  
4438.18991  
3249.69931  
