NaN      
35589.35 
47823.74 
41684.37 
41038.74 
40818.84 
89133.32 
215056.17
280673.59
78353.41 
35572.8  
37155    
34532.87 
67998.56 
57853.27 
47548.19 
40643.23 
41777.59 
122444.63
218383.21
343867.09
99112.78 
38021.4  
44326.74 
34579.05 
49341.33 
66303.17 
57791.51 
56896.39 
56591.53 
123575.06
298155.38
389127.83
108629.72
49318.37 
51511.95 
47876.62 
71817.72 
70153.32 
77946.45 
55113.64 
53579.69 
153877.68
296425.88
564750.03
233406.35
81726.6  
63931.66 
65759.11 
51786.05 
62714.02 
46490.62 
44837.72 
49127.52 
109792   
239299.66
613868.55
251619.41
88980.35 
86236.99 
56636.99 
59827.78 
62485.69 
52811.75 
63334.38 
61078.92 
151065.34
255720.76
436662.57
403603.06
94523.1  
102068.42
55302.89 
57026.93 
55705.31 
61893.46 
43763.04 
42545    
122186.71
235377.25
448440.3 
185336.54
64895.08 
50764.99 
52216.08 
61051.77 
82659.34 
66397.65 
49079.9  
64520.04 
136082.14
289312.62
388215.82
296421.7 
134163.97
90058.9  
71076.4  
72977.74 
62089.55 
51029.89 
43619.32 
44836.75 
131410.6 
234374.25
369046.66
106370.28
40805.51 
47572.55 
37111.09 
38947.98 
67848.11 
52478.28 
41253.79 
50182.66 
145107.77
247349.97
331781.8 
128005.12
52364.43 
52442.61 
53309.44 
50366.13 
57390.71 
50238.2  
48906.54 
64088.28 
147117.77
282261.74
464179.34
211715.29
79969.98 
81677.7  
63479.36 
33582.98 
62476.57 
61312.49 
48640.92 
51452.06 
116375.92
209254.53
510172   
199669.99
69838.06 
61049.49 
56695.15 
45754.46 
97799.02 
52547.13 
51952.47 
56717.12 
145657.55
317382.13
581488.59
219286.4 
103388.79
99012.45 
79760.64 
61707.85 
63703.69 
52871.9  
42637.46 
53336.93 
120625   
209512.22
896109.42
281132.85
49672.26 
50624.42 
39361.82 
34090.99 
46009.26 
44336.81 
39525.82 
41863.81 
118262.46
313565.98
765466.01
249293.77
48479.58 
57176.35 
33544.88 
40511.55 
70571.88 
54585.03 
42909.93 
52197.25 
150933.14
257279.87
345101.22
133143.9 
54466.6  
54547.93 
55449.55 
37818.6  
51040.05 
49184.73 
43847.7  
46441.33 
131193.64
347852.23
849164.39
276552.31
53780.49 
63428.19 
37212.78 
68226.78 
70433.47 
58457.38 
47141.76 
58971.53 
133368.04
231645.46
990776.01
310832.23
54919.73 
55972.47 
43520.07 
38887.85 
32916.55 
28257.77 
26585.8  
33435.53 
77520.26 
211246.99
259655.91
203790.04
50219.01 
35718.65 
32318.92 
54301.43 
63444.46 
46413    
40445.27 
53799.97 
129860.5 
262347.86
400851.13
125620.83
40268.95 
74370.33 
61250.82 
65292.98 
55207.01 
41015.54 
38987.73 
47478.58 
115365.06
269360.39
297320.09
136195.25
40258.95 
57703.78 
45967.17 
39232.14 
83857.73 
45056.51 
44546.63 
48632.07 
124894   
272139.17
498597.14
188027.03
88650.67 
84898.18 
68390.73 
36633.07 
63815.5  
49359.19 
38801.84 
47200.01 
136483.17
232648.52
312062.07
120397.03
49252.1  
49325.64 
50140.95 
65021.6  
54977.56 
40845.07 
38825.68 
47281.24 
114885.57
268240.86
296084.36
135629.19
40091.62 
57463.95 
45776.12 
42531.39 
41346.26 
48621.11 
37685.55 
39321.44 
107948.67
168593.18
229793.93
79577.75 
28160.85 
39816.35 
27303.05 
