NaN      
288960.1 
440862.3 
354053.8 
328195.6 
414620.2 
749643.3 
1422276  
2227797.9
728471.7 
527130.2 
459974.6 
409511.7 
645787.2 
480302.3 
458894.9 
341192.2 
373310.3 
1491620.9
2181115.6
2540180.1
805440   
359874.3 
330518.3 
246188.3 
155760   
237640.9 
190847.9 
176909.4 
223495.4 
404085.1 
766658.7 
1200864.4
392672.8 
284142.4 
247943.1 
220741.7 
371912.9 
323815.9 
272371.3 
294408.9 
328329.8 
1032145.5
1493124.3
2408362  
955831.2 
291075.7 
314802.8 
305056.8 
410070.4 
501121.3 
356040.7 
357345.5 
437264.4 
889782.5 
2020428.8
4503838.2
2276809.5
1077713.6
915252.3 
412171.3 
435646.6 
496234.5 
493339.5 
530353.3 
565859.9 
1129538.3
1510433  
2084079.5
2604695.4
890677.4 
912038.3 
428505.3 
638810.2 
556197.1 
467834.2 
505686.7 
563950.5 
1772848.1
2564641  
4136684.3
1641768.1
499961.5 
540715.9 
523975.9 
451005.5 
551578.1 
414187.1 
449032   
531540.5 
1340525.8
2394560.3
2713911.4
2234553.9
902178.1 
720406.5 
711231.7 
653374.8 
485945.5 
464286.7 
345201.1 
377696.4 
1509146.7
2206742.5
2570025.8
814903.5 
364102.7 
334401.7 
249080.9 
236387.2 
295736.3 
239351.9 
205735.1 
265937.7 
1003249.9
1658733.8
1781940.1
640601.1 
299745.8 
224198.7 
271969.4 
270969   
324645.3 
312815.5 
268986.8 
449011.2 
835664.5 
1455726.1
2508583.9
1135765.6
425801   
403140.7 
322903.4 
517868.2 
512033.9 
453237.5 
410422.8 
511280.6 
1581934.5
2661087.4
4836921.2
1457513.5
543689.4 
672983.7 
443336.9 
352076.5 
679669.8 
441568.9 
380017.7 
677597.9 
1561107.2
3155699.9
3798858.3
1285251  
616488.2 
673285.8 
542053.5 
586630.5 
739733.3 
443729.9 
345879.3 
556781.1 
1135516.2
2916245  
4992349.4
2034739.6
469264.6 
400503.4 
310567.9 
227155.6 
314896.2 
384452.3 
435689.9 
377668   
1100908.3
2355103.2
3973940.2
2049915.7
537251.3 
541190.5 
274355.3 
476211.9 
595772.9 
482184.4 
414461.9 
535742.6 
2021088.4
3341587.8
3589791.9
1290517.4
603850.3 
451657.6 
547893.7 
315792.8 
437770.2 
534467.5 
605698.2 
525035.9 
1530488.1
3274076  
5524591  
2849802.7
746889.4 
752365.6 
381410.1 
610529.9 
769870   
461807.4 
359970.4 
579464.4 
1181777.2
3035052.9
5195737.8
2117634.9
488382.5 
416819.9 
323220.4 
300749.7 
301594.8 
230424.3 
219867.7 
294183.8 
747965.8 
1663674  
1746894.2
1211817.8
522417.4 
347385.4 
218050.1 
409166.9 
375745.3 
287613.7 
169025.2 
365538   
901208.3 
1322909.6
1866472  
779628.2 
310848.7 
384231.1 
450164   
668426   
636849.6 
459137.2 
531420.8 
649760.9 
922195   
1413852.4
1389304.9
876736.2 
489970.8 
722692.2 
562511   
296593.5 
572562.1 
371983   
320131.6 
570816.7 
1315095.7
2658399.9
3200204.4
1082711.1
519337.2 
567184.1 
456632.5 
213670.4 
267316   
216350.2 
185964   
240381.1 
906837.6 
1499329.6
1610695.7
579039.3 
270940.2 
202653.2 
245833.2 
464372.2 
442435.3 
318974.1 
369191.2 
451405   
640671.8 
982238.5 
965184.7 
609090.4 
340394.9 
502072.3 
390790.4 
246352.7 
339205.9 
285519.1 
282359.7 
304721.5 
718257.4 
1291603  
1025633  
542004.4 
267986.6 
258265.9 
432928.1 
