NaN         
1636.36568  
1725.32855  
2487.93865  
2385.78133  
2143.6987   
10621.78221 
41471.43337 
73765.2231  
23442.56467 
6600.56501  
3638.92146  
4437.7388   
6396.72381  
4838.0499   
3098.36304  
2678.74211  
3533.33815  
9084.34572  
30332.24681 
71420.90488 
27564.49318 
6672.79553  
5290.87452  
2736.62939  
1463.93477  
1543.52324  
2225.77382  
2134.38126  
1917.80792  
9502.5192   
37101.40953 
65992.26332 
20972.3205  
5905.035    
3255.47261  
3970.11511  
4772.98337  
2604.18354  
2026.0105   
2292.82749  
3233.2456   
9852.09576  
44562.21413 
100475.88645
35604.61613 
4738.42137  
4122.81445  
2304.29516  
3331.54215  
2465.03424  
1184.83927  
2651.69775  
2979.1533   
10858.9456  
20622.15782 
111242.51187
47587.38086 
15579.97521 
8686.95343  
3850.55294  
1788.35047  
1628.61662  
1823.11006  
3960.06494  
3669.07081  
10946.39697 
29192.50106 
76401.35584 
69507.55947 
12307.67145 
12044.69498 
2872.26664  
4944.06886  
2697.52936  
2098.63196  
2375.01289  
3349.13987  
10205.23981 
46159.52716 
104077.40057
36880.84799 
4908.26801  
4270.59493  
2386.89161  
1909.91453  
2171.81661  
2669.06629  
1945.49212  
3078.68491  
12018.08374 
50743.79541 
67279.15266 
66176.28579 
13073.23493 
6762.15034  
4995.33137  
6759.32156  
5112.29435  
3273.99349  
2830.58638  
3733.62512  
9599.29109  
32051.62766 
75469.39283 
29126.98414 
7051.04238  
5590.78729  
2891.75499  
1817.29638  
3183.62537  
2856.95257  
3021.08793  
3506.48031  
17755.84228 
39643.00527 
62773.45741 
27422.09036 
8896.68329  
5994.12029  
6213.29274  
1458.95818  
2667.12358  
1442.9552   
2760.66623  
4059.34311  
8950.73528  
30768.89873 
76205.80574 
44298.52465 
12965.1668  
9859.80777  
6644.22806  
3259.07744  
2410.49658  
3453.98643  
2467.34408  
3621.74779  
9065.29376  
30317.73272 
100445.22013
32744.87038 
6923.11464  
7668.93051  
4859.8605   
1646.4893   
2710.8274   
2087.41391  
1955.54547  
2378.53278  
8947.22341  
45455.40534 
108845.73005
35250.51468 
9443.2041   
6326.53694  
2974.82393  
5735.02518  
3357.93792  
3289.99849  
2366.71802  
4371.01907  
11944.96586 
22154.66947 
148488.01605
50921.92968 
6437.3264   
4466.00437  
1664.02052  
1728.59724  
3969.08737  
3165.04215  
3529.65019  
4303.3462   
9170.74595  
39534.83134 
136632.30785
48185.43231 
6938.69469  
6740.28208  
1636.62661  
1782.78837  
3123.17261  
2802.70289  
2963.72154  
3439.89697  
17418.68272 
38890.23794 
61581.47391 
26901.38176 
8727.74725  
5880.30001  
6095.31067  
1749.96348  
4018.14709  
3204.16351  
3573.27827  
4356.53752  
9284.10053  
40023.49979 
138321.14515
48781.02611 
7024.46011  
6823.59502  
1656.85606  
5910.20337  
3460.50721  
3390.49256  
2439.01019  
4504.53325  
12309.82868 
22831.39097 
153023.63024
52477.35639 
6633.95661  
4602.41991  
1714.84857  
4469.73062  
3221.75404  
2519.51523  
1965.34394  
2735.08794  
10334.06276 
25149.12549 
53586.1786  
53045.73028 
9540.21418  
3139.45321  
4752.84549  
1964.86788  
742.6527    
628.84322   
1600.96584  
2111.06096  
6267.09706  
24048.86959 
66903.93624 
25720.61418 
4280.80392  
8299.52498  
5339.82338  
2751.46173  
2455.53768  
1483.98873  
1927.19848  
1942.87614  
6351.058    
37802.16377 
63458.80156 
32091.71649 
4152.71591  
6335.81275  
3290.17878  
1647.86361  
2713.09012  
2089.15627  
1957.17776  
2380.51814  
8954.69163  
45493.34683 
108936.58324
35279.93817 
9451.08631  
6331.81768  
2977.30701  
1720.5987   
3014.22581  
2704.93516  
2860.33693  
3319.90176  
16811.06033 
37533.61529 
59433.30442 
25962.97084 
8423.29399  
5675.17531  
5882.68567  
2571.44756  
2294.88431  
1386.89889  
1801.11167  
1815.76362  
5935.54052  
35328.96014 
59307.0144  
29992.11843 
3881.02479  
5921.29269  
3074.91909  
2857.65566  
3019.79889  
2845.44735  
3546.98903  
3468.17674  
9228.83319  
39768.12624 
54446.13228 
21872.43838 
3106.76327  
2774.15294  
3098.24123  
