NaN      
81459.01 
55937.83 
43230.39 
41093.07 
40126.19 
50616.02 
104882.44
222560.53
287099.65
119086   
95339.14 
62445.91 
49017.28 
93305.91 
57624.54 
51158.4  
34264.65 
67339.78 
108744.18
575614.54
853432.58
449079.8 
184798.15
110806.45
58875.73 
64739.42 
54095.22 
39986.17 
42149.3  
46150.91 
87076.69 
224627.32
482998.94
306760.65
115016.23
74635.78 
53081.59 
51441.37 
52568.55 
52209.85 
42767.45 
47180.5  
121167.55
438906.01
916347.94
553522.46
256000.34
122377.33
99816.93 
82947.55 
58154.85 
61005.31 
61797.98 
71640.42 
198871.62
714241.55
837477.82
396829.92
153142.45
91565.47 
63250.34 
60018.36 
45672.98 
39800.4  
42451.32 
53194.87 
95373.03 
280147   
247235.8 
111210.96
114721.74
77686.78 
77578.64 
61851.68 
49222.71 
50701.3  
44425.53 
72633.6  
132749.71
368355.96
624818.42
320637.64
131151.44
105214.05
106455.46
74828.7  
50940.42 
45315.44 
42812.73 
87243.1  
217581.51
406729.98
700745.04
231956.93
101676.1 
62105.06 
73271.53 
69799.85 
58431.65 
59127.04 
49860.79 
73328.34 
131230.82
392795.09
561421.24
349517.88
122503.21
66960.43 
63086.84 
59003.48 
51067.09 
42690.88 
46270.7  
58828.29 
83229.2  
372020.48
541724.25
185169.8 
143119.67
193318.14
102379.14
90127.51 
74307.1  
56217.26 
56310.87 
76684.58 
188385.61
537651.51
590575.69
320839.02
142467.1 
68087.68 
45381.7  
48387.72 
47780.21 
44572.35 
39183.57 
46021.7  
84345.7  
311521.03
638116.45
204546.01
115248.7 
64119.83 
67702.67 
63911.69 
51892.82 
53287.37 
47159.29 
68084.96 
117778.16
633435.18
626405.03
288015.99
134383.67
75755.42 
43213.98 
46076.41 
45497.92 
42443.29 
37311.92 
43823.41 
80316.82 
296640.8 
607635.95
194775.6 
109743.69
61057.06 
80533.59 
65839.74 
63033.92 
55441.77 
43507.68 
67201.57 
64863.8  
269537.01
979187.38
919834.39
375569.48
116426.71
86481.42 
69166.78 
54096.8  
59359.46 
42823.64 
55210.84 
150152.12
492660.47
610903.67
290291.14
135468.24
74361.94 
42660.36 
45486.12 
44915.04 
41899.54 
36833.91 
43261.98 
79287.86 
292840.47
599851.4 
192280.28
108337.74
60274.84 
78272.04 
61945.19 
61059.92 
66920.77 
63340.39 
59747.24 
86381.92 
399309.95
706119.69
392639.49
149114.12
72423.97 
50916.02 
47620.43 
41215.14 
34454.88 
37344.08 
47479.03 
67172.48 
300249.66
437213.88
149446.53
115508.78
156022.88
68273.39 
54032.16 
53259.98 
58372.15 
55249.14 
52114.99 
75347.3  
348301.17
615918.33
342482.81
130065.94
63172.36 
51113.8  
54499.51 
53815.27 
50202.22 
44132.8  
51834.64 
94999.3  
350868.84
718716.1 
230381.95
129805.61
72218.72 
112854.13
79326.4  
54002.27 
48039.2  
45386.05 
92486.98 
230659.59
431177.11
742864.41
245899.06
107787.5 
65837.98 
58259.21 
54488.33 
47159.25 
39424.02 
42729.91 
54326.54 
76860.21 
343552.17
500269.6 
170999.96
132167.65
178524.76
63850.8  
50532.08 
49809.92 
54590.94 
51670.23 
48739.1  
70466.47 
325739.02
576020.55
320297.56
121640.57
59080.2  
50301.66 
47045.84 
40717.84 
34039.15 
36893.49 
46906.15 
66361.97 
296626.84
431938.45
147643.3 
114115.05
154140.3 
