NaN       
1677.6868 
792.0833  
588.366   
450.3201  
281.9856  
421.8663  
3057.9414 
9685.1312 
14794.4408
6390.3449 
3812.0076 
2223.9769 
1348.0495 
983.9128  
814.3293  
725.5383  
498.007   
1111.1422 
6023.0915 
20361.4407
28310.6039
11723.6231
5004.4493 
3527.0158 
1198.1468 
498.8346  
454.6605  
334.491   
351.9021  
856.7291  
4514.9819 
10747.3572
24978.8846
11992.8584
4933.1499 
3007.9936 
1092.3849 
731.5468  
662.1876  
725.8369  
529.843   
641.5613  
3195.4905 
11857.2875
35146.9325
34503.1802
14666.9206
3823.0096 
1839.5    
1425.94   
628.97    
760.47    
493.89    
1160.35   
4850.25   
17241.55  
29338.9   
16062.36  
6487.23   
4008.45   
1412.8973 
649.6217  
340.422   
304.918   
403.2262  
793.4274  
2569.5853 
11259.1199
13669.9137
6516.3931 
6118.3392 
4583.7553 
1512.02   
676.97    
737.07    
368.34    
558.16    
752.14    
2011.07   
7917.53   
22665.23  
15734.89  
4827.83   
3154.75   
3148.01   
1841.68   
934.62    
729.53    
541.89    
1611.19   
5746.99   
16423.56  
29029.08  
13920.38  
5763.05   
2962.95   
1066.9517 
1182.9769 
988.6065  
615.0121  
464.6939  
902.4821  
3865.0953 
12680.3893
26097.997 
10156.9512
3703.8219 
1572.5117 
1563.2442 
928.3122  
750.586   
480.8167  
474.4665  
885.6607  
3663.2471 
14569.8856
25709.2021
11266.851 
6190.1148 
6659.2311 
4376.0693 
2136.348  
961.397   
703.9687  
584.9707  
834.7836  
3824.9537 
13732.0149
21725.2914
11275.336 
4556.768  
3123.9948 
1232.1072 
849.3005  
744.3842  
731.4846  
462.5339  
874.8896  
3757.9996 
11923.7762
31194.1775
13536.3003
6597.4811 
2526.4923 
1601.4473 
1109.8077 
950.217   
726.8679  
778.5475  
964.2724  
3340.5138 
16306.3525
23396.6539
14692.6267
5054.035  
2536.2214 
1232.1072 
849.3005  
744.3842  
731.4846  
462.5339  
874.8896  
3757.9996 
11923.7762
31194.1775
13536.3003
6597.4811 
2526.4923 
2189.3254 
792.0337  
473.8391  
374.4481  
387.7884  
912.5562  
2377.4463 
13712.086 
40786.0578
32894.1616
11921.2213
4990.1306 
2881.0391 
2908.3615 
1295.4266 
964.4393  
902.9664  
1052.0637 
4169.8245 
18483.0862
23860.713 
11832.4849
4747.2839 
1818.0444 
1232.15   
849.33    
744.41    
731.51    
462.55    
874.92    
3758.13   
11924.19  
31195.26  
13536.77  
6597.71   
2526.58   
1385.3135 
980.8053  
997.6103  
781.1277  
730.5131  
1171.3925 
4896.1321 
20813.2634
32156.121 
16793.3483
5095.4209 
2660.2976 
1563.19   
928.28    
750.56    
480.8     
474.45    
885.63    
3663.12   
14569.38  
25708.31  
11266.46  
6189.9    
6659      
1385.3135 
980.8053  
997.6103  
781.1277  
730.5131  
1171.3925 
4896.1321 
20813.2634
32156.121 
16793.3483
5095.4209 
2660.2976 
1232.1072 
849.3005  
744.3842  
731.4846  
462.5339  
874.8896  
3757.9996 
11923.7762
31194.1775
13536.3003
6597.4811 
2526.4923 
3148.01   
1841.68   
934.62    
729.53    
541.89    
1611.19   
5746.99   
16423.56  
29029.08  
13920.38  
5763.05   
2962.95   
1563.19   
928.28    
750.56    
480.8     
474.45    
885.63    
3663.12   
14569.38  
25708.31  
11266.46  
6189.9    
6659      
1385.3135 
980.8053  
997.6103  
781.1277  
730.5131  
1171.3925 
4896.1321 
20813.2634
32156.121 
16793.3483
5095.4209 
2660.2976 
1563.19   
928.28    
750.56    
480.8     
474.45    
885.63    
3663.12   
14569.38  
25708.31  
11266.46  
6189.9    
6659      
