NaN         
3606.9477   
2466.13133  
1647.16253  
2153.5087   
1710.71205  
2554.28066  
12829.82788 
43625.71976 
68116.88437 
14058.79358 
11373.31391 
4778.51383  
3183.6872   
3442.43557  
2852.1351   
2688.81864  
3371.59951  
4717.48458  
13611.34498 
83907.27635 
126050.79452
45214.06444 
15266.15397 
10558.50773 
1985.52414  
1729.7841   
2349.78855  
1724.12196  
2149.72623  
3833.26952  
13658.028   
36680.29368 
111395.07646
35099.61263 
9626.58355  
5753.67904  
2600.41582  
2027.21778  
4359.84609  
4373.12481  
3060.74474  
3690.37734  
11974.08492 
55716.39864 
153495.35304
97636.20817 
28324.61433 
9836.21115  
5497        
3306        
2110        
4494        
3635        
3564        
10399       
92308       
134498      
46085       
10404       
8199        
3060.15455  
886.02358   
829.35405   
2125.55708  
2208.31258  
2994.48986  
9696.78601  
54642.91837 
64859.62482 
17217.64203 
17699.78278 
9213.74575  
5753        
2884        
3257        
3110        
3174        
3881        
12914       
47929       
104542      
55973       
11620       
9408        
11819       
5423        
3358        
2996        
4217        
5544        
22450       
54654       
126940      
39924       
9342        
3897        
2295.57879  
3322.75984  
2476.4913   
2858.41772  
2756.9057   
3976.05502  
19688.30685 
63142.48758 
120194.25387
29431.45078 
7417.41306  
2144.81836  
2535.08797  
1397.04848  
1778.0617   
1489.05167  
2527.08769  
3608.1252   
6253.21699  
52854.83407 
103686.59794
32042.11187 
15205.52763 
28579.99173 
13024.93546 
4590.44135  
3633.97315  
3045.14426  
2684.57494  
3478.43345  
16628.60867 
71109.92601 
111027.0708 
39975.72468 
9833.34147  
5665.07933  
90.99684    
929.96773   
2378.91745  
2837.90152  
2840.90142  
2880.90003  
7430.74214  
42906.51109 
119318.85947
36428.73587 
14914.48245 
7495.73989  
2760.16948  
2988.76941  
2370.85082  
3157.47416  
2523.58352  
3529.82252  
10973.79496 
84088.83762 
114263.0303 
45949.58445 
9532.31766  
3916.14642  
90.99684    
929.96773   
2378.91745  
2837.90152  
2840.90142  
2880.90003  
7430.74214  
42906.51109 
119318.85947
36428.73587 
14914.48245 
7495.73989  
4574.94405  
2914.69114  
2762.23037  
2900.11768  
3457.27211  
4971.79046  
9155.49328  
48816.59245 
165968.11867
141874.83329
32663.59836 
8471.6619   
12024.00717 
6016.43105  
3266.48423  
3404.22754  
2725.3498   
3085.45017  
15448.89621 
63988.65513 
105748.49151
38545.49783 
14065.55982 
3565.58399  
91          
930         
2379        
2838        
2841        
2881        
7431        
42908       
119323      
36430       
14915       
7496        
1757.25822  
1528.00729  
2401.15431  
4668.74503  
3759.71526  
4155.4223   
8212.16702  
53167.27772 
124692.57124
42008.73787 
9132.16097  
3684.95952  
2535        
1397        
1778        
1489        
2527        
3608        
6253        
52853       
103683      
32041       
15205       
28579       
1757.25822  
1528.00729  
2401.15431  
4668.74503  
3759.71526  
4155.4223   
8212.16702  
53167.27772 
124692.57124
42008.73787 
9132.16097  
3684.95952  
90.99684    
929.96773   
2378.91745  
2837.90152  
2840.90142  
2880.90003  
7430.74214  
42906.51109 
119318.85947
36428.73587 
14914.48245 
7495.73989  
11819       
5423        
3358        
2996        
4217        
5544        
22450       
54654       
126940      
39924       
9342        
3897        
2535        
1397        
1778        
1489        
2527        
3608        
6253        
52853       
103683      
32041       
15205       
28579       
1757.25822  
1528.00729  
2401.15431  
4668.74503  
3759.71526  
4155.4223   
8212.16702  
53167.27772 
124692.57124
42008.73787 
9132.16097  
3684.95952  
2535        
1397        
1778        
1489        
2527        
3608        
6253        
52853       
103683      
32041       
15205       
28579       
