NaN        
989.35467  
868.6732   
750.147    
846.13401  
763.68576  
1106.66848 
1783.47287 
1931.53868 
482.66338  
593.3148   
703.99915  
563.50273  
1967.16482 
1382.7541  
1126.6184  
827.42989  
786.55958  
1614.16629 
2941.1038  
2913.39451 
856.15916  
719.56407  
1223.15031 
960.88721  
885.1021   
777.13735  
671.10078  
756.97322  
683.2129   
990.05405  
1595.54064 
1728.00411 
431.80306  
530.79466  
629.81573  
504.12402  
803.74945  
894.91215  
882.01074  
988.46154  
826.08788  
1394.54422 
4323.2788  
6169.98798 
1511.251   
484.46605  
597.07496  
583.33531  
1418.21456 
860.80157  
596.77522  
604.17497  
628.83207  
1401.62997 
4543.25733 
4635.63336 
2277.73628 
767.27045  
1008.04577 
619.77164  
822.59734  
801.51534  
710.86667  
584.93398  
753.10364  
1065.49821 
2193.86228 
5822.07908 
3856.31843 
1619.55202 
2882.00486 
1129.786   
832.55949  
926.98988  
913.62603  
1023.89251 
855.69864  
1444.53104 
4478.24484 
6391.1485  
1565.42113 
501.83152  
618.47685  
604.24471  
1128.77305 
964.17491  
1255.011   
1052.34672 
985.13151  
2063.11968 
8117.47406 
6837.80382 
1933.94155 
1474.22406 
2037.29219 
1929.31179 
2078.67339 
1461.1354  
1190.48067 
874.33268  
831.14564  
1705.66517 
3107.82002 
3078.54003 
904.69046  
760.3525   
1292.48448 
1015.35503 
1117.0727  
1138.11277 
920.17054  
915.46416  
921.26072  
1844.58431 
6074.2724  
5557.42887 
1868.07677 
2629.44887 
2925.44324 
1510.97849 
1027.10208 
1271.32739 
1021.09894 
959.52405  
831.41696  
1335.15169 
3142.74575 
5575.94937 
2039.02495 
1068.60762 
1897.10713 
1627.88882 
861.16595  
841.2027   
777.09679  
758.05278  
733.13846  
1409.2998  
3918.1592  
6475.6584  
1394.2465  
1298.98716 
1585.42023 
1215.09819 
1468.16558 
1369.48374 
1170.38038 
767.84713  
1046.19768 
2329.51748 
8115.09824 
5640.41015 
2400.56296 
1119.06867 
1065.37714 
807.22964  
1553.21807 
1020.5233  
501.26816  
647.82946  
821.0929   
1279.29686 
3608.96934 
20127.82027
4271.40407 
986.01362  
761.09571  
546.65709  
1002.01607 
885.86899  
761.22811  
556.10783  
505.63913  
970.11155  
2248.58106 
4970.28558 
1928.51232 
641.8288   
1557.38617 
707.8327   
1095.86099 
1116.50154 
902.69774  
898.08073  
903.76722  
1809.55814 
5958.93014 
5451.90077 
1832.6045  
2579.51918 
2869.89301 
1482.28704 
1014.40145 
896.81874  
770.63723  
562.98157  
511.88906  
982.10257  
2276.37454 
5031.72057 
1952.34961 
649.76209  
1576.63617 
716.58183  
1600.66161 
1051.69551 
516.57956  
667.61761  
846.17345  
1318.37339 
3719.20647 
20742.63101
4401.87548 
1016.13172 
784.34363  
563.35491  
1034.94443 
1027.6861  
731.64193  
296.4651   
559.39178  
1081.26172 
2555.76351 
3188.60667 
1890.35497 
817.2767   
466.73801  
643.26013  
497.05913  
486.85405  
394.129    
338.49902  
475.69854  
837.84342  
1259.88767 
841.551    
541.17233  
117.01537  
732.80183  
1293.35984 
1571.70337 
1231.0708  
782.13166  
422.91185  
560.22283  
1323.39358 
6141.97731 
6000.57074 
1415.30718 
634.36533  
788.65026  
508.88428  
1469.39105 
1370.62685 
1171.35729 
768.48805  
1047.07094 
2331.46192 
8121.87188 
5645.11819 
2402.56671 
1120.00275 
1066.26641 
807.90343  
1057.63366 
1077.5542  
871.2086   
866.75265  
872.24077  
1746.43464 
5751.06256 
5261.72008 
1768.67708 
2489.53685 
2769.78146 
1430.57987 
1468.8748  
1150.52808 
730.96076  
395.24288  
523.5703   
1236.81066 
5740.13892 
5607.98386 
1322.71082 
592.86203  
737.05288  
475.59057  
1306.67272 
1139.94395 
889.42974  
872.28727  
809.66264  
1339.89845 
2131.69389 
1698.53993 
491.39845  
98.11684   
169.02039  
552.11589  
