NaN      
2154.248 
2557.69  
2259.919 
2110.5   
3162.101 
6751.015 
16793.231
18669.681
5461.937 
1787.161 
1308.454 
2017.991 
4535.205 
4129.412 
4551.057 
3434.741 
3291.14  
12003.601
17570.498
28172.062
10185.075
3333.143 
2276.975 
2901.786 
1927.246 
2288.175 
2021.781 
1888.107 
2828.897 
6039.632 
15023.656
16702.376
4886.389 
1598.84  
1170.576 
1805.346 
5280.375 
3955.036 
3465.362 
3512.597 
4157.327 
10244.002
24197.292
44219.493
14103.995
2674.492 
2672.384 
2842.424 
3535.957 
3198.722 
2443.818 
2741.864 
3431.308 
5657     
17731.696
44250.036
16531.038
5266.011 
3650.086 
3310.98  
4485.638 
3427.282 
3463.237 
2974.938 
3625.058 
8962.305 
17425.835
33968.533
28494.701
6522.207 
5209.17  
3434.552 
5469.648 
4096.803 
3589.576 
3638.505 
4306.344 
10611.194
25064.633
45804.522
14609.546
2770.358 
2768.174 
2944.309 
2902.438 
3191.713 
3191.493 
2772.014 
3702.406 
9437.184 
23038.072
29468.621
23542.839
5789.154 
4119.075 
4821.789 
4792.283 
4363.487 
4809.033 
3629.439 
3477.698 
12684.024
18566.48 
29768.993
10762.415
3522.082 
2406.045 
3066.273 
4389.966 
5427.057 
3968.004 
3188.67  
4251.229 
13269.006
18204.692
21942.205
9456.526 
4590.791 
3455.178 
3246.83  
3053.014 
3591.427 
3375.447 
3265.558 
4168.839 
8464.507 
19065.546
27373.384
15266.483
5972.899 
5751.949 
4559.282 
3590.442 
3561.403 
3947.77  
3593.35  
4752.26  
10466.614
17971.553
39611.866
15583.433
5166.215 
4073.97  
3594.255 
4177.856 
3446.368 
3231.965 
3252.526 
4183.137 
8564.352 
24251.705
46065.654
15879.718
5091.19  
4298.23  
4148.505 
5461.549 
4443.474 
4352.605 
4183.974 
4786.302 
8823.79  
17653.126
72488.27 
21391.3  
3227.692 
3060.741 
2494.191 
2349.859 
2521.895 
2571.559 
2267.667 
3290.872 
7315.662 
27469.828
66951.631
20149.216
3303.384 
3492.428 
1931.629 
4306.607 
5324.005 
3892.657 
3128.122 
4170.504 
13017.046
17859.01 
21525.552
9276.96  
4503.618 
3389.568 
3185.178 
2378.904 
2553.067 
2603.345 
2295.696 
3331.549 
7406.087 
27809.368
67779.183
20398.269
3344.215 
3535.596 
1955.505 
5628.374 
4579.202 
4485.557 
4311.775 
4932.501 
9093.315 
18192.346
74702.447
22044.704
3326.283 
3154.232 
2570.377 
3702.695 
2927.52  
2332.222 
2318.947 
2299.827 
4581.851 
23394.799
25990.438
19394.371
4170.74  
2120.504 
2727.876 
2648.829 
1901.737 
1905.036 
1329.571 
2317.848 
5745.955 
13756.749
17434.385
6300.254 
1521.55  
2976.967 
3677.576 
3830.734 
3399.303 
1730.359 
1733.671 
2773.441 
5980.51  
16623.689
25261.45 
11722.943
3068.129 
3487.929 
3038.332 
4181.344 
3449.244 
3234.662 
3255.241 
4186.629 
8571.501 
24271.948
46104.104
15892.973
5095.44  
4301.818 
4151.968 
4156.378 
5138.286 
3756.868 
3019.002 
4025.023 
12562.967
17236.027
20774.668
8953.348 
4346.517 
3271.329 
3074.068 
3580.108 
3176.904 
1617.15  
1620.246 
2591.989 
5589.236 
15536.086
23608.721
10955.97 
2867.397 
3259.731 
2839.549 
4567.856 
3734.258 
3714.011 
3087.101 
3628.056 
9305.844 
17980.611
18659.563
6328.498 
1395.255 
1816.447 
2670.113 
