NaN       
405.527   
344.655   
253.1606  
238.2311  
233.6707  
472.6731  
3602.6851 
8635.8731 
4056.7077 
1210.8707 
418.8004  
568.8595  
1116.2286 
691.4715  
563.3319  
426.2392  
406.001   
857.331   
3126.9572 
7892.338  
4568.3719 
1399.6571 
626.6505  
507.9747  
362.7949  
308.3372  
226.484   
213.1276  
209.0478  
422.8655  
3223.0547 
7725.8739 
3629.2349 
1083.276  
374.6696  
508.9163  
785.7583  
600.2904  
374.781   
355.6358  
302.8988  
778.8161  
5491.4652 
14666.3761
7493.8551 
1188.5663 
682.939   
391.9439  
670.4531  
608.0411  
391.8876  
376.6575  
449.9947  
698.6522  
2441.3175 
12895.1891
7680.4086 
2572.9277 
788.3275  
403.2981  
723.5383  
378.068   
335.1233  
380.2638  
336.0775  
780.0263  
3034.7867 
10144.2717
14972.3603
3048.5177 
1252.2879 
473.4258  
813.9235  
621.8075  
388.2149  
368.3834  
313.7561  
806.7325  
5688.3044 
15192.0859
7762.4691 
1231.1699 
707.4187  
405.993   
441.2253  
492.7713  
423.8523  
313.1611  
312.8908  
691.3182  
4871.4848 
11145.6206
13331.4025
2834.9745 
1113.1209 
993.5823  
1179.5019 
730.6675  
595.2643  
450.4006  
429.0151  
905.9288  
3304.2085 
8339.7145 
4827.3297 
1478.9965 
662.1721  
536.7692  
642.8984  
578.5145  
417.5581  
353.1425  
309.9158  
1125.5137 
4983.0305 
10713.2951
6316.4246 
1636.7236 
666.7196  
633.7009  
485.8097  
509.7657  
521.5974  
473.06    
409.7282  
676.0237  
2718.0369 
11011.0149
9551.3673 
3247.4311 
1539.3184 
909.4343  
951.4451  
581.0316  
441.4512  
379.2523  
358.018   
656.0113  
4083.6234 
16953.3209
8242.9191 
2175.2568 
919.0951  
973.0098  
502.7186  
546.1236  
359.5446  
281.3562  
281.9624  
624.3172  
5805.3809 
14324.5334
5884.7476 
1814.6735 
854.9234  
617.3245  
1008.5699 
864.9547  
410.3221  
344.6844  
475.7068  
826.781   
3123.9768 
23255.2025
9984.3424 
1671.4234 
673.5125  
471.7515  
532.845   
399.8118  
354.6975  
319.2883  
316.3839  
692.1403  
3915.9343 
18348.5742
10172.7407
1795.3946 
898.8495  
387.8826  
630.6907  
567.5293  
409.6292  
346.4368  
304.0309  
1104.1417 
4888.4095 
10509.864 
6196.4842 
1605.6444 
654.0595  
621.6677  
539.4312  
404.7536  
359.0817  
323.2348  
320.2945  
700.6955  
3964.337  
18575.3709
10298.4804
1817.5865 
909.9597  
392.677   
1039.377  
891.375   
422.8555  
355.2129  
490.2374  
852.0353  
3219.3996 
23965.5402
10289.3173
1722.4775 
694.0852  
486.1613  
747.3957  
606.7709  
341.2201  
302.9295  
329.0548  
511.795   
2930.3199 
8770.2712 
9165.1373 
1607.7614 
536.3096  
465.6036  
457.2471  
278.8992  
201.2035  
123.3134  
212.6307  
485.6839  
3000.7221 
9276.0599 
4407.6303 
906.5007  
858.1865  
828.5173  
830.1999  
529.8261  
458.9358  
352.1211  
248.1835  
501.5788  
3842.2422 
9708.6024 
7471.821  
1152.264  
692.299   
557.2028  
503.1383  
546.5794  
359.8447  
281.591   
282.1978  
624.8383  
5810.2267 
14336.4901
5889.6596 
1816.1882 
855.637   
617.8398  
608.69    
547.732   
395.34    
334.3519  
293.4253  
1065.6255 
4717.8853 
10143.2445
5980.3299 
1549.6341 
631.2437  
599.9819  
775.8842  
495.1622  
428.91    
329.0836  
231.9461  
468.763   
3590.8638 
9073.4178 
6982.9777 
1076.8773 
647.0054  
520.7478  
816.0955  
800.7751  
546.6219  
538.9299  
434.9926  
741.8326  
5312.432  
8405.6115 
4954.7188 
913.6134  
408.0924  
534.9187  
