NaN       
783.7997  
678.8366  
711.9447  
522.1112  
1101.635  
1335.1983 
6806.2029 
15678.6288
6529.957  
2354.8629 
1021.2296 
953.575   
1807.175  
1198.7707 
863.8531  
839.0185  
756.8582  
1092.6239 
7069.4346 
12654.2622
6955.6429 
2304.5018 
1302.0449 
1039.166  
701.2073  
607.3046  
636.924   
467.0941  
985.551   
1194.5027 
6089.0039 
14026.504 
5841.8672 
2106.7208 
913.6183  
853.0927  
1408.53   
1871.2079 
1183.212  
727.1286  
453.0652  
1791.7847 
10127.7064
22764.4345
12693.9698
2949.7558 
1493.2659 
1028.862  
1311.108  
1163.2098 
527.9389  
507.0531  
704.7304  
1062.0157 
8103.2433 
18659.6358
12857.7934
4470.3652 
1756.3893 
867.5488  
1366.7587 
1096.7643 
734.8729  
639.8632  
455.0107  
1889.8478 
8607.0438 
19584.4408
23626.2543
5170.0083 
2586.7118 
954.3694  
1459.0182 
1938.2805 
1225.6237 
753.1922  
469.3051  
1856.0105 
10490.7296
23580.4157
13148.9795
3055.4885 
1546.7914 
1065.7411 
920.1001  
527.3513  
487.1443  
383.6083  
475.1714  
1728.4715 
15200.3838
18865.9111
19080.5552
4522.0274 
1963.71   
1648.0349 
1909.6145 
1266.7229 
912.8206  
886.5782  
799.7607  
1154.5592 
7470.1649 
13371.568 
7349.9229 
2435.1323 
1375.8512 
1098.0711 
1210.2306 
1356.3461 
754.0413  
821.2356  
795.4347  
2130.1257 
11393.6321
17157.4971
11614.9965
3406.8076 
1659.216  
1168.568  
827.2707  
554.2719  
676.9851  
782.2166  
854.3007  
1820.1141 
8022.7019 
16434.2038
12218.9425
4231.9232 
2541.447  
1633.8937 
1159.3053 
795.1478  
772.1261  
506.5464  
517.6852  
1709.0447 
8167.5916 
24181.5812
11077.2112
3443.8013 
1782.9065 
1574.4976 
825.1803  
592.0615  
417.9116  
348.828   
585.6257  
2049.9254 
18166.6741
21217.8411
9160.2252 
3046.1626 
1661.138  
1065.9547 
1896.7423 
1218.3068 
733.5873  
607.3403  
821.5847  
1344.8935 
8899.9161 
38817.6552
15889.0348
2810.33   
1420.9534 
892.0405  
607.0943  
703.0098  
632.0923  
443.2822  
512.6163  
919.2437  
7380.6208 
29192.1748
17037.7667
3098.7865 
1981.277  
1018.3261 
1187.25   
1330.5909 
739.723   
805.6415  
780.3305  
2089.6774 
11177.2823
16831.6993
11394.4434
3342.117  
1627.7097 
1146.3785 
614.5983  
711.6994  
639.9053  
448.7613  
518.9524  
930.606   
7471.8486 
29553.0033
17248.3612
3137.0889 
2005.7664 
1030.913  
1954.6789 
1255.5204 
755.995   
625.8917  
846.6802  
1385.9737 
9171.7669 
40003.353 
16374.3705
2896.1724 
1464.3569 
919.2881  
930.8209  
691.2437  
417.4036  
395.8292  
576.6176  
1178.9586 
8539.1442 
13762.3878
14744.7396
2962.3379 
1113.8151 
931.7452  
826.8367  
523.3334  
277.9538  
266.4864  
414.9143  
1219.8573 
6592.3653 
15061.2178
7957.2569 
1872.3888 
1855.9542 
1913.7663 
1145.5924 
744.5615  
560.5518  
459.2178  
338.5718  
756.8005  
9154.1023 
15117.177 
10048.5941
2142.5079 
1349.263  
1083.4493 
825.869   
592.5557  
418.2605  
349.1192  
586.1146  
2051.6365 
18181.8377
21235.5516
9167.8712 
3048.7052 
1662.5246 
1066.8444 
1145.8347 
1284.1754 
713.919   
777.538   
753.1099  
2016.7824 
10787.381 
16244.5529
10996.9668
3225.5326 
1570.9297 
1106.3889 
1070.6421 
695.8486  
523.8777  
429.1735  
316.4208  
707.2869  
8555.1959 
14128.1369
9391.1656 
2002.3345 
1260.9875 
1012.5648 
1475.4551 
1307.503  
722.3952  
829.4824  
825.2586  
1612.8128 
7698.0725 
12578.96  
7633.9131 
1584.3304 
940.5963  
1084.2615 
