NaN      
516490.4 
621840.7 
426617.4 
418395.4 
407613.4 
865614.1 
1298789.3
3824610.2
3974062.8
1360135.6
783007.2 
957467.5 
1303235.2
677420.8 
470707   
442722.6 
523883.5 
1047180  
1862770  
5429414.3
4642722.2
2188625.3
891940.5 
618495.7 
708214.3 
608208.7 
715048.4 
520616.2 
615786.1 
792693   
1183786.5
3908286.4
5728967.6
2914126  
1776493.2
862855.6 
699552.2 
561700   
439871.2 
486733.3 
524736.7 
768891.4 
1888298.3
3167435.5
4499543.9
1831466.6
931841.3 
670461.8 
453630.6 
373931.5 
283274.6 
166475.2 
312566.9 
534525.3 
781785.3 
1695892  
1392453.2
588270.2 
505742.4 
529668.3 
502823.6 
587713   
484443.1 
499435.7 
467603.3 
1110704.8
1507712.8
4833643  
3800945.2
1507183.2
834714   
449545.6 
528659.1 
580360.3 
431307.1 
467592.4 
480550.4 
840640.5 
1496150.2
2607140.5
4219645.5
1805145  
1002551.1
884782.2 
730372.8 
586447.1 
459250.9 
508177.6 
547855.3 
802767   
1971492.3
3306985.3
4697783.3
1912156.7
972896   
700000.7 
416384.1 
447796   
427030.5 
367199.2 
532157.6 
686985.6 
1192366.1
3159206  
2811605.4
1116881.4
735472   
526597.1 
283420.3 
318279.2 
254941.3 
219134.9 
245921   
643512.9 
1060081.2
1750954.6
1237330.8
613459.5 
319135.4 
346065.6 
444122.9 
282767.4 
227741.6 
200240.4 
202846.2 
522414.7 
680258.1 
1741501.3
1680823.2
749580.3 
648167.3 
270932.2 
144025.2 
178008.7 
148290.2 
146649.3 
137401.9 
224648   
402499.8 
491414.5 
510475.8 
267436.2 
179259.9 
268613.8 
471964.7 
389044.5 
294723.5 
173203.5 
325199.7 
556128.8 
813382.2 
1764433.7
1448731  
612045.9 
526182.6 
551075.5 
476507.1 
599379.1 
318681.4 
299989.5 
449084.7 
799687.9 
1473627.4
2429722.2
2447137.7
965752   
684839.9 
445137.9 
655572.3 
742040.9 
440525.3 
343381.4 
479898.2 
678876.1 
1737142.5
4572311.1
3663160.9
895158   
531370.2 
368335.7 
285166.2 
390535   
310402.8 
287732.7 
315587.2 
395782.1 
748168.9 
1801818  
1158148.2
887981.8 
538926   
428901.9 
692739.9 
657057.5 
440835.4 
364022.5 
403548.3 
1059555.1
2679208.8
2820809.4
3710951.3
1336360.2
655802.1 
395167.6 
527358.9 
495622.4 
362281.5 
571006.9 
490511.8 
687402.8 
1879262.9
4053146  
3411591.8
1292612.9
655073.2 
399146.1 
467256.9 
429836.7 
331619.8 
434868.3 
403842.5 
671228.6 
2528394  
4552554.6
2856421.7
1703897.4
848080.9 
611680.5 
528365.2 
429391.5 
278427.8 
185640.1 
302161.4 
524140.9 
1223435.9
1928424.1
1272663  
478274.4 
400410.1 
249839.6 
570370.1 
536045.2 
391829   
617578   
530517.8 
743467.1 
2032534.9
4383719  
3689839.9
1398038  
708500.7 
431700.3 
510204.4 
414632.6 
268857.7 
179259.3 
291775.6 
506125.2 
1181384.2
1862140.8
1228919.3
461835.3 
386647.3 
241252.2 
631906.4 
670751.6 
364287.8 
435218.3 
420976.2 
692836.9 
1051085.8
2992506.3
3817745.6
1697779.1
1342340.8
804821   
494418.7 
542345.5 
381357.6 
382755.1 
406620.5 
573933.5 
1298480.9
4450349.9
4422363.4
2218021.8
1310123.8
527406.6 
586006.4 
445738.5 
250973.5 
316512.3 
405653.2 
617028.4 
1197304.2
2747151.2
3221436.5
1144251.4
827480.4 
756928.8 
