NaN        
671.16598  
592.94194  
307.24198  
454.73731  
344.05002  
547.76235  
2469.50908 
15383.5783 
17429.28161
6693.92072 
2352.33715 
1571.85361 
930.29192  
651.69262  
458.31754  
325.16144  
295.82125  
382.33932  
748.17305  
9682.05368 
15199.58937
8729.6564  
2826.74744 
1248.5942  
662.41999  
430.40083  
357.78728  
299.08457  
242.18445  
381.0027   
1485.53634 
11219.58901
17389.00694
9695.2975  
3323.43693 
1075.94281 
1331.81328 
847.20192  
641.47314  
446.00259  
400.84421  
582.40834  
2947.87627 
8475.96328 
18858.53657
9496.71789 
3042.04857 
1479.32708 
695.64486  
337.2955   
240.4555   
139.61384  
217.30304  
354.65948  
1517.97746 
8144.58903 
7407.41893 
2629.96611 
2237.68745 
1570.19143 
831.98246  
576.42775  
442.14218  
386.08783  
376.83246  
513.94821  
1498.70247 
12470.27918
14996.79227
6979.1464  
2181.91253 
1047.38263 
492.1783   
436.95252  
371.39772  
259.96293  
234.45429  
370.13606  
1806.86791 
7175.22285 
16427.18287
6030.54621 
2128.06856 
1380.63965 
1406.14413 
894.48575  
677.27488  
470.89478  
423.21603  
614.91358  
3112.40244 
8949.02173 
19911.06475
10026.74646
3211.83066 
1561.89094 
472.2643   
393.92745  
398.3061   
342.22891  
267.55803  
315.42936  
878.57171  
6177.53624 
10256.74627
6020.10761 
2564.65265 
1101.29756 
694.08364  
496.48989  
354.1188   
283.72721  
224.75866  
583.23226  
1788.81713 
6675.15792 
7532.96426 
3369.6918  
1233.65535 
852.25223  
1160.09062 
783.7309   
456.34384  
317.24006  
178.63359  
361.33395  
1552.54881 
6650.28347 
9974.63633 
4937.40169 
1991.75576 
659.16738  
820.81748  
640.24016  
431.87222  
403.38472  
293.89399  
358.12352  
1776.65036 
4879.14785 
5504.90447 
1752.32029 
703.46947  
670.20524  
811.4506   
393.44592  
280.48472  
162.8557   
253.47802  
413.70053  
1770.67897 
9500.43912 
8640.55047 
3067.78314 
2610.20087 
1831.58512 
597.79815  
649.09068  
494.03344  
368.57431  
278.29449  
369.40479  
2082.06381 
9228.74585 
15781.21769
5118.81799 
1471.59831 
632.97388  
1329.23006 
906.17943  
424.79721  
338.06277  
421.1499   
523.00511  
1369.00454 
17688.1862 
14535.79383
4200.74195 
1521.32142 
774.50073  
535.07514  
361.49832  
262.39391  
233.92408  
207.11067  
299.34861  
1580.60833 
6576.12844 
5912.80927 
3046.75931 
947.07254  
935.00607  
1927.42742 
1205.22061 
626.69953  
533.95751  
358.96889  
678.71255  
3532.46665 
10096.31189
17042.82472
7076.13804 
2422.866   
1278.54801 
1774.85906 
1290.75277 
573.85751  
419.5165   
400.43451  
480.99468  
2429.67054 
11633.52117
14140.29391
6615.52695 
2307.03793 
859.65774  
1002.54259 
725.41456  
468.52564  
402.01362  
295.29674  
303.36428  
1763.69188 
15981.76291
16977.665  
9257.54997 
2332.61303 
1424.28219 
1087.6016  
776.7569   
442.50975  
348.94824  
306.25818  
482.25361  
2684.87056 
11627.619  
8872.57068 
2985.43811 
1316.33295 
721.26527  
1807.28872 
1314.33699 
584.34285  
427.18177  
407.75112  
489.78326  
2474.06471 
11846.08519
14398.66089
6736.40377 
2349.1914  
875.36514  
1112.55766 
794.58034  
452.66356  
356.95519  
313.28557  
493.31939  
2746.4775  
11894.42593
9076.16037 
3053.94187 
1346.53748 
737.8154   
1191.35463 
834.45969  
433.95173  
410.67276  
317.76357  
563.20593  
1467.35594 
9178.24666 
18512.27335
8984.09939 
3974.84921 
1409.82235 
810.82903  
584.5485   
372.29311  
338.99167  
365.57085  
405.5489   
981.72112  
9000.31402 
10260.54401
5933.81348 
1633.98754 
607.5773   
1027.01022 
595.02584  
397.06786  
320.88481  
273.12351  
343.75931  
1003.3913  
7525.0527  
14678.17479
4810.39909 
2183.20792 
1391.94001 
