NaN       
5915.5226 
3852.269  
3539.1541 
3293.4385 
2929.9626 
4603.3995 
6808.6915 
25995.2982
36543.6158
20557.8381
7877.4196 
3962.0358 
3551.5356 
3095.3738 
2692.2486 
2777.9367 
2570.1725 
2953.0103 
14300.3797
37646.9934
64162.1679
17741.186 
5798.4214 
4289.3529 
4141.7602 
3389.4594 
2580.8075 
2464.0787 
2250.0593 
2804.4468 
7329.6369 
22923.9708
48225.3415
33614.6634
9031.5567 
4719.9695 
3184.2577 
1992.3151 
1853.3109 
1249.3722 
1569.8632 
2403.343  
6781.2091 
15232.3261
14774.8652
4681.936  
5127.1622 
4868.0808 
2897.3589 
2397.6514 
2184.0828 
1586.3534 
1353.3339 
2296.5439 
5757.0091 
14633.3158
29316.9042
8834.3022 
2882.4595 
2893.063  
2750.139  
2136.9805 
2147.0369 
2434.4456 
2175.0637 
2469.5337 
8918.1814 
34084.1227
61207.3198
27096.2612
9137.2587 
3933.8507 
6421.0571 
3694.859  
3610.7785 
3351.0991 
3024.2187 
5451.5038 
17089.5359
45226.9738
63611.1584
24597.3712
6203.9237 
6842.2925 
4406.2198 
3035.9984 
2245.9962 
2157.0755 
1541.9345 
1897.0924 
11415.7551
22478.4932
45023.0734
12704.1704
3615.2312 
3574.496  
2286.5388 
2664.1294 
2206.5658 
2195.6168 
1858.0409 
3027.2342 
5876.4435 
22681.0797
55791.9082
37072.8118
12575.9258
6847.8208 
2285.3651 
2662.7619 
2205.4331 
2194.4898 
1857.0871 
3025.6803 
5873.427  
22669.4371
55763.2693
37053.7817
12569.4704
6844.3057 
4141.7602 
3389.4594 
2580.8075 
2464.0787 
2250.0593 
2804.4468 
7329.6369 
22923.9708
48225.3415
33614.6634
9031.5567 
4719.9695 
4594.832  
3655.0979 
2741.3627 
2404.4576 
2275.5832 
2918.6192 
6740.735  
36846.0069
59663.3875
32410.4699
9187.3255 
5446.7633 
8242.1852 
5674.6272 
4181.867  
3168.6569 
2647.1756 
3892.2764 
17868.0581
43613.4371
52011.783 
19381.9823
7394.4781 
5644.9739 
7162.3688 
4129.0263 
2825.4323 
2419.6683 
2338.5829 
6176.5311 
20438.848 
35911.9511
56973.0419
15987.8207
5670.283  
3539.1938 
3054.637  
2855.6412 
2449.3722 
2102.9139 
2235.6302 
4365.0087 
11397.7521
27510.9822
30433.7878
12426.608 
7679.0815 
4516.1283 
5915.5226 
3852.269  
3539.1541 
3293.4385 
2929.9626 
4603.3995 
6808.6915 
25995.2982
36543.6158
20557.8381
7877.4196 
3962.0358 
4342.1534 
3093.5022 
2857.109  
2293.875  
1943.0736 
3077.8524 
7008.6481 
12891.384 
11735.5802
3394.9342 
2473.798  
2794.8866 
3156.7942 
2564.8816 
2288.9769 
2003.2801 
1856.322  
4065.5904 
11294.3835
26921.7839
46207.2365
22195.1206
4958.4448 
4284.2165 
6964.7277 
4532.597  
4027.148  
3696.6446 
3278.6582 
6785.2825 
19212.5535
32997.6483
75178.5791
34116.8062
8297.4614 
6301.6267 
5463.4004 
5885.991  
3996.362  
3101.9703 
2980.8416 
5745.6546 
9290.14   
19846.6603
22958.5613
14624.2733
6160.5705 
4449.4192 
4026.4596 
2883.0726 
2212.7498 
2162.3293 
2296.8898 
2810.1395 
6749.345  
22068.5286
77646.2788
58792.5627
16332.5919
8108.8143 
2734.8156 
2125.0735 
2135.0739 
2420.8812 
2162.9445 
2455.7738 
8868.4905 
33894.2106
60866.281 
26945.2845
9086.3471 
3911.9318 
4467.4666 
4813.0223 
3267.8574 
2536.5061 
2437.4582 
4698.2681 
7596.6224 
16228.7742
18773.4007
11958.3862
5037.5482 
3638.326  
3600.8211 
3138.3291 
2729.6096 
2816.4868 
2605.8394 
2993.99   
14498.8295
38169.4297
65052.5616
17987.3846
5878.8875 
4348.8772 
4922.6637 
3189.6027 
2537.2899 
2353.6181 
2044.2321 
2792.5065 
7665.9795 
34396.1464
58483.2435
14990.5199
8318.6891 
5873.7706 
