NaN       
1342.81   
712.07    
461.16    
341.36    
277.29    
469.88    
1253.55   
9383.7997 
12061.4896
8856.1997 
3758.6799 
1670.0799 
652.436   
648.1258  
488.1064  
360.3592  
256.0862  
318.0957  
1550.9767 
7598.3557 
15591.8874
5859.1905 
1817.4291 
771.5727  
928.2599  
646.41    
495.07    
378.25    
305.85    
426.84    
868.3599  
5603.3096 
14921.6489
12723.9691
3473.0597 
1438.0199 
666.5661  
295.6901  
208.5764  
119.8426  
175.5576  
268.1261  
992.7705  
5887.3302 
6425.3586 
2642.9586 
2426.2743 
1680.4127 
620.0034  
433.1661  
297.1313  
167.912   
131.2648  
214.9673  
1020.9485 
3711.1508 
9416.7996 
3273.0342 
1152.3852 
981.912   
565.09    
409.39    
389.36    
397.09    
321.12    
331.83    
1093.6901 
7170.2505 
15879.6712
10361.6508
3941.1603 
1392.4001 
1257.5201 
723.97    
498.25    
382.21    
316.17    
921.72    
2300.8301 
7543.1404 
15790.4108
9246.9405 
3129.9202 
1678.0201 
1137.0498 
671.353   
369.1484  
307.241   
283.5297  
294.8616  
1011.7537 
5809.0428 
13943.3744
4891.933  
1582.3789 
985.5243  
739.3272  
486.8652  
391.8671  
314.169   
298.3676  
363.6504  
783.5446  
4800.9511 
13204.4887
11287.5019
5171.5537 
2003.5341 
738.9477  
486.6153  
391.666   
314.0078  
298.2145  
363.4637  
783.1424  
4798.4867 
13197.7107
11281.7078
5168.899  
2002.5057 
928.2599  
646.41    
495.07    
378.25    
305.85    
426.84    
868.3599  
5603.3096 
14921.6489
12723.9691
3473.0597 
1438.0199 
1004.174  
643.5809  
447.8484  
314.4242  
269.2262  
325.6197  
551.2133  
7884.0762 
14852.3929
9882.6059 
3452.7219 
1505.2851 
2578.5101 
1221.82   
674.98    
463.14    
343.74    
423.87    
1840.86   
8072.7302 
12882.6403
6993.7201 
2699.5001 
1578.84   
2173.8799 
1243.64   
639.87    
539.5     
341.36    
603.97    
2719.3399 
8590.4097 
17400.9893
8370.2497 
3092.2299 
1610.5799 
471.8708  
431.9626  
250.2938  
183.6413  
186.7836  
487.0173  
1904.2058 
6311.3105 
9427.6423 
4874.0687 
2467.5107 
1013.3481 
1342.81   
712.07    
461.16    
341.36    
277.29    
469.88    
1253.55   
9383.7997 
12061.4896
8856.1997 
3758.6799 
1670.0799 
946.12    
675.17    
450.64    
416.53    
285.62    
325.69    
1397.75   
4242.6501 
5744.1301 
2118.35   
917.55    
862.81    
771.3973  
400.6241  
305.2919  
241.2153  
248.7709  
384.309   
1054.8053 
5779.5349 
13123.3672
8301.1179 
2189.2196 
1669.7739 
1542.6993 
897.8328  
672.6533  
462.8098  
391.482   
532.2767  
2330.6395 
7406.6294 
19775.1953
11537.0847
3987.3922 
1913.8587 
1011.607  
662.0351  
467.2226  
370.4488  
276.1943  
670.6772  
1779.4832 
7339.309  
9938.9564 
5150.8015 
2034.5986 
1387.3176 
741.02    
428.63    
332.83    
246.94    
243.77    
358.41    
655.93    
4024.4598 
21899.4989
19265.449 
6856.8596 
2344.4599 
561.9414  
407.109   
387.1906  
394.8775  
319.3308  
329.9811  
1087.5962 
7130.2989 
15791.1919
10303.9171
3919.2007 
1384.6418 
827.1992  
541.3515  
382.0517  
302.919   
225.8463  
548.4181  
1455.0977 
6001.4122 
8127.1647 
4211.8519 
1663.7077 
1134.4208 
661.49    
657.12    
494.88    
365.36    
259.64    
322.51    
1572.5    
7703.7999 
15808.2598
5940.4999 
1842.65   
782.28    
1154.3801 
611.9     
404.03    
323.11    
258.84    
304.86    
769.7901  
6380.8304 
14935.541 
5670.7404 
2776.8602 
1747.4401 
