NaN       
2449.4199 
1155.98   
753.53    
597.63    
466.72    
1361.47   
5584.7398 
17045.7794
18138.4894
13629.2095
7761.2297 
3378.8899 
1047.04   
1160.8999 
970.1569  
603.5346  
456.0217  
885.6398  
3792.9641 
12443.745 
25610.9504
9967.3999 
3634.7003 
1543.1651 
1850.3999 
1277.1699 
848.9399  
510.55    
461.56    
829.8999  
2870.3198 
9126.0693 
25633.9281
19245.8686
6395.3895 
2830.4498 
1167.31   
536.7056  
281.2504  
251.9177  
333.1381  
655.5152  
2122.9445 
9302.0794 
11293.8332
5383.7251 
5054.8602 
3787.015  
1143.3609 
721.4451  
377.5937  
267.1277  
191.6159  
639.6162  
2426.1686 
6602.9301 
15305.2376
6078.5584 
2593.7455 
2291.3285 
1004.4401 
656.3401  
617.66    
692.2401  
1010.9901 
860.0401  
4100.6803 
15122.9812
27351.4421
18211.4814
7792.5706 
3035.9402 
2379.2101 
1345.8001 
1091.1201 
811.05    
482.98    
1328.1501 
5827.9103 
12631.9006
29489.8415
16858.9309
5385.0003 
2962.3502 
1460.0454 
787.6344  
469.2625  
415.7456  
514.389   
703.8991  
3055.2481 
9443.8038 
23251.365 
9463.5261 
3370.4669 
2048.5096 
1298.4559 
957.1893  
751.7616  
576.7985  
460.7256  
605.9543  
1348.4968 
8182.043  
21388.9598
18285.8056
9341.843  
4423.8136 
1297.7894 
956.6979  
751.3757  
576.5025  
460.4891  
605.6433  
1347.8046 
8177.843  
21377.9805
18276.4192
9337.0477 
4421.5428 
1850.3999 
1277.1699 
848.9399  
510.55    
461.56    
829.8999  
2870.3198 
9126.0693 
25633.9281
19245.8686
6395.3895 
2830.4498 
1701.0374 
1455.1928 
895.7167  
731.0343  
659.3041  
912.8071  
3056.5906 
18426.6104
25862.7292
16476.2014
6739.2852 
3046.7623 
4332.7501 
2115.2    
951.88    
697       
579.18    
826.52    
3787.0901 
13596.0803
21510.2305
11163.7202
4511.6601 
3093.0701 
3148.0099 
1841.6799 
934.62    
729.53    
541.89    
1611.1899 
5746.9898 
16423.5593
29029.0788
13920.3794
5763.0498 
2962.9499 
694.4489  
507.0705  
378.4839  
310.6518  
264.2508  
1308.2884 
3528.6773 
11732.7049
15529.38  
9381.5684 
5250.2529 
2059.953  
2449.4199 
1155.98   
753.53    
597.63    
466.72    
1361.47   
5584.7398 
17045.7794
18138.4894
13629.2095
7761.2297 
3378.8899 
1631.82   
1050.46   
572.64    
614.29    
519.08    
678.95    
1942.04   
6086.1601 
8487.9802 
3568.7101 
2006.9    
1680.82   
1517.148  
679.2659  
739.5698  
369.5892  
560.053   
754.6909  
2017.8905 
7944.3822 
22742.0987
15788.2546
4844.2035 
3165.4493 
2931.1705 
1572.786  
1446.9196 
735.0742  
676.6049  
1014.7924 
5744.7752 
14466.3422
32022.6828
18237.0957
7551.0412 
4033.2644 
1860.2591 
1514.482  
830.7196  
845.2611  
695.3596  
1246.2919 
3994.8204 
11537.4883
17948.7618
10665.2274
4920.209  
2517.6596 
1952.9499 
706.52    
422.68    
334.02    
345.92    
814.03    
2120.7599 
12231.6294
36382.4981
29342.6685
10634.1194
4451.3598 
998.8435  
652.683   
614.2185  
688.383   
1005.357  
855.248   
4077.8319 
15038.718 
27199.0436
18110.0095
7749.1515 
3019.0244 
1521.1488 
1238.4042 
679.2861  
691.1769  
568.6011  
1019.103  
3266.5968 
9434.2972 
14676.8473
8721.0424 
4023.2946 
2058.7106 
1061.57   
1177.01   
983.62    
611.91    
462.35    
897.93    
3845.5999 
12616.4298
25966.3596
10105.7198
3685.1399 
1564.58   
1668.1201 
1140.5101 
823.9401  
437.36    
374.29    
673.6     
2161.0202 
11700.2508
25910.6218
10708.3107
6423.5604 
3327.9102 
