NaN         
7810.99972  
4175.99985  
1915.99993  
2440.99991  
3066.99989  
4115.99985  
1318.99995  
52409.99813 
88662.99684 
58990.9979  
19316.99931 
5266.99981  
2252.73818  
3260.74975  
2430.27447  
2805.07329  
2705.45571  
3901.853    
19320.87926 
61964.10837 
117951.16184
28882.19447 
7278.98764  
2104.79128  
3275.99976  
1512.99989  
1873.99986  
3299.99976  
2799.99979  
3437.99975  
6302.99953  
38465.99716 
100282.99259
90373.99332 
15513.99885 
2978.99978  
2528.24385  
732.01652   
685.19719   
1756.09648  
1824.46756  
2473.99288  
8011.30766  
45144.98205 
53585.83849 
14224.90167 
14623.23756 
7612.22861  
1316.68752  
1106.12065  
581.85212   
597.32234   
1411.22775  
2285.29512  
9650.83824  
27140.78019 
61162.36997 
20774.7851  
5955.17483  
3528.06937  
1898.00014  
1721.00013  
3501.00027  
3662.00028  
2844.00022  
3298.00025  
9393.00072  
65355.00499 
127427.00972
63268.00483 
22466.00171 
4212.00032  
7571.00039  
5696.00029  
3118.00016  
2303.00012  
5535.00028  
5275.00027  
20254.00104 
76579.00393 
165734.00851
75633.00388 
22028.00113 
8910.00046  
5439.5135   
3003.84727  
2596.49215  
2038.89175  
2235.69189  
3857.70593  
7922.79266  
34195.6111  
104515.68627
29981.33718 
5231.07464  
6407.64321  
4692.04853  
3175.45553  
3105.26923  
3353.76665  
2278.20913  
3135.62006  
7235.82742  
31562.96564 
97307.60443 
70616.89537 
22138.08465 
11853.89581 
4689.64002  
3173.82551  
3103.67524  
3352.0451   
2277.03969  
3134.01049  
7232.11314  
31546.76383 
97257.65475 
70580.64649 
22126.72079 
11847.811   
3275.99976  
1512.99989  
1873.99986  
3299.99976  
2799.99979  
3437.99975  
6302.99953  
38465.99716 
100282.99259
90373.99332 
15513.99885 
2978.99978  
8891.97546  
3575.61442  
3143.6477   
3031.69303  
2850.38589  
3148.60145  
6245.68393  
53702.57802 
122329.80432
78767.54594 
19737.70864 
4295.8892   
12896.00027 
4545.0001   
3598.00008  
3015.00006  
2658.00006  
3444.00007  
16464.00035 
70406.0015  
109928.00234
39580.00084 
9736.00021  
5609.00012  
11818.99953 
5422.99978  
3357.99987  
2995.99988  
4216.99983  
5543.99978  
22449.9991  
54653.99782 
126939.99493
39923.99841 
9341.99963  
3896.99984  
1704.97194  
1550.33495  
1985.4993   
2399.84713  
3111.57379  
4160.32978  
15872.09923 
50331.36638 
64505.43251 
24702.26785 
12819.00995 
3098.68737  
7810.99972  
4175.99985  
1915.99993  
2440.99991  
3066.99989  
4115.99985  
1318.99995  
52409.99813 
88662.99684 
58990.9979  
19316.99931 
5266.99981  
3067.00006  
2483.00005  
2586.00005  
3245.00006  
2500.00005  
3039.00006  
11050.00022 
30644.00061 
38009.00075 
8611.00017  
4077.00008  
3684.00007  
5772.5112   
2893.78103  
3268.04606  
3120.54751  
3184.76456  
3894.16234  
12957.7976  
48091.55033 
104896.5523 
56162.83141 
11659.40902 
9439.90706  
7630.38716  
3672.49624  
2221.47866  
3089.16208  
3579.45549  
3663.08763  
15815.88263 
48334.14855 
145387.15348
64772.0452  
17824.09934 
8396.66662  
2554.34308  
3428.11337  
3400.47587  
3619.44993  
3310.12249  
7656.65135  
14425.71365 
46269.43216 
62406.54504 
32293.35942 
11536.53159 
9675.25206  
4080.99979  
2599.99986  
2463.99987  
2586.99987  
3083.99984  
4434.99977  
8166.99957  
43545.99773 
148048.99228
126556.9934 
29136.99848 
7556.99961  
1887.42475  
1711.41095  
3481.49317  
3641.59612  
2828.15384  
3279.62425  
9340.66421  
64990.85587 
126717.00391
62915.48418 
22340.82423 
4188.53163  
2088.70693  
2803.19594  
2780.59653  
2959.65339  
2706.71385  
6260.90554  
11796.02236 
37834.88771 
51030.33502 
26406.54036 
9433.5149   
7911.53161  
2283.99997  
3305.99995  
2463.99996  
2843.99996  
2742.99996  
3955.99994  
19588.9997  
62823.99904 
119587.99818
29282.99955 
7379.99989  
2133.99997  
4389.00031  
3428.00024  
2013.00014  
2406.00017  
1901.00013  
3561.00025  
7274.00051  
58753.00408 
127663.00887
33204.00231 
14300.00099 
6258.00043  
