NaN       
6726.7695 
5674.7191 
3347.4862 
3457.7162 
3130.5585 
4214.1483 
23257.0154
77964.0328
67828.3418
20692.7677
6379.953  
6233.5955 
2878.8387 
2777.012  
2306.3091 
2075.1982 
1967.0897 
3933.166  
13776.6966
62165.574 
65051.3059
17350.7194
9382.9914 
7927.8053 
6709.1787 
3936.2791 
3849.2345 
3532.6162 
3306.0332 
7039.2484 
22438.244 
54660.9824
60564.9218
19495.457 
5690.897  
6864.9674 
7337.0922 
5354.633  
4235.4418 
3798.553  
3301.3383 
7140.6445 
16260.5038
74199.4203
86495.68  
19147.4374
11044.0448
6376.7099 
5925.6483 
4283.7213 
3899.1581 
3579.9877 
3061.0743 
4116.4381 
9869.03   
66116.5458
41256.5968
6799.5309 
4176.8292 
2861.3143 
6726.7695 
5674.7191 
3347.4862 
3457.7162 
3130.5585 
4214.1483 
23257.0154
77964.0328
67828.3418
20692.7677
6379.953  
6233.5955 
3895.886  
2736.9497 
2026.095  
1924.2071 
1426.3864 
2072.8874 
12683.5407
22989.2266
36274.4017
8520.5632 
2806.2581 
3034.792  
3057.3852 
2399.3655 
1593.8558 
1564.2059 
1633.7851 
2528.288  
12897.0074
28991.8441
25724.2248
8386.9586 
7150.3327 
3550.8339 
5052.5426 
2775.1126 
2707.9399 
2958.0114 
3068.1142 
3825.272  
15642.9082
55494.8888
35987.0858
7555.7541 
3747.5021 
3936.5847 
6838.8488 
4012.3566 
3923.6297 
3600.8921 
3369.9298 
7175.2979 
22871.9141
55717.43  
61735.4764
19872.251 
5800.8865 
6997.6485 
2564.5176 
3046.5451 
2524.9611 
2484.4487 
2180.2865 
4195.8531 
8282.0422 
29424.4197
57019.4931
31540.2065
12382.7904
7374.8555 
13368.4327
6059.5942 
2909.3549 
2046.3727 
2188.4423 
3378.6548 
34899.6554
59132.7998
50902.2877
22319.8144
6584.0646 
3908.3737 
5830.9423 
4507.4157 
3473.2534 
2952.2623 
2710.7527 
3825.0454 
13514.3658
33663.4299
26107.0958
7582.3545 
4543.9203 
3795.6399 
7984.6365 
5604.996  
4133.2692 
3096.9512 
2683.0374 
4659.7606 
21751.3348
48870.8818
45913.4108
14242.718 
6288.8575 
5251.0813 
4309.1996 
2925.5042 
2746.9845 
2253.8386 
2052.7737 
3702.0181 
8625.7896 
27432.893 
48660.0703
12165.6071
6294.2087 
3488.6579 
6719.1648 
5668.3036 
3343.7018 
3453.8071 
3127.0194 
4209.3841 
23230.7228
77875.8925
67751.6602
20669.3741
6372.7403 
6226.5482 
3669.9352 
2949.8939 
2094.2181 
2244.2432 
2099.2532 
2524.5504 
9482.7559 
38608.9042
30499.1532
10612.0678
4764.9096 
3633.4888 
4872.6879 
3219.0684 
2562.4134 
2350.4487 
2117.0437 
3415.9363 
9535.2449 
39381.7752
52750.2964
11255.5577
7228.9424 
5582.8946 
5016.2931 
5510.1656 
3743.6512 
2873.4515 
2863.4524 
6519.3835 
10718.5959
21077.7564
19208.3282
10185.3524
4965.8346 
3922.8095 
4389.0032 
4189.5569 
2802.9281 
2467.8115 
2450.045  
3853.3983 
9250.5614 
22420.0596
50151.2835
14837.1712
7500.0151 
5646.4223 
4264.4556 
3113.3004 
2391.0202 
2310.5132 
2545.1396 
3678.03   
8982.5089 
27035.2698
74935.2102
47232.8927
15186.1195
8246.5373 
7337.0922 
5354.633  
4235.4418 
3798.553  
3301.3383 
7140.6445 
16260.5038
74199.4203
86495.68  
19147.4374
11044.0448
6376.7099 
2878.8387 
2777.012  
2306.3091 
2075.1982 
1967.0897 
3933.166  
13776.6966
62165.574 
65051.3059
17350.7194
9382.9914 
7927.8053 
3617.1157 
2706.0355 
2798.8531 
2684.3222 
2392.5834 
3120.8993 
10654.853 
46400.8228
57734.2225
20606.6849
5324.1867 
4399.3876 
4183.8497 
2840.4045 
2667.0777 
2188.2769 
1993.0607 
3594.3305 
8374.8748 
26634.9002
47244.6021
11811.7229
6111.117  
3387.1767 
