NaN       
92228.64  
78690.96  
54021.15  
56668.99  
58626.71  
77875.5   
254502.83 
790520.54 
732430.82 
282349.44 
127123.22 
81437.47  
42108.56  
82298.13  
49767.4   
44182.92  
30222.27  
68057.19  
129385.43 
592324.06 
693940.26 
297074.66 
142621.99 
91625.66  
94717.39  
92041.68  
76910.28  
56051.37  
66546.12  
125811.73 
284241.73 
627675.2  
764570.4  
401360.64 
147531.58 
112541.25 
87903.55  
103512.41 
62116.44  
75245.59  
55056.62  
87533.84  
199816.23 
822738.88 
1050416.91
360271.07 
198074.22 
131048.1  
74775.31  
64369.59  
54416.05  
43882.71  
44953.44  
60475.19  
109744.23 
780434.53 
544827.62 
109895.08 
72986.05  
49992.79  
85671.42  
73096.23  
50180.38  
52639.97  
54458.5   
72338.74  
236408.31 
734316.49 
680356.81 
262275.1  
118085.08 
75647.47  
54968.66  
38798.41  
33925.28  
31917.97  
32872.03  
45335.51  
129076.25 
263789.24 
460695.43 
129603.25 
60070.09  
47882.03  
60671.93  
50054.2   
40948.91  
37415.15  
35268.73  
50773.19  
160852.88 
364256.2  
351235.71 
137616.39 
112732.38 
53461.18  
94607.36  
68361.92  
78573.46  
68658.23  
53201.51  
80298.28  
193355.67 
714695.13 
531005.42 
206472.73 
114344.64 
80863     
103147.44 
100233.59 
83755.46  
61040.06  
72468.87  
137009.25 
309539.87 
683539.67 
832618.85 
437082.61 
160662.22 
122557.67 
57727.96  
42636.13  
52249.77  
44368.38  
37012.62  
63430.22  
90748.66  
366987.57 
565326.34 
367172.6  
197832.62 
103754.98 
152048.95 
79462.48  
51766.19  
48652.35  
55601.37  
67354.85  
453065.86 
721395.69 
636003.08 
289117.05 
121583.65 
62393.06  
96787     
81584.75  
63535.45  
38134.77  
35363.13  
47419.1   
165267.05 
367513.69 
290721.59 
128674.55 
76951.19  
36728.52  
95920.09  
86699.2   
69991.39  
52952.21  
54168.89  
84525.4   
244457.85 
603400.12 
523727.45 
231476.11 
119916.9  
61404.12  
68666.8   
59802.99  
51482.41  
61740.16  
48758.74  
71734.97  
126871.63 
360203.2  
740846.33 
198074.44 
139379    
66528.27  
88434.88  
75454.06  
51799.02  
54337.95  
56215.14  
74672.14  
244034.02 
758002.99 
702302.76 
270735.19 
121894.09 
78087.59  
66001.58  
66650.67  
50325.86  
48536.6   
43549.54  
57894.11  
131837.26 
562308.39 
512879.56 
207053.3  
130766.69 
75658.22  
87751.49  
57569.36  
71561.68  
46614.95  
44272.93  
57017.58  
134596.66 
432273.79 
569326.7  
274635.06 
136848.04 
111880.36 
61595.25  
89474.31  
70489.79  
55412.85  
55199.25  
94945.65  
169094.2  
377113.85 
323757.14 
151197.69 
98675.34  
88365.11  
73571.3   
63917.77  
50293.63  
40417.1   
43317.3   
57592.93  
114012.96 
283261.32 
668054.18 
189115.23 
146721.81 
78709.88  
80442.69  
67523.86  
63299.47  
55675.33  
44620.57  
78971.44  
89736.7   
322503.44 
925778.32 
707522.19 
337029.18 
111942    
84802.92  
99861.21  
59925.4   
72591.45  
53114.61  
84446.25  
192768.1  
793718.38 
1013365.52
347563.21 
191087.54 
126425.64 
53910.67  
105364.49 
63716.1   
56566.42  
38692.91  
87132.12  
165649.33 
758339.49 
888436.48 
380338.17 
182595.8  
117306.33 
71354.39  
57980.4   
55961.13  
61332.57  
59286.31  
64078.6   
109067.43 
436044.26 
609289.96 
275631.53 
122123.85 
63551.71  
47922.5   
41736.45  
35929.52  
43088.4   
34028.68  
50063.77  
88543.59  
251385.47 
517035.95 
138235.96 
97272.47  
46430.02  
