NaN        
1126.52686 
745.31882  
498.17051  
411.57089  
375.95418  
465.92945  
2265.13013 
15474.77434
18900.02588
8405.12801 
2465.67613 
1735.5664  
645.13033  
569.94073  
295.32355  
437.09729  
330.70374  
526.51374  
2373.71269 
14786.82355
16753.1706 
6434.25233 
2261.08606 
1510.87878 
1189.98729 
748.81993  
520.83467  
403.74044  
354.85408  
1105.48914 
3189.95127 
9462.06641 
16506.15748
8343.35772 
2617.43438 
1421.72903 
1785.91893 
936.45563  
621.43101  
452.31432  
354.20111  
816.23791  
1961.75889 
13320.4766 
24020.59143
8035.26905 
4168.41484 
1906.58273 
1332.0034  
908.07011  
425.68352  
338.76811  
422.0286   
524.09632  
1371.86087 
17725.09133
14566.12172
4209.5065  
1524.49554 
776.11667  
1126.52686 
745.31882  
498.17051  
411.57089  
375.95418  
465.92945  
2265.13013 
15474.77434
18900.02588
8405.12801 
2465.67613 
1735.5664  
897.88422  
579.45694  
322.00823  
270.82751  
265.54687  
295.11219  
1170.54403 
6080.67533 
12162.80892
3683.297   
1104.24761 
696.78766  
1160.09062 
783.7309   
456.34384  
317.24006  
178.63359  
361.33395  
1552.54881 
6650.28347 
9974.63633 
4937.40169 
1991.75576 
659.16738  
1138.63301 
562.93363  
464.87691  
422.69838  
381.58767  
473.92046  
2560.52482 
13213.79736
11440.46967
3831.68887 
1332.32877 
1216.12829 
1212.9865  
763.29258  
530.90098  
411.54364  
361.71244  
1126.85523 
3251.60432 
9644.94233 
16825.17645
8504.61205 
2668.02224 
1449.20717 
735.64055  
529.50142  
430.71794  
348.95152  
352.11325  
458.60736  
1142.25948 
6332.31684 
14513.61837
10708.83414
4547.4207  
1784.91678 
2474.52737 
1107.39916 
732.41717  
512.80188  
473.03239  
611.82561  
3739.46358 
9336.08069 
12643.55009
8289.45783 
2249.56593 
816.25966  
1079.36565 
770.87485  
439.15881  
346.3058   
303.93901  
478.60171  
2664.53916 
11539.56794
8805.38243 
2962.83065 
1306.36491 
715.80343  
2276.11304 
1178.85839 
658.17452  
456.36264  
359.87925  
474.22641  
2380.77231 
9446.08469 
12561.89134
5886.38481 
2105.83083 
1247.82994 
776.9524   
322.72267  
282.68325  
303.87807  
242.42396  
402.03461  
1083.5876  
6286.70093 
17760.2188 
6242.62162 
2304.72046 
633.28505  
1125.2533  
744.47622  
497.60731  
411.1056   
375.52915  
465.4027   
2262.56935 
15457.27972
18878.65893
8395.6258  
2462.88862 
1733.6043  
786.63878  
567.10909  
361.18612  
328.8782   
354.66441  
393.44976  
952.43247  
8731.79889 
9954.43121 
5756.78425 
1585.2392  
589.45086  
1027.01022 
595.02584  
397.06786  
320.88481  
273.12351  
343.75931  
1003.3913  
7525.0527  
14678.17479
4810.39909 
2183.20792 
1391.94001 
828.06323  
592.32778  
422.47468  
338.49533  
268.14403  
695.81411  
2134.11413 
7963.66974 
8987.05923 
4020.14648 
1471.78897 
1016.76325 
1038.82266 
693.38022  
441.93046  
444.87358  
427.83684  
568.53257  
1228.22105 
5452.48215 
17010.51532
7403.28401 
3722.74034 
1268.64267 
692.15245  
437.60653  
343.41515  
257.47558  
270.05598  
424.3068   
897.63839  
4982.94213 
22595.97998
17157.98906
5659.94552 
1960.68095 
1785.91893 
936.45563  
621.43101  
452.31432  
354.20111  
816.23791  
1961.75889 
13320.4766 
24020.59143
8035.26905 
4168.41484 
1906.58273 
645.13033  
569.94073  
295.32355  
437.09729  
330.70374  
526.51374  
2373.71269 
14786.82355
16753.1706 
6434.25233 
2261.08606 
1510.87878 
666.28322  
427.70652  
342.20781  
310.21964  
263.77214  
345.7316   
1475.94491 
9560.63391 
21034.03207
8387.88126 
2060.90704 
1026.78668 
754.35171  
313.33502  
274.4603   
295.03859  
235.37211  
390.33986  
1052.06722 
6103.82768 
17243.59346
6061.03059 
2237.67866 
614.86348  
