NaN         
5476.0057   
3374.51728  
2086.39889  
4474.02177  
3703.00084  
4172.65875  
15222.7682  
112640.8148 
128832.66082
34560.80998 
9137.63061  
7783.65724  
3183.12808  
3526.88471  
2830.55366  
2686.82892  
3447.32393  
5543.67756  
19998.85921 
102768.08845
121187.70741
34032.99389 
13457.56721 
10060.76342 
7933.58872  
6116.01415  
3243.18436  
2411.68084  
5931.26433  
6496.56074  
31188.29505 
98298.90366 
166995.30305
59664.77379 
20351.37928 
8897.83583  
9482.20017  
4923.56838  
3907.10472  
4453.99793  
3063.9048   
5146.32659  
19287.07184 
100850.73425
168219.45835
43079.66077 
26532.5568  
12471.03795 
6973.56449  
3205.22068  
3362.57657  
2451.67757  
3650.57768  
5237.27916  
10248.78417 
115985.62129
96401.20148 
15217.83177 
6556.0632   
2136.30714  
5476.0057   
3374.51728  
2086.39889  
4474.02177  
3703.00084  
4172.65875  
15222.7682  
112640.8148 
128832.66082
34560.80998 
9137.63061  
7783.65724  
4789.44937  
2709.95322  
2269.23138  
1794.07315  
2012.95379  
3992.78143  
10252.13375 
36884.97929 
88493.66266 
19874.1705  
4061.27415  
5377.05848  
7430.18398  
3065.18487  
3166.08553  
3197.06769  
2422.30234  
3497.32953  
17904.74313 
56816.07948 
75154.42501 
27347.35224 
11835.66167 
3060.83279  
494.89812   
1155.8361   
1265.82592  
3772.52132  
3410.55093  
4295.65855  
22540.93978 
112744.88609
78627.76509 
17099.71111 
7958.08811  
7201.94251  
8086.92334  
6234.22001  
3305.86627  
2458.29205  
6045.89948  
6622.12152  
31791.07967 
100198.75317
170222.86646
60817.93101 
20744.71589 
9069.80671  
5195.91239  
3603.26494  
3413.21706  
3711.77997  
2579.96056  
4080.97235  
11774.80506 
42815.17687 
103614.79143
58870.451   
21614.23379 
12509.68317 
21626.50136 
7513.57876  
4197.70795  
4540.8217   
4559.47649  
3827.76979  
40635.3081  
82969.16412 
109651.17284
53476.95861 
13472.43491 
3490.00889  
8365.94607  
4492.53509  
1705.10064  
1867.87487  
2234.0476   
3918.88561  
20179.40163 
66991.69233 
55646.27702 
13750.38377 
6845.85214  
2838.31377  
12268.45039 
4430.54439  
3397.59803  
2866.50504  
2586.02723  
3850.74592  
23016.34809 
82047.90328 
100558.81554
28346.57027 
8166.14969  
5085.23432  
1842.06725  
1316.84733  
1578.41769  
3474.9644   
2595.77341  
4065.59846  
11439.59875 
50552.89997 
111465.87153
24646.47803 
14977.95194 
3123.66506  
5469.81494  
3370.7023   
2084.04016  
4468.96378  
3698.8145   
4167.94145  
15205.55849 
112513.47157
128687.01232
34521.73813 
9127.3003   
7774.85762  
3664.93749  
2128.69203  
1095.5644   
2485.08455  
2250.99607  
4307.34665  
8630.64838  
78611.36582 
81502.56391 
33320.78999 
11537.02192 
4472.31106  
4254.49718  
3405.0068   
1936.93798  
2330.9629   
1884.55118  
4057.03204  
10361.70136 
69766.41926 
118996.65044
24231.18507 
12221.70338 
5781.21758  
2287.62927  
3145.92716  
3022.87809  
3239.80828  
3031.71841  
8059.37645  
18985.11135 
50760.77434 
53742.46575 
21772.80629 
9109.3815   
8257.86971  
6083.86314  
4032.01745  
3802.00761  
2812.94597  
3663.0981   
3721.62765  
9058.49086  
39646.5214  
130917.14627
31127.4287  
15095.33006 
5357.35936  
4250.74753  
2774.89137  
2547.56132  
2692.99441  
3284.96944  
5429.33024  
12500.65879 
55561.65421 
148281.22586
99238.63243 
26757.80837 
7501.42178  
9482.20017  
4923.56838  
3907.10472  
4453.99793  
3063.9048   
5146.32659  
19287.07184 
100850.73425
168219.45835
43079.66077 
26532.5568  
12471.03795 
3183.12808  
3526.88471  
2830.55366  
2686.82892  
3447.32393  
5543.67756  
19998.85921 
102768.08845
121187.70741
34032.99389 
13457.56721 
10060.76342 
1791.8824   
1596.74634  
2430.2536   
4757.79999  
3920.43016  
4980.35592  
12305.50886 
66411.16143 
122261.99642
32248.12212 
8210.1611   
3580.87333  
1788.48353  
1278.54168  
1532.50324  
3373.88149  
2520.2652   
3947.33465  
11106.83333 
49082.37142 
108223.45127
23929.53894 
14542.2597  
3032.80106  
