NaN       
3109.7341 
3187.9747 
2782.381  
2600.0285 
2392.3908 
2999.8214 
7963.0748 
20264.1455
30335.0467
15572.7229
8393.7921 
5113.6709 
3034.4541 
2465.4808 
2200.2686 
1925.6439 
1784.3811 
3908.0302 
10856.6747
25878.4421
44416.4956
21334.9586
4766.2825 
4118.1836 
2755.3421 
2576.9981 
2440.1756 
2078.4477 
2174.0388 
2984.6031 
13207.6854
57055.8513
46089.6099
9914.6564 
5866.9161 
2494.0169 
6508.9829 
4248.6617 
3456.9075 
3384.5653 
2887.2545 
4393.567  
12230.7242
39615.7088
33915.7685
8438.6795 
4719.4985 
3858.1497 
4234.37   
2794.113  
2417.0898 
2508.8266 
2303.6338 
2398.4449 
11691.8042
39261.6232
53085.2308
25815.8521
6128.9075 
5700.3531 
4819.1972 
3833.576  
2875.2232 
2521.8671 
2386.6997 
3061.1351 
7069.8845 
38645.194 
62576.7451
33993.0701
9635.9417 
5712.7282 
4272.0229 
2818.9588 
2438.5831 
2531.1356 
2324.1182 
2419.7724 
11795.7701
39610.7456
53557.2756
26045.412 
6183.407  
5751.0418 
4470.7236 
3000.3174 
2505.653  
2227.9832 
2338.1466 
5634.739  
10301.9875
26327.8522
52126.9438
12368.3354
5396.0449 
5429.6652 
6675.983  
4344.6839 
3860.19   
3543.3886 
3142.7311 
6503.9773 
18416.0367
31629.627 
72061.8148
32702.3867
7953.4641 
6040.3729 
4343.026  
3514.301  
2310.1595 
2751.2099 
2716.9549 
3948.8654 
11518.2283
58041.7922
62851.793 
23355.5419
7252.7372 
4755.0976 
3704.9663 
2318.1102 
2156.3752 
1453.6769 
1826.5764 
2796.3518 
7890.1123 
17723.2056
17190.9379
5447.5537 
5965.5859 
5664.1379 
6236.9539 
4061.5894 
3731.4608 
3472.3938 
3089.1677 
4853.5341 
7178.6548 
27407.8026
38529.2833
21674.8877
8305.4543 
4177.3206 
7280.3437 
4821.797  
4462.155  
3613.4646 
3166.2595 
1967.5894 
5310.7674 
71977.8702
95720.2196
46842.6534
13991.8486
9174.8438 
2286.5389 
2664.1295 
2206.5659 
2195.6169 
1858.0409 
3027.2343 
5876.4437 
22681.0805
55791.9102
37072.8131
12575.9263
6847.821  
6269.0028 
4752.9381 
3660.0372 
3146.0694 
2785.5979 
3327.7384 
11562.7097
31289.6721
30803.0171
10746.8679
5564.6644 
4249.8217 
3600.8212 
3138.3291 
2729.6096 
2816.4868 
2605.8394 
2993.99   
14498.8297
38169.4303
65052.5626
17987.3849
5878.8876 
4348.8773 
4560.6553 
3278.602  
2855.165  
2775.3689 
2572.7547 
3252.8761 
10855.5815
36547.3857
33816.4273
14225.841 
6722.2112 
4986.6312 
6675.983  
4344.6839 
3860.19   
3543.3886 
3142.7311 
6503.9773 
18416.0367
31629.627 
72061.8148
32702.3867
7953.4641 
6040.3729 
2905.2585 
2784.1904 
2585.2731 
2168.919  
2087.9898 
3286.7256 
9455.9452 
21438.13  
45971.8277
14832.7535
5907.0437 
5314.6157 
4637.734  
3689.2256 
2766.9589 
2426.9081 
2296.8304 
2945.8704 
6803.6734 
37190.0388
60220.4657
32713.0871
9273.1077 
5497.6198 
4343.026  
3514.301  
2310.1595 
2751.2099 
2716.9549 
3948.8654 
11518.2283
58041.7922
62851.793 
23355.5419
7252.7372 
4755.0976 
6689.0043 
4441.4491 
2820.742  
2673.2384 
2541.2537 
3324.2061 
10652.7916
33517.5676
52784.5014
22246.3043
7267.2207 
4011.3908 
5419.4898 
3298.0006 
2387.9919 
2829.8358 
2528.7607 
5642.1572 
7439.4438 
24175.7775
48810.2983
19036.2385
11306.8669
6785.0682 
14407.999 
6405.3304 
3073.33   
2186.0573 
2254.3798 
2946.591  
29932.8827
55097.8362
60205.4004
31712.6006
8082.8741 
4386.7738 
6305.7166 
4115.982  
3348.9532 
3278.8701 
2797.0896 
4256.3621 
11848.7759
38378.5659
32856.6267
8175.1514 
4572.1152 
3737.6651 
