NaN       
565.7222  
431.7227  
431.9265  
367.2502  
270.2305  
298.1207  
718.3287  
5582.4776 
11122.5033
7563.2236 
3476.4141 
1473.4333 
741.5022  
385.0981  
293.4604  
231.8671  
239.1298  
369.4152  
1013.9268 
5555.5516 
12614.777 
7979.4118 
2104.3774 
1605.0625 
794.3357  
433.467   
376.0095  
317.3181  
267.1277  
390.7424  
1324.8583 
11908.8031
15164.9551
5352.9485 
2598.7001 
804.4992  
1269.5365 
705.3666  
430.5973  
383.0632  
277.1758  
476.5236  
2013.6098 
10316.7204
12107.6957
3840.6931 
2139.9527 
881.0535  
1075.04   
711.67    
454.81    
386.18    
266.98    
256.66    
1290.84   
12928.26  
16480.66  
10411.24  
2830.41   
1705.79   
1053.2077 
675.0069  
469.7168  
329.7775  
282.3725  
341.5197  
578.129   
8269.0549 
15577.6339
10365.1726
3621.318  
1578.7881 
1084.5995 
717.9983  
458.8543  
389.614   
269.354   
258.9423  
1302.3184 
13043.2207
16627.2094
10503.8189
2855.5786 
1720.9582 
1018.51   
648.79    
413.75    
354.64    
322.12    
543.67    
1280.13   
6081.32   
15278.68  
4966.61   
2451.57   
1707.77   
1478.7419 
860.6103  
644.7663  
443.6226  
375.2519  
510.2095  
2234.0155 
7099.5643 
18955.3524
11058.7786
3822.0823 
1834.5137 
943.74    
598.21    
454.02    
392.33    
360.4     
459.97    
1160.33   
10671.07  
15399.67  
8302.81   
2800.66   
1326.94   
775.5669  
344.0431  
242.684   
139.44    
204.2658  
311.9717  
1155.1141 
6850.061  
7476.071  
3075.1508 
2823.0329 
1955.2036 
1415.7741 
750.7617  
486.218   
359.9084  
292.3571  
495.4118  
1321.664  
9893.6864 
12716.8738
9337.4183 
3962.915  
1760.8269 
1003.2152 
589.0694  
513.6826  
360.7682  
333.2986  
374.7927  
744.7141  
11058.7219
16534.5038
13209.2965
6188.7543 
2935.6142 
739.3273  
486.8653  
391.8672  
314.169   
298.3676  
363.6504  
783.5446  
4800.9513 
13204.4892
11287.5023
5171.5539 
2003.5342 
1318.536  
861.5448  
485.646   
378.9749  
313.046   
461.2853  
2221.6387 
10634.2424
9737.4777 
3795.9006 
1805.813  
976.6184  
661.49    
657.12    
494.88    
365.36    
259.64    
322.51    
1572.5    
7703.8    
15808.26  
5940.5    
1842.65   
782.28    
751.14    
593.45    
382.02    
280.26    
238.61    
353.26    
1968.6    
9318.35   
8792.73   
5422.81   
2477.36   
1283.31   
1478.7419 
860.6103  
644.7663  
443.6226  
375.2519  
510.2095  
2234.0155 
7099.5643 
18955.3524
11058.7786
3822.0823 
1834.5137 
552.0267  
448.3761  
377.0958  
261.2018  
221.7145  
327.545   
1383.2221 
6071.0889 
16679.2122
7093.7984 
2700.8973 
1729.5203 
1013.55   
649.59    
452.03    
317.36    
271.74    
328.66    
556.36    
7957.69   
14991.07  
9974.88   
3484.96   
1519.34   
943.74    
598.21    
454.02    
392.33    
360.4     
459.97    
1160.33   
10671.07  
15399.67  
8302.81   
2800.66   
1326.94   
1894.0226 
1260.1868 
554.3706  
401.0491  
360.289   
404.9799  
1769.6874 
9365.3942 
13660.1214
7404.0666 
2785.8702 
1024.6005 
1307.11   
837.62    
431.01    
403.64    
293.95    
487.54    
1098.84   
7596.69   
18386.78  
10337.85  
4934.88   
1727.6    
2921.7896 
1196.2762 
782.8707  
542.4173  
470.9186  
569.9756  
3013.6574 
8316.0074 
13514.5177
10265.1995
3005.6628 
1076.4472 
1229.8906 
683.339   
417.1503  
371.1007  
268.52    
461.6424  
1950.7276 
9994.5437 
11729.5894
3720.7537 
2073.125  
853.5394  
