NaN       
1040.712  
506.5077  
610.4056  
658.9104  
611.2107  
871.5364  
2302.1408 
9044.4523 
15453.4771
10842.7145
6167.887  
2881.0184 
1458.3516 
652.9413  
710.9081  
355.266   
538.3484  
725.4432  
1939.6881 
7636.5012 
21860.7388
15176.3878
4656.4685 
3042.7737 
880.2135  
740.4229  
656.835   
430.3614  
422.6865  
507.2991  
2440.9037 
18515.9251
24834.1911
9150.3199 
5541.7479 
2069.4427 
2145.605  
2070.5879 
1291.812  
741.6769  
392.4972  
1038.9038 
3519.0369 
15170.2297
19439.7607
9151.3928 
4388.2701 
2196.7387 
1681.41   
931.05    
703.55    
521.26    
379.24    
544.47    
2831.44   
27560.3   
31083.39  
18720.64  
5978.66   
3442.36   
1784.0989 
1526.2498 
939.4544  
766.7307  
691.4978  
957.3794  
3205.8436 
19326.38  
27125.6038
17280.7327
7068.3638 
3195.5354 
1696.3614 
939.3291  
709.8061  
525.8952  
382.6123  
549.3115  
2856.6177 
27805.3719
31359.7899
18887.1078
6031.8235 
3472.9702 
1776.82   
761.46    
845.96    
1063.95   
457.2     
1229.97   
3032.57   
9166.14   
23877.74  
8553.44   
4783.8    
3663.92   
2809.6496 
1507.5812 
1386.933  
704.5994  
648.5541  
972.721   
5506.6075 
13866.5945
30695.0818
17481.0196
7237.989  
3866.0527 
1604.25   
1111.75   
951.88    
728.14    
779.91    
965.96    
3346.36   
16334.89  
23437.6   
14718.34  
5062.88   
2540.66   
1358.1953 
624.4708  
327.2421  
293.1128  
387.6148  
762.7089  
2470.1009 
10823.2101
13140.6672
6264.1034 
5881.4606 
4406.2899 
2582.5138 
1218.7923 
794.4745  
630.1034  
492.0801  
1435.448  
5888.1974 
17971.9946
19124.079 
14369.7788
8182.951  
3562.4884 
2100.7326 
1178.1584 
2686.1092 
2120.0212 
745.4998  
1210.1064 
3775.2492 
22321.1038
27913.0595
23344.1969
10950.5523
5249.111  
1298.456  
957.1893  
751.7616  
576.7986  
460.7256  
605.9543  
1348.4969 
8182.0433 
21388.9606
18285.8063
9341.8434 
4423.8137 
2186.2536 
1650.4409 
897.3944  
691.8247  
712.0978  
598.2629  
7173.1886 
19773.3127
16306.6023
7457.1668 
4069.2778 
2116.0203 
1061.57   
1177.01   
983.62    
611.91    
462.35    
897.93    
3845.6    
12616.43  
25966.36  
10105.72  
3685.14   
1564.58   
1337.67   
697.2     
485.56    
378.65    
539.91    
1264.88   
6717.51   
15047.21  
14928.59  
10057.12  
5194.98   
2422.05   
2809.6496 
1507.5812 
1386.933  
704.5994  
648.5541  
972.721   
5506.6075 
13866.5945
30695.0818
17481.0196
7237.989  
3866.0527 
1263.7945 
526.1663  
479.5718  
352.8181  
371.1831  
903.6702  
4762.3622 
11336.2156
26347.5026
12649.959 
5203.4421 
3172.8045 
1716.92   
1468.78   
904.08    
737.86    
665.46    
921.33    
3085.13   
18598.66  
26104.21  
16630.04  
6802.21   
3075.21   
1604.25   
1111.75   
951.88    
728.14    
779.91    
965.96    
3346.36   
16334.89  
23437.6   
14718.34  
5062.88   
2540.66   
2760.2961 
2786.4734 
1241.1359 
924.0201  
865.1236  
1007.9723 
3995.0692 
17708.469 
22860.722 
11336.5912
4548.3275 
1741.8511 
2113.61   
1443.59   
595.25    
546.45    
433.2     
926.89    
2809.43   
13563.35  
27521.03  
15277.69  
10900.71  
3470.72   
4648.5615 
2195.264  
1196.4876 
822.0283  
1062.2804 
1039.112  
6217.3235 
14015.7837
21309.5645
16738.0898
5551.8653 
2229.6188 
2078.6008 
2005.9264 
1251.4706 
718.5154  
380.2401  
1006.4603 
3409.1423 
14696.4847
18832.6843
8865.6077 
4251.2306 
2128.1377 
