NaN         
1592.7081   
2230.60655  
1333.8803   
2568.91691  
2976.51975  
2997.9189   
8696.20661  
43626.75108 
78300.50576 
36551.78477 
14738.91873 
8035.89001  
5548.80009  
2781.63383  
3141.39438  
2999.61208  
3061.34043  
3743.24581  
12455.6239  
46227.78366 
100831.33299
53986.26582 
11207.5538  
9074.06765  
2332.8062   
4103.06209  
3616.84296  
4060.19115  
3900.20938  
3796.69175  
13811.76023 
96687.54976 
105279.51235
24180.2525  
12454.52919 
2446.78014  
6886.92742  
2878.73769  
2475.28973  
2820.09111  
3133.54692  
4361.08031  
16646.52565 
76027.18926 
83181.05969 
17656.66226 
8145.80639  
3683.61131  
4277        
3774        
2690        
3386        
2645        
2679        
14337       
78207       
107893      
58968       
12867       
5700        
9326.16977  
3750.21133  
3297.15172  
3179.73031  
2989.56997  
3302.34736  
6550.66008  
56324.8698  
128303.15704
82613.75772 
20701.49908 
4505.65706  
4315.03196  
3807.55918  
2713.92003  
3416.10901  
2668.51988  
2702.82222  
14464.48755 
78902.43274 
108852.40676
59492.35559 
12981.41601 
5750.68557  
5608        
2334        
2542        
2790        
3509        
4987        
12441       
52565       
110967      
24936       
11122       
12217       
7314.04547  
3520.24137  
2129.38027  
2961.09116  
3431.05791  
3511.22281  
15160.18549 
46330.30446 
139359.67193
62086.71642 
17085.14526 
8048.55641  
2765        
2994        
2375        
3163        
2528        
3536        
10993       
84236       
114463      
46030       
9549        
3923        
2941.67713  
851.72016   
797.24465   
2043.26369  
2122.81521  
2878.55472  
9321.36375  
52527.35472 
62348.50959 
16551.04115 
17014.51527 
8857.02495  
8235.42539  
4402.91082  
2020.10947  
2573.63633  
3233.65122  
4339.65061  
1390.67035  
55257.79604 
93480.67106 
62196.38706 
20366.62557 
5553.19236  
4056.11294  
4732.78651  
5642.22006  
2330.54625  
2774.45982  
4197.53674  
8365.61018  
100974.62378
149592.98097
89567.41995 
31365.63658 
14649.14786 
4692.0487   
3175.45564  
3105.26934  
3353.76677  
2278.20921  
3135.62017  
7235.82768  
31562.96677 
97307.6079  
70616.89788 
22138.08544 
11853.89623 
9365.47047  
4908.27864  
1923.05428  
2092.34086  
2445.36532  
3732.56268  
15373.07966 
61222.90523 
64785.1491  
20447.54817 
8692.45309  
3334.11987  
2284        
3306        
2464        
2844        
2743        
3956        
19589       
62824       
119588      
29283       
7380        
2134        
2158        
2722        
2317        
2185        
2094        
3598        
15425       
74817       
74811       
31965       
11355       
4320        
7314.04547  
3520.24137  
2129.38027  
2961.09116  
3431.05791  
3511.22281  
15160.18549 
46330.30446 
139359.67193
62086.71642 
17085.14526 
8048.55641  
2094.31299  
1824.5607   
2478.53581  
1818.58832  
2267.51188  
4043.29818  
14406.36498 
38690.04356 
117498.5238 
37022.75541 
10154.03366 
6068.92885  
8975        
3609        
3173        
3060        
2877        
3178        
6304        
54204       
123472      
79503       
19922       
4336        
2765        
2994        
2375        
3163        
2528        
3536        
10993       
84236       
114463      
46030       
9549        
3923        
11520.08686 
5764.28534  
3129.58746  
3261.55802  
2611.13171  
2956.14045  
14801.44046 
61306.92163 
101316.62352
36930.07471 
13476.07903 
3416.1521   
7467        
4551        
2189        
3184        
3410        
4143        
10818       
48854       
121603      
53020       
19538       
5565        
23320.38783 
7907.04225  
4560.16737  
4899.48652  
4807.86028  
3512.00349  
29818.80254 
73037.18719 
122966.43859
76599.53476 
16477.61957 
3948.99016  
6671.85836  
2788.83876  
2397.98991  
2732.02364  
3035.69066  
4224.8899   
16126.67806 
73652.96705 
80583.43217 
17105.26953 
7891.42431  
3568.5773   
