NaN       
1898.8323 
1551.6328 
1326.0475 
816.0232  
992.575   
1779.1762 
4262.562  
4237.0662 
4013.4391 
2789.4044 
2014.572  
1286.8149 
1080.99   
831.47    
718.02    
759.67    
612.1     
714.05    
791.41    
1225.79   
681.72    
1249.39   
1124.63   
758.88    
1174.3038 
1273.3411 
1022.7163 
901.4443  
697.3066  
901.4443  
1459.2895 
3702.7865 
3013.5708 
2354.6605 
3171.2214 
2294.0295 
1150.41   
890.98    
765.62    
524.63    
425.85    
657.72    
1048.46   
3314.38   
2862.15   
1420.17   
2614.22   
1001.65   
3964.96   
2169.92   
1384.46   
1047.27   
1531.24   
1412.23   
3796.36   
5543.8    
3447.27   
2584.46   
1108.76   
680.33    
1659.6664 
1364.9382 
834.4349  
683.3932  
722.073   
1040.7428 
1202.8451 
2206.7468 
3591.949  
1783.0797 
1639.4025 
2199.3731 
1287.27   
983.8     
767.6     
706.12    
585.12    
779.5     
852.89    
971.9     
625.79    
186.29    
243.45    
670.41    
820.17    
696.79    
389.55    
454.61    
460.17    
1346.78   
10155.37  
7680      
5587.44   
2570.58   
1604.63   
1931.9    
626.58    
614.88    
461.75    
351.07    
360.6     
939.77    
3526.61   
10621.49  
16294.21  
5107.44   
3127.93   
2035.04   
965.9165  
1008.165  
549.2009  
874.0897  
892.139   
1150.3701 
2471.3242 
4244.4827 
4906.9397 
2495.1234 
2356.2782 
1650.1927 
3964.96   
2169.92   
1384.46   
1047.27   
1531.24   
1412.23   
3796.36   
5543.8    
3447.27   
2584.46   
1108.76   
680.33    
1417.0281 
1060.3474 
1380.1931 
1085.5425 
907.2021  
1529.4584 
4138.6443 
4985.7612 
3138.392  
3566.7979 
3739.3233 
2985.2566 
638.6975  
626.7712  
470.6798  
357.8594  
367.5737  
957.9443  
3594.8113 
10826.8994
16609.3244
5206.213  
3188.4212 
2074.3957 
1955.9888 
1654.2955 
1316.1475 
1243.2483 
1279.6928 
2269.8405 
8795.8909 
20515.6432
9597.7215 
4448.5696 
3249.8613 
2334.6341 
1681.98   
1594.71   
1372.56   
1320.99   
1509.42   
2025.12   
4573.88   
7146.45   
6452.23   
4024.46   
2437.69   
1553.06   
1149.8605 
1246.8364 
1001.4283 
882.6806  
682.7921  
882.6806  
1428.9142 
3625.7126 
2950.8431 
2305.648  
3105.2121 
2246.2791 
1150.41   
890.98    
765.62    
524.63    
425.85    
657.72    
1048.46   
3314.38   
2862.15   
1420.17   
2614.22   
1001.65   
759.27    
570.45    
695.6     
420.89    
666.45    
703.74    
3000.2    
21998.68  
21695.21  
11137.19  
8782.81   
4760.33   
760.4782  
571.3577  
696.7069  
421.5597  
667.5105  
704.8598  
3004.974  
22033.6852
21729.7323
11154.912 
8796.7856 
4767.9048 
2878.1988 
1939.1603 
1515.4793 
1279.1972 
1087.7212 
1370.8633 
5275.6692 
9223.2581 
5811.3809 
2643.9501 
2627.6523 
1391.2279 
1064.0455 
889.4462  
568.8583  
520.2613  
497.1434  
698.7828  
1052.2791 
2041.8633 
4810.7153 
4275.7534 
3286.179  
2269.1695 
1003.64   
858.84    
793.39    
725.95    
626.78    
969.92    
1854.55   
4383.47   
2100.5    
2917.69   
2701.49   
1745.46   
850.91    
678.35    
656.33    
686.28    
533.55    
672.4     
1826.78   
4298.18   
12977.85  
11101.49  
13396.36  
4206.94   
1804.7791 
959.6341  
665.2937  
631.7729  
587.0226  
1053.3117 
2348.0904 
3426.3694 
3746.9471 
1881.8013 
1875.5568 
972.123   
2489.6163 
1880.2862 
1546.4569 
1222.6854 
840.5956  
1001.4776 
1514.2765 
5307.0192 
8251.1162 
4098.4064 
5534.2595 
3080.8487 
