NaN       
46444.9   
80626.51  
45063.16  
44553.2   
39001.06  
51997.04  
100550.33 
354157.99 
376109.57 
248830.54 
133103.28 
88161.06  
49774.59  
54321.26  
49252.58  
48489.72  
38672.82  
43839.82  
93871.97  
235526.83 
185158.47 
117959.04 
68817.55  
52590.09  
55023.42  
50920.11  
46367.23  
45138.17  
47429.13  
56521.69  
96240.39  
304260.8  
390804.22 
207138.86 
118169.88 
75513.57  
44062.81  
48296.61  
48413.35  
43160.02  
36654.64  
53755.21  
126490.52 
593621.71 
544430.09 
148565.22 
97868.61  
47210.92  
157682.97 
80260.87  
53398.77  
50186.73  
56160.02  
59373.02  
339238.04 
624551.85 
696833.34 
389362.56 
140348.85 
67221.28  
69656.4   
54018.28  
49677.17  
43826.58  
40774.03  
65810.7   
103531.38 
300464.05 
530773.89 
161839.56 
96830.01  
90524.03  
64034.97  
50557.15  
61844.43  
47934.76  
40104.64  
57156.55  
79221.68  
207585.7  
202440.49 
100526.15 
79389.56  
44761.26  
45414.59  
86448.08  
53389.23  
47398.35  
31746.25  
62390.42  
100751.67 
533307.85 
790706.73 
416073.19 
171215.8  
102662.36 
58647.44  
49478.3   
49991.58  
36459.96  
38472.63  
54251.24  
89124.15  
360426.73 
632431.39 
425307.74 
172076.27 
76755.63  
51633.1   
55053.2   
54362.01  
50712.26  
44581.17  
52361.26  
95964.46  
354433.56 
726018.03 
232722.56 
131124.4  
72952.44  
166319.83 
84657.05  
56323.62  
52935.64  
59236.11  
62625.09  
357819.32 
658760.79 
735001.4  
410689.34 
148036.26 
70903.23  
51315.49  
56426.22  
47148.85  
34851.54  
36736.9   
40224.67  
75895.16  
195782.9  
420976.98 
267369.47 
100246.98 
65051.79  
69622.59  
58737.55  
59346.89  
43282.99  
45672.31  
64403.7   
105802.64 
427876.15 
750783.12 
504898.84 
204278.22 
91119.5   
98167.01  
80593.1   
64098.58  
38472.76  
34933.3   
40880.93  
121025.43 
311182.83 
311525.88 
169480.72 
86875.28  
38700.9   
76696.62  
73062.65  
61163.05  
61890.94  
52191.54  
76756.09  
137365.23 
411156.36 
587664.97 
365856.15 
128229.64 
70090.5   
43201.82  
39980.09  
36405.38  
35440.38  
37239.13  
44378.19  
75563.46  
238891.36 
306841.21 
162635.75 
92781.46  
59289.73  
40419.98  
44303.75  
44410.84  
39591.82  
33624.27  
49311.07  
116033.08 
544544.81 
499420.04 
136282.78 
89777.45  
43307.82  
45624.91  
49308.31  
44425.52  
47117.23  
44095.31  
52062.87  
88174.64  
432239.92 
1197476.82
852579.63 
250930.08 
114027.66 
47557.98  
51397.44  
46307.77  
49113.53  
45963.58  
54268.71  
91910.5   
450553.4  
1248212.46
888702.4  
261561.69 
118858.87 
84445.93  
67538.81  
52823.54  
57962.32  
41815.71  
53911.36  
146618.02 
481064.81 
596524.94 
283458.62 
132279.75 
72611.7   
66672.22  
53156.24  
42302.72  
43573.43  
38179.95  
62422.38  
114087.04 
316570.49 
536978.09 
275560.68 
112713.46 
90422.49  
44417.79  
67111.01  
68510.14  
54351.02  
46099.71  
54130.49  
86379.19  
404860.76 
446219.66 
219005.8  
106933.6  
81652.09  
51610.28  
50015.53  
51111.46  
50762.71  
41582.03  
45872.75  
117809.05 
426740.48 
890948.74 
538180.01 
248904.55 
118985.3  
65512.36  
64433.8   
49687.12  
47920.57  
42101.04  
48845.23  
94481.96  
465947.54 
537839.39 
266888.68 
144476.87 
78017.87  
77476.85  
49505.01  
62846.59  
40937.98  
38071.15  
42790.28  
85801.24  
318617.71 
531064.55 
314885.4  
134489.48 
102621.98 
