NaN       
1322.9224 
689.5135  
480.2068  
374.4754  
533.9576  
1250.9349 
6643.4504 
14881.3166
14764.0044
9946.2416 
5137.7061 
2395.3472 
1060.58   
667.25    
690.46    
473.06    
847.75    
687.68    
2100.72   
9280.98   
8882.89   
6489.61   
2665.82   
1808.55   
1040.712  
506.5077  
610.4056  
658.9104  
611.2107  
871.5364  
2302.1408 
9044.4523 
15453.4771
10842.7145
6167.887  
2881.0184 
841.8     
708.11    
628.17    
411.58    
404.24    
485.16    
2334.38   
17707.87  
23750.4   
8750.99   
5299.9    
1979.13   
4616.79   
2180.26   
1188.31   
816.41    
1055.02   
1032.01   
6174.83   
13919.99  
21163.92  
16623.69  
5513.92   
2214.38   
1650.1102 
707.1583  
785.6323  
988.0769  
424.5959  
1142.2576 
2816.3094 
8512.4781 
22174.9548
7943.4714 
4442.6545 
3402.6361 
1631.82   
1050.46   
572.64    
614.29    
519.08    
678.95    
1942.04   
6086.16   
8487.98   
3568.71   
2006.9    
1680.82   
1370.2    
1000.08   
827.71    
737.46    
506.19    
1129.4    
6122.06   
20696.01  
28775.79  
11916.26  
5086.68   
3584.97   
1004.44   
656.34    
617.66    
692.24    
1010.99   
860.04    
4100.68   
15122.98  
27351.44  
18211.48  
7792.57   
3035.94   
1232.1072 
849.3005  
744.3842  
731.4846  
462.5339  
874.8896  
3757.9996 
11923.7762
31194.1775
13536.3003
6597.4811 
2526.4923 
4616.79   
2180.26   
1188.31   
816.41    
1055.02   
1032.01   
6174.83   
13919.99  
21163.92  
16623.69  
5513.92   
2214.38   
1240.8378 
516.6085  
470.8604  
346.4092  
364.4407  
887.2551  
4675.8547 
11130.295 
25868.9043
12420.1745
5108.9224 
3115.171  
1023.8649 
669.033   
629.605   
705.6273  
1030.5416 
876.6723  
4179.9832 
15415.4439
27880.3907
18563.6726
7943.2708 
3094.6522 
2162.1505 
1632.2451 
887.5007  
684.1974  
704.247   
591.6671  
7094.1052 
19555.3147
16126.8242
7374.9526 
4024.4146 
2092.6915 
1061.57   
1177.01   
983.62    
611.91    
462.35    
897.93    
3845.6    
12616.43  
25966.36  
10105.72  
3685.14   
1564.58   
1019.0494 
495.9647  
597.7     
645.1951  
598.4882  
853.3953  
2254.2215 
8856.1911 
15131.8113
10617.0223
6039.5017 
2821.0497 
841.8     
708.11    
628.17    
411.58    
404.24    
485.16    
2334.38   
17707.87  
23750.4   
8750.99   
5299.9    
1979.13   
553.2     
841.99    
455.61    
385       
518.88    
884.44    
4050.5    
20966.76  
39418.84  
36859.33  
13941.01  
4322.04   
554.0803  
843.3298  
456.335   
385.6126  
519.7057  
885.8474  
4056.9453 
21000.1232
39481.5649
36917.9821
13963.1935
4328.9174 
3007.1743 
3035.6928 
1352.1419 
1006.6636 
942.4993  
1098.1243 
4352.3842 
19292.2968
24905.3622
12350.5246
4955.1254 
1897.6405 
1493.7914 
668.8086  
728.184   
363.8994  
551.4309  
743.0724  
1986.8249 
7822.0779 
22391.9826
15545.1934
4769.6267 
3116.717  
1576.88   
785.66    
752.74    
461.36    
400.47    
884.84    
2534.12   
14389.28  
15147.57  
9540.23   
4678.48   
3001.82   
987.19    
661.1     
598.42    
655.94    
478.82    
579.78    
2887.77   
10715.45  
31762.34  
31180.58  
13254.52  
3454.86   
1741.9355 
1122.6411 
502.7169  
451.0924  
532.491   
537.0668  
2455.7367 
10845.4664
17173.9318
12096.3343
4501.8044 
1615.5768 
1691.269  
1156.3372 
835.3741  
443.4294  
379.4841  
682.9478  
2191.0092 
11862.6182
26270.1901
10856.9127
6512.7018 
3374.0925 
