NaN         
2134.20835  
2691.99033  
2291.4554   
2160.91068  
2070.91394  
3558.33255  
15254.94151 
73992.15291 
73986.21906 
31612.59029 
11229.81269 
4272.3726   
2096        
1693        
2699        
2605        
1845        
4175        
13755       
49556       
48625       
21837       
6383        
6298        
1592.7081   
2230.60655  
1333.8803   
2568.91691  
2976.51975  
2997.9189   
8696.20661  
43626.75108 
78300.50576 
36551.78477 
14738.91873 
8035.89001  
2231        
3924        
3459        
3883        
3730        
3631        
13209       
92468       
100685      
23125       
11911       
2340        
23161       
7853        
4529        
4866        
4775        
3488        
29615       
72538       
122126      
76076       
16365       
3922        
5208.07858  
2167.55624  
2360.72321  
2591.03767  
3258.76386  
4631.36375  
11553.79915 
48816.44983 
103053.64765
23157.74742 
10328.86055 
11345.77319 
3067        
2483        
2586        
3245        
2500        
3039        
11050       
30644       
38009       
8611        
4077        
3684        
3236        
3499        
2899        
2733        
3427        
4795        
13835       
85286       
128122      
45957       
15517       
10732       
1898        
1721        
3501        
3662        
2844        
3298        
9393        
65355       
127427      
63268       
22466       
4212        
90.99684    
929.96773   
2378.91745  
2837.90152  
2840.90142  
2880.90003  
7430.74214  
42906.51109 
119318.85947
36428.73587 
14914.48245 
7495.73989  
23161       
7853        
4529        
4866        
4775        
3488        
29615       
72538       
122126      
76076       
16365       
3922        
2056.27012  
1791.41784  
2433.51359  
1785.55395  
2226.32288  
3969.8523   
14144.67561 
37987.24495 
115364.18143
36350.24283 
9969.58722  
5958.68771  
1934.7055   
1754.28249  
3568.70599  
3732.81957  
2899.00024  
3361.78016  
9574.65162  
66618.90311 
129891.31614
64491.54253 
22900.47092 
4293.45605  
9262.21745  
4854.16555  
1901.85287  
2069.27309  
2418.40551  
3691.4117   
15203.59358 
60547.93116 
64070.90178 
20222.11678 
8596.61999  
3297.36166  
2284        
3306        
2464        
2844        
2743        
3956        
19589       
62824       
119588      
29283       
7380        
2134        
1559.55572  
2184.17624  
1306.11544  
2515.44463  
2914.56318  
2935.5169   
8515.19417  
42718.65571 
76670.67257 
35790.95556 
14432.1266  
7868.62212  
2231        
3924        
3459        
3883        
3730        
3631        
13209       
92468       
100685      
23125       
11911       
2340        
2087        
1389        
3383        
3747        
2759        
3765        
8438        
46397       
155947      
139344      
31198       
7404        
2090.32092  
1391.21023  
3388.38317  
3752.96238  
2763.39024  
3770.99102  
8451.4269   
46470.82883 
156195.14935
139565.72996
31247.64355 
7415.78155  
12550.43193 
6279.83727  
3409.49464  
3553.26851  
2844.66872  
3220.5347   
16125.26652 
66790.15149 
110378.28117
40233.06372 
14681.36608 
3721.68933  
5683.643    
2849.23108  
3217.73427  
3072.50647  
3135.7349   
3834.21145  
12758.31144 
47351.17773 
103281.66292
55298.2009  
11479.91164 
9294.57907  
4038        
2288        
3624        
2606        
3014        
3446        
9725        
65264       
65690       
22152       
13011       
6671        
2350        
1832        
3940        
3952        
2766        
3335        
10821       
50351       
138714      
88234       
25597       
8889        
3760.32813  
2131.51728  
1132.40135  
2551.31389  
2258.50576  
3760.32813  
6026.18032  
65845.09814 
86967.16453 
45413.59718 
13426.14505 
4815.06711  
4449.90757  
3475.57147  
2040.93505  
2439.38884  
1927.38079  
3610.41715  
7374.94365  
59568.33441 
129434.6208 
33664.78266 
14498.44573 
6344.84429  
