NaN       
1013.7344 
932.0853  
917.8981  
554.2601  
417.7083  
954.0014  
1626.2085 
2288.0382 
2131.3375 
1777.2005 
1820.6571 
2052.5741 
6731.3719 
4517.7227 
1972.5563 
1536.8145 
999.3194  
1783.0164 
3673.2847 
11035.0987
6025.4828 
3846.7955 
3456.8291 
2023.6165 
2576.2034 
1787.1216 
1391.6351 
1195.8651 
1060.1334 
1395.1732 
5771.4785 
9967.7595 
5220.8861 
2068.5254 
2108.0401 
1157.6241 
850.6486  
747.612   
660.6745  
519.1241  
622.0699  
739.8294  
1126.128  
4222.1903 
5174.0819 
2821.2995 
3905.5035 
1338.6789 
1980.6156 
1587.3991 
774.6265  
831.3449  
805.9641  
1108.0422 
2789.4347 
18046.6996
11011.183 
4780.7197 
7100.8652 
2574.2741 
850.6486  
747.612   
660.6745  
519.1241  
622.0699  
739.8294  
1126.128  
4222.1903 
5174.0819 
2821.2995 
3905.5035 
1338.6789 
1759.0304 
1479.983  
1260.2649 
789.5408  
1001.2295 
1874.0462 
4826.2256 
4739.2086 
3731.7191 
2258.6371 
1672.7119 
1108.1863 
924.8347  
993.8874  
539.4756  
874.1096  
930.1236  
1252.3817 
2892.041  
4906.8541 
4715.6416 
2088.165  
2022.1004 
1468.822  
941.1626  
772.531   
744.7651  
792.8075  
642.5985  
845.6358  
2469.548  
5740.1003 
14407.5231
10732.7388
13280.6539
4325.7092 
1455.0942 
1246.8186 
1086.7873 
876.0741  
707.5315  
1341.0562 
4334.2001 
9067.3387 
12090.9487
3354.3306 
4779.0935 
3212.4184 
1931.7445 
1144.8318 
560.3042  
691.4797  
815.7012  
1068.328  
2228.004  
17555.4036
6892.6375 
2065.8157 
1240.4406 
779.0218  
3680.5981 
3564.2352 
2157.7235 
1659.2338 
1395.689  
1629.7368 
6389.8475 
17947.6142
15361.0006
6507.8251 
3441.4578 
2252.6532 
1602.3403 
1356.8379 
826.4991  
689.1122  
759.0993  
1142.4888 
1419.3642 
2572.4107 
3480.7244 
1504.7105 
1418.6365 
1973.9803 
2367.0209 
1840.6646 
1508.4243 
1214.1427 
870.2426  
1082.6436 
1759.6449 
6092.2002 
7873.8639 
3405.9082 
4716.076  
2723.0148 
2015.0561 
1402.6531 
1264.5041 
1158.1745 
1278.0947 
1655.0045 
5128.8718 
5771.636  
6950.6333 
3880.5475 
2093.1731 
1537.8015 
2056.2104 
1504.1842 
1304.8584 
1319.1842 
1061.7905 
1705.2879 
6334.6788 
15429.3266
5351.0585 
3860.1402 
10533.7656
5189.3356 
1614.1555 
1244.3998 
920.9659  
912.6658  
735.8749  
913.9957  
969.1217  
3873.4695 
4740.6221 
3537.8406 
4987.5209 
4240.3257 
2104.0861 
1522.763  
1210.8028 
1138.283  
1136.5277 
1329.3569 
3013.4182 
3281.9338 
1451.1061 
1063.8241 
941.784   
1018.2952 
1195.5619 
1098.6958 
885.1064  
840.879   
787.5802  
1325.5776 
3227.0109 
4171.2035 
2594.0772 
4740.747  
4103.0024 
1852.961  
821.3342  
650.4678  
559.6941  
602.849   
506.4122  
616.8811  
734.9367  
1124.5224 
519.888   
829.7447  
765.8778  
536.0203  
1063.7023 
1087.487  
979.6512  
873.8913  
712.9259  
1262.7998 
2730.8478 
3916.3811 
2956.2526 
1780.7971 
1123.2199 
1229.5219 
758.027   
669.6948  
540.1962  
443.0325  
579.4688  
857.9373  
953.7268  
900.0236  
1070.8035 
300.6152  
1464.4773 
2260.0257 
2538.0066 
1760.6243 
1371.0016 
1178.1343 
1044.415  
1374.4872 
5685.906  
9819.9696 
5143.4771 
2037.8558 
2076.7846 
1140.4603 
1519.3611 
1355.7999 
1018.0044 
1036.3799 
974.2722  
1672.1172 
5396.7582 
36877.7718
14201.2304
6550.0045 
3046.3953 
1714.1129 
1486.6118 
1050.8704 
561.4842  
533.9789  
932.4273  
861.8968  
3235.0267 
14619.2015
10507.2781
2615.3036 
1809.2749 
878.6545  
