NaN       
3354.5989 
2830.4112 
2579.9905 
1853.0392 
1639.3605 
3285.9443 
8375.8907 
19597.3854
30930.1089
7758.7626 
2929.9012 
3216.4012 
8122.9729 
5702.1043 
4204.8794 
3150.6069 
2729.5218 
4740.4924 
22128.1835
49717.5851
46708.875 
14489.4776
6397.814  
5342.058  
7118.3838 
4819.1427 
3062.626  
2870.1459 
2829.4312 
4371.7469 
14245.5469
41258.1254
51186.0215
17958.0713
6789.5301 
4099.1038 
4309.1996 
2925.5042 
2746.9845 
2253.8386 
2052.7737 
3702.0181 
8625.7896 
27432.893 
48660.0703
12165.6071
6294.2087 
3488.6579 
5432.4411 
3370.6413 
2442.194  
2861.8326 
2652.0124 
6989.2239 
9370.7179 
28030.7133
44583.3927
14474.3696
9950.1666 
6530.7771 
4309.1996 
2925.5042 
2746.9845 
2253.8386 
2052.7737 
3702.0181 
8625.7896 
27432.893 
48660.0703
12165.6071
6294.2087 
3488.6579 
4360.1822 
3195.886  
2784.9621 
2676.976  
2573.398  
3843.1918 
13041.4613
40415.7632
29459.8237
10316.6154
5642.1028 
4577.8195 
3106.0951 
3311.1566 
3385.3452 
2717.3588 
2583.6582 
3536.4779 
10685.9495
32722.3926
49473.193 
12336.2324
6501.9005 
4273.1138 
2077.3127 
2226.825  
2552.0914 
2813.4317 
2619.6056 
3205.525  
17001.4573
51105.7713
71946.2889
32646.9216
15492.9452
8082.9128 
7337.0922 
5354.633  
4235.4418 
3798.553  
3301.3383 
7140.6445 
16260.5038
74199.4203
86495.68  
19147.4374
11044.0448
6376.7099 
5925.6483 
4283.7213 
3899.1581 
3579.9877 
3061.0743 
4116.4381 
9869.03   
66116.5458
41256.5968
6799.5309 
4176.8292 
2861.3143 
6395.0586 
4077.6606 
3060.5134 
3189.5577 
2919.0887 
3629.1514 
11997.5648
68183.8006
58694.8593
19281.5056
6632.8818 
5323.3371 
4116.6809 
2816.8373 
2353.9704 
2069.7965 
2252.539  
6411.953  
11920.2722
28041.5418
43737.7737
8638.9813 
4362.1077 
4800.8314 
4872.6879 
3219.0684 
2562.4134 
2350.4487 
2117.0437 
3415.9363 
9535.2449 
39381.7752
52750.2964
11255.5577
7228.9424 
5582.8946 
6838.8488 
4012.3566 
3923.6297 
3600.8921 
3369.9298 
7175.2979 
22871.9141
55717.43  
61735.4764
19872.251 
5800.8865 
6997.6485 
7080.2554 
4781.1365 
4427.4369 
3545.4161 
3221.6232 
2364.7141 
6490.0806 
80967.9432
84825.3685
34555.7581
11946.0295
8567.8083 
2597.7748 
3086.0533 
2557.7053 
2516.6675 
2208.5609 
4250.2659 
8389.4456 
29806.0021
57758.9345
31949.2268
12543.3732
7470.4943 
4889.7913 
2685.7213 
2620.7124 
2862.7287 
2969.2849 
3702.0533 
15139.0225
53707.3006
34827.8783
7312.3699 
3626.7885 
3809.7803 
4844.8474 
5321.8405 
3615.7016 
2775.2434 
2765.586  
6296.5656 
10352.2584
20357.3661
18551.8307
9837.24   
4796.1135 
3788.7367 
1883.5089 
1987.0021 
1631.422  
1455.224  
1629.677  
2537.9758 
7565.5254 
13722.4385
8488.9674 
3033.9084 
1438.8998 
1865.5507 
4383.2764 
3353.0825 
3079.2462 
2813.4001 
2095.6188 
3170.482  
11596.3725
58378.9348
63890.6471
25014.5403
7912.4935 
6337.0249 
4143.6802 
2643.3899 
2460.5771 
1640.2733 
2137.3272 
3864.9237 
11088.7075
22927.7439
17519.6962
4621.5259 
5857.4221 
6082.8879 
7012.841  
4747.6903 
3017.2171 
2827.5908 
2787.4798 
4306.9279 
14034.3311
40646.3997
50427.0969
17691.8107
6688.8632 
4038.3272 
4965.0717 
4026.9857 
3022.2688 
2621.316  
2572.6447 
3897.4493 
9152.9043 
46053.5801
58747.4241
26565.8134
8715.583  
5651.5609 
4495.2555 
2541.4114 
2577.4893 
3393.7318 
3282.5238 
3790.4123 
26919.7007
61049.5321
84208.5898
16684.9993
8751.7143 
5928.5719 
