NaN       
53460.08  
50647.59  
46196.52  
42057.64  
31961.73  
37805.92  
80877.21  
187283.47 
281566.19 
143734.04 
70579.44  
58418.07  
102688.48 
92816.94  
74930.18  
56688.66  
57991.2   
90489.75  
261707.49 
645977.73 
560683.13 
247809.72 
128378.57 
65736.97  
72795.71  
59777.82  
45779.47  
50233     
37010.6   
54674.95  
175054.21 
496749.07 
486729.12 
188164.46 
102444.37 
60251.04  
48729.09  
42438.93  
36534.26  
43813.64  
34601.43  
50906.4   
90033.89  
255616.62 
525738.35 
140562.66 
98909.7   
47211.49  
69677.01  
78251.43  
74622.43  
48586.75  
69187.69  
101730.46 
136312.37 
371203.94 
587003.2  
325629.55 
167873.98 
119495.18 
55685.09  
48497.01  
41749.47  
50067.96  
39540.72  
58173.21  
102886.08 
292105.45 
600786.59 
160627.73 
113028.89 
53950.85  
38700.39  
68978.67  
37749.85  
37322.65  
33366.71  
50972.63  
116043.01 
353492.97 
296635.66 
159662.12 
99640.01  
70710.68  
46435.57  
50835.23  
49151.23  
45851.32  
41165.53  
55400.51  
119533.93 
381824.55 
618018.77 
161169.17 
105943.37 
63152.9   
55784.68  
55506.41  
55540.94  
55161.96  
46147.05  
58333.03  
176366.24 
552521.16 
911513.37 
447947.5  
241701.41 
123794.93 
85568.97  
100763.28 
60466.73  
73247.18  
53594.41  
85209.08  
194509.43 
800888.27 
1022519.54
350702.85 
192813.69 
127567.68 
76591.8   
65933.3   
55737.96  
44948.74  
46045.48  
61944.29  
112410.21 
799393.36 
558062.93 
112564.73 
74759.08  
51207.25  
92034.5   
65059.87  
49987.3   
48029.57  
45665.99  
53962.8   
114549.55 
716537.38 
637189.28 
231281.1  
116945.83 
95539.68  
70433.84  
56081.65  
50500.24  
44552.71  
42331.49  
78288.49  
144994.16 
363931.2  
507997.48 
126016.07 
87962.59  
88107.95  
87200.36  
57207.79  
71112.23  
46322.18  
43994.86  
56659.48  
133751.31 
429558.84 
565750.96 
272910.18 
135988.54 
111177.68 
99356.69  
96549.92  
80677.38  
58796.79  
69805.58  
131974.04 
298164.02 
658419.01 
802019.4  
421019.46 
154757.74 
118053.57 
88587.6   
61191.53  
67684.39  
36315.86  
57733.85  
72598.21  
131913.82 
790271.12 
837646.36 
426630.45 
236480.42 
136177.77 
65128.7   
48102.1   
58948.21  
50056.42  
41757.65  
71562     
102382.68 
414035.53 
637801.41 
414244.28 
223194.85 
117056.41 
84710.67  
61210.72  
70354.05  
61476.03  
47636.21  
71898.44  
173129.12 
639932.3  
475458.01 
184874.03 
102383.28 
72404.08  
40447.8   
58755.17  
46288.59  
36388     
36247.74  
62348.04  
111039.23 
247639.67 
212601.87 
99287.11  
64797.22  
58026.79  
41553.15  
46561.38  
41337.25  
40696.99  
33148.35  
43057.24  
108540.15 
235528.32 
146309.18 
75831.3   
51613.49  
42260.16  
53598.39  
68288.8   
50430.62  
40379.94  
36994.14  
45677.87  
125102.11 
573590.04 
677491.73 
367528.79 
177734.23 
85418.46  
81685.12  
79583.65  
59300.14  
51675.4   
56289.96  
80822.25  
170594.03 
433383.63 
302219.95 
110598.33 
133104.73 
96573.53  
74863.44  
61475.78  
47079.82  
51659.84  
38061.87  
56227.97  
180026.54 
510859    
500554.44 
193509.19 
105354.26 
61962.45  
104437.21 
78200.77  
70880.4   
60960.04  
53654.59  
78351.63  
138533.36 
620570.48 
758412.39 
358060.44 
171725.26 
87081.17  
67358.3   
56408.62  
51571.98  
46931.28  
41396.85  
53838.13  
243038.46 
754349.2  
961758.24 
233911.04 
165915.12 
94138.85  
