NaN      
411098.9 
490507.8 
486193.6 
389613.8 
384520.3 
531408   
979905.8 
1652288.2
2475758  
991132.9 
519970.4 
646640.1 
578286   
434323.9 
362214.9 
315017.9 
296961.5 
877586   
2502684.1
3911364.6
2780592.1
1043930.1
563402.2 
398101.1 
563135.4 
529245.9 
386859   
609744.5 
523788.6 
734036.8 
2006753.7
4328115  
3643037.2
1380304.9
699513.9 
426224.6 
358684   
366742.6 
360844.3 
387917.3 
359331.5 
497530.7 
662879.6 
1406263.9
3454823.5
1251768.6
891509.1 
374425.4 
657014.6 
697403.2 
378762.4 
452511.2 
437703.3 
720366.1 
1092849.6
3111410.5
3969439.8
1765238.6
1395677.4
836799.7 
349100.7 
356944   
351203.2 
377553   
349730.9 
484237.7 
645168.8 
1368691.5
3362517.8
1218323.9
867689.8 
364421.5 
254546.2 
441087   
283611.7 
244078.5 
377842   
603814.4 
1216131.9
2250906.5
1496954.8
760817   
577915   
415913.5 
418405.1 
459372.6 
467056.6 
388515.8 
405806.5 
499432.7 
728535   
1987296.4
3284885  
1435308.7
871053.4 
384362.4 
278125.4 
326015.3 
364948.8 
388698.3 
408070.4 
514855.4 
1854794.2
4188519.3
5670160.7
3317868.7
1593850.3
926654.3 
508238.8 
625530.8 
453150.5 
468880.4 
401718.7 
1342408.2
2150722.2
5686346.9
5653190.3
1729017.7
1327256.7
1289574.4
606992.5 
687053.4 
407881   
317935.8 
444336.3 
628569.4 
1608415.1
4233489.4
3391709.9
828824.1 
491994.1 
341041   
820400.6 
634721.9 
462946.1 
440203.7 
434673.2 
580749.5 
836570.7 
4830045.8
4445995.4
1902430.9
976530.2 
1287967.1
577020.4 
478535.7 
407188.8 
401967.9 
407623.9 
822239   
919350.9 
2015341.7
3087630  
847445.6 
567080.6 
485099.3 
589515.9 
448408   
252476.6 
318407.9 
408082.6 
620723.7 
1204474.7
2763603.4
3240729.1
1151104.1
832436   
761461.9 
942458.5 
696668.4 
613235.7 
449887.7 
750535.5 
1291154.4
3191119.6
5250525.3
6037265.9
2662764.5
1189210.4
940509.7 
663366.4 
457588.2 
428997.6 
230438   
370489.5 
700563.4 
1553240.2
5917700  
4669978.1
2091688.1
1288998.3
674922.1 
695380.5 
458662.5 
368697.8 
308663.2 
421225.8 
807387   
1377554.3
3805880  
4050033.7
2252368.4
1463553.1
1018537.3
552518.1 
474693   
435626.4 
488116.8 
517659.9 
758901.3 
1816058  
3702016.1
2427853.1
892957.5 
540957.7 
496319.8 
408181.2 
458384.9 
367165.8 
315597.6 
354174.8 
926785.8 
1526726.4
2521720.6
1782000.8
883502.9 
459618.1 
498402.8 
228511.1 
312945.9 
248733.9 
230567.7 
252888.2 
317150.5 
599527.2 
1443843.6
928054.3 
711562.9 
431855.4 
343690.2 
376354.4 
445391.5 
295662.5 
554827.3 
519695.4 
1161213.6
1986764.7
5743045.2
4799485.3
1841387.7
1005302.6
643071.7 
557168.7 
459278.9 
347930.1 
204472   
383908.2 
656527   
960222.5 
2082967.8
1710271.2
722538.9 
621174.6 
650561.4 
503107.8 
472830.7 
345621.6 
544748.6 
467955.1 
655791.8 
1792843  
3866757.8
3254706.1
1233170.8
624948.9 
380791   
1144991.9
595166   
413552.1 
388965.7 
460271.7 
920027.8 
1636586.1
4770156.1
4078986.9
1922874.9
783638   
543395.8 
357899   
383540.4 
286152.2 
412642.6 
331091.4 
411856   
2428286.3
5317862.6
4780484.7
1522973.9
945607.2 
559484   
