NaN        
638.05762  
487.24761  
337.78429  
192.89477  
160.21968  
280.39241  
1539.36554 
5062.68414 
10705.18832
3211.67636 
1048.04189 
904.75432  
2315.54742 
1199.28248 
669.5776   
464.26926  
366.11427  
482.44253  
2422.01994 
9609.74108 
12779.53005
5988.36827 
2142.31501 
1269.44899 
1774.85906 
1290.75277 
573.85751  
419.5165   
400.43451  
480.99468  
2429.67054 
11633.52117
14140.29391
6615.52695 
2307.03793 
859.65774  
776.9524   
322.72267  
282.68325  
303.87807  
242.42396  
402.03461  
1083.5876  
6286.70093 
17760.2188 
6242.62162 
2304.72046 
633.28505  
1179.95268 
826.47343  
429.79856  
406.74239  
314.72239  
557.81573  
1453.3125  
9090.40556 
18335.10024
8898.1164  
3936.80762 
1396.32953 
776.9524   
322.72267  
282.68325  
303.87807  
242.42396  
402.03461  
1083.5876  
6286.70093 
17760.2188 
6242.62162 
2304.72046 
633.28505  
640.31888  
552.95394  
359.7383   
266.69159  
241.24914  
381.67871  
2458.6969  
10529.81736
8279.88512 
4407.73229 
1866.29237 
979.48834  
554.65271  
460.92001  
445.01142  
396.92949  
352.77305  
465.60041  
1473.45013 
8163.95004 
19295.339  
6689.2562  
2929.41642 
1070.41216 
669.24165  
445.65635  
351.6688   
342.812    
366.856    
359.70208  
1614.68003 
8472.01224 
21412.98125
16073.56479
5179.40875 
1528.58905 
1785.91893 
936.45563  
621.43101  
452.31432  
354.20111  
816.23791  
1961.75889 
13320.4766 
24020.59143
8035.26905 
4168.41484 
1906.58273 
1332.0034  
908.07011  
425.68352  
338.76811  
422.0286   
524.09632  
1371.86087 
17725.09133
14566.12172
4209.5065  
1524.49554 
776.11667  
1135.28997 
848.00505  
613.28439  
349.99828  
373.97998  
534.74032  
963.3171   
13730.56574
17451.17355
8839.69322 
2479.8793  
1492.84787 
844.5295   
588.00779  
378.97686  
328.254    
316.78816  
571.36409  
1555.16222 
6684.26691 
13994.60083
3926.67526 
1796.42449 
1267.85965 
1027.01022 
595.02584  
397.06786  
320.88481  
273.12351  
343.75931  
1003.3913  
7525.0527  
14678.17479
4810.39909 
2183.20792 
1391.94001 
1212.9865  
763.29258  
530.90098  
411.54364  
361.71244  
1126.85523 
3251.60432 
9644.94233 
16825.17645
8504.61205 
2668.02224 
1449.20717 
874.43307  
561.21377  
494.59818  
351.02129  
344.56219  
414.04889  
951.02986  
12777.43861
15920.20985
10978.10949
4767.06252 
2290.99278 
745.1805   
536.36811  
436.30359  
353.4768   
356.67953  
464.55468  
1157.07255 
6414.43573 
14701.83419
10847.70867
4606.39265 
1808.06398 
1101.95563 
544.80054  
449.90241  
409.08252  
369.29605  
458.65465  
2478.0458  
12788.15766
11071.95197
3708.26341 
1289.41211 
1176.95465 
799.76189  
572.08335  
408.03544  
326.92633  
258.97947  
672.03275  
2061.17491 
7691.48941 
8679.90175 
3882.74691 
1421.48653 
982.01257  
380.19263  
256.85925  
186.44154  
166.21257  
147.16055  
212.69935  
1123.08646 
4672.60654 
4201.29131 
2164.84632 
672.93353  
664.35982  
896.79572  
562.21367  
433.44877  
316.99345  
310.39876  
399.59974  
1088.25615 
10918.50608
13093.32382
8122.87013 
3090.10002 
2032.07236 
793.07183  
384.53466  
274.13195  
159.16714  
247.73693  
404.33051  
1730.57436 
9285.261   
8444.84821 
2998.30005 
2551.08169 
1790.10103 
1748.54359 
1271.61504 
565.34904  
413.29641  
394.49735  
473.86307  
2393.64632 
11461.03336
13930.6387 
6517.4399  
2272.83196 
846.91177  
961.376    
673.46779  
473.63143  
336.02614  
305.7056   
395.11453  
773.17195  
10005.56266
15707.45722
9021.34268 
2921.19829 
1290.31381 
927.10133  
714.73745  
489.63661  
389.2647   
325.53901  
322.14998  
2103.11188 
12265.23666
23853.79327
8250.48608 
3068.73296 
974.15967  
