NaN       
1179.7322 
812.5748  
428.8252  
307.8041  
234.1113  
831.3374  
3655.9282 
9014.0728 
17443.6438
5952.9019 
2356.471  
2099.0401 
3884.6467 
2070.1441 
939.3352  
697.8688  
614.8875  
933.4696  
4958.703  
16128.1504
21302.4136
9500.0035 
3561.707  
2462.1188 
2557.9641 
2818.7338 
1265.9309 
956.2499  
949.3291  
1176.6501 
5406.7824 
21712.2052
23400.5252
9971.249  
3711.2884 
1433.1234 
1539.4437 
979.5758  
652.9624  
538.9311  
345.1393  
1020.6246 
3229.4841 
12767.9214
29551.1848
11256.6682
4949.1426 
1337.7213 
1908.9122 
1423.1932 
591.7068  
551.1429  
463.279   
1054.5039 
3705.5508 
16207.2838
27454.9516
13096.1846
8668.582  
2782.9948 
1539.4437 
979.5758  
652.9624  
538.9311  
345.1393  
1020.6246 
3229.4841 
12767.9214
29551.1848
11256.6682
4949.1426 
1337.7213 
1133.176  
644.7076  
452.7398  
358.2102  
541.5799  
1349.7588 
8310.5863 
16865.053 
13968.9393
8086.2996 
3874.9471 
1821.6502 
1119.5751 
842.419   
744.4827  
742.2693  
497.6814  
1001.4233 
4986.9748 
14335.1627
31309.4208
11674.355 
5278.581  
2038.2394 
1007.9299 
736.8115  
672.502   
747.9087  
578.892   
745.6822  
4305.9528 
14475.202 
35821.1567
30216.3772
11915.9448
3131.8012 
3370.6743 
1252.0962 
1031.7713 
608.8428  
539.9785  
1689.2621 
5330.4795 
24297.7514
40255.3383
13313.6441
7700.1048 
3307.1866 
2560.6127 
1304.1909 
781.2628  
613.1117  
746.9354  
870.5522  
4002.4749 
30332.0492
23819.9555
7333.9828 
3258.5433 
1498.6225 
2644.1448 
1876.459  
1021.9725 
689.1429  
529.8315  
933.0501  
5200.9168 
22529.4054
28212.8013
15089.7569
5302.7875 
3038.5023 
1481.1327 
692.8822  
776.1638  
990.4257  
451.2852  
1291.5275 
3691.7845 
10109.275 
21985.6713
6767.3449 
3511.2104 
2711.6179 
1487.8504 
1110.4354 
808.878   
435.6324  
395.3034  
756.8165  
2814.9227 
13807.3531
25527.362 
9065.254  
5044.7636 
2635.3352 
2290.673  
1414.4077 
1156.27   
872.0327  
550.6282  
1610.7862 
8194.4582 
16091.0428
31361.7721
15405.9852
4565.1078 
2532.215  
1806.9468 
1106.2078 
2543.0207 
2036.3979 
759.3071  
1311.1616 
4742.3548 
25402.2413
26520.198 
19058.0894
8293.5943 
4008.5934 
1315.8364 
1058.8502 
838.4998  
652.7562  
552.8604  
773.5341  
1995.7183 
10970.3128
23941.9742
17587.9591
8335.6633 
3980.1871 
2047.9623 
1233.7479 
1000.6693 
643.4379  
544.6799  
989.7887  
4408.3489 
18678.129 
15725.3547
6190.089  
2603.0108 
2144.0504 
1488.0435 
1322.4128 
731.3872  
755.0684  
658.637   
1255.7975 
4666.7578 
12210.6167
15858.9223
8097.3062 
3465.4538 
1788.0194 
737.0472  
506.1758  
528.1344  
367.129   
697.612   
601.9987  
2132.0456 
8533.559  
6818.7264 
4280.5359 
1631.2385 
1115.881  
1717.975  
1293.4966 
697.5781  
643.2008  
528.7893  
1346.3176 
2328.545  
16093.3722
23753.6688
16221.5337
6420.0396 
3508.4674 
1409.6101 
707.47    
373.8155  
339.7234  
476.3623  
997.1431  
3743.9216 
14861.9699
15064.357 
6170.5367 
5374.7189 
4060.1605 
2520.0377 
2776.941  
1247.1612 
942.0718  
935.2536  
1159.2042 
5326.6171 
21390.2828
23053.5704
9823.4073 
3656.2619 
1411.8748 
1597.8417 
1492.1142 
926.0714  
766.8431  
733.335   
1080.0963 
4193.0783 
22900.6998
26834.317 
14689.4136
5574.0026 
2540.9262 
2095.5014 
1418.2433 
631.9429  
517.3518  
1226.3054 
1611.7261 
8385.169  
24717.1099
36313.1728
12902.4265
5727.0951 
2096.5839 
