NaN         
1480.32656  
1274.28825  
649.30643   
671.06893   
1622.38438  
3019.73755  
15943.92924 
37377.44169 
66118.79454 
17582.91037 
5902.84235  
3779.89992  
12481.00514 
4507.30497  
3456.46249  
2916.16814  
2630.83097  
3917.4613   
23415.11355 
83469.40897 
102301.0286 
28837.6835  
8307.6308   
5173.3376   
11793.8947  
6046.8848   
3180.31079  
3337.02897  
2733.72564  
3556.91305  
22267.55248 
76883.75832 
99737.78922 
28462.49435 
12163.76285 
3332.96778  
1842.06725  
1316.84733  
1578.41769  
3474.9644   
2595.77341  
4065.59846  
11439.59875 
50552.89997 
111465.87153
24646.47803 
14977.95194 
3123.66506  
7396.1839   
4619.03009  
2152.18574  
3151.78587  
3454.01381  
4823.22695  
15746.10526 
59277.13635 
115820.49331
39536.17155 
17062.68212 
5253.23875  
1842.06725  
1316.84733  
1578.41769  
3474.9644   
2595.77341  
4065.59846  
11439.59875 
50552.89997 
111465.87153
24646.47803 
14977.95194 
3123.66506  
1988.4253   
2569.91828  
2118.92962  
2011.94654  
1972.96537  
3896.19786  
20884.52894 
84441.54709 
66278.86507 
22171.6493  
9224.056    
3793.15148  
91.89025    
962.70574   
2385.47006  
2865.21244  
2934.93537  
3420.61     
11031.46102 
53097.95702 
115909.12465
27705.5344  
13284.40436 
7216.52438  
2626.63954  
2098.39568  
4371.52067  
4414.636    
3161.5913   
4381.48051  
17774.28223 
68942.88609 
149092.59156
74248.14837 
25226.08345 
9468.97015  
9482.20017  
4923.56838  
3907.10472  
4453.99793  
3063.9048   
5146.32659  
19287.07184 
100850.73425
168219.45835
43079.66077 
26532.5568  
12471.03795 
6973.56449  
3205.22068  
3362.57657  
2451.67757  
3650.57768  
5237.27916  
10248.78417 
115985.62129
96401.20148 
15217.83177 
6556.0632   
2136.30714  
9087.76488  
4556.37252  
3447.14756  
3493.27128  
3393.48763  
4466.81282  
9057.58841  
98763.878   
114085.30208
35711.1877  
12062.61858 
6924.91428  
5028.36627  
2144.38181  
2262.41252  
2500.11032  
3217.48716  
5255.3795   
16392.22492 
57734.76764 
95672.89152 
16831.98606 
8792.32541  
10439.36496 
4254.49718  
3405.0068   
1936.93798  
2330.9629   
1884.55118  
4057.03204  
10361.70136 
69766.41926 
118996.65044
24231.18507 
12221.70338 
5781.21758  
8086.92334  
6234.22001  
3305.86627  
2458.29205  
6045.89948  
6622.12152  
31791.07967 
100198.75317
170222.86646
60817.93101 
20744.71589 
9069.80671  
3865.09854  
4621.05487  
5336.69367  
2219.28301  
2703.67617  
4701.11728  
11714.0078  
117864.9598 
137068.33444
64252.48092 
26351.52432 
13303.13966 
5263.29414  
3649.99288  
3457.48041  
3759.91515  
2613.41806  
4133.89531  
11927.50334 
43370.41357 
104958.491  
59633.89605 
21894.53196 
12671.91151 
478.95657   
1118.60458  
1225.05144  
3651.00176  
3300.69107  
4157.28781  
21814.85637 
109113.17455
76095.02615 
16548.89927 
7701.74406  
6969.95524  
2209.44325  
3038.40644  
2919.56292  
3129.07892  
2928.10109  
7783.92508  
18336.24293 
49025.88521 
51905.66911 
21028.66073 
8798.04332  
7975.63429  
1546.76933  
1280.21771  
1976.70868  
1921.19789  
1391.77001  
3620.2813   
14913.55968 
44790.85105 
34499.08785 
12129.78202 
4152.6162   
4428.87112  
2503.67318  
2364.98031  
1956.53648  
2253.35026  
3373.23532  
4258.60847  
12099.1684  
86506.64014 
126221.15331
51051.99165 
16189.50875 
8029.16576  
3230.13582  
958.38915   
868.93609   
2242.14644  
2383.66492  
3714.95178  
15040.70086 
70653.01861 
65830.19854 
13681.64848 
16471.89871 
9268.29832  
11619.02906 
5957.22888  
3133.15698  
3287.55153  
2693.19326  
3504.17544  
21937.39608 
75743.81873 
98258.99764 
28040.48683 
11983.41325 
3283.55056  
9607.9709   
3958.8713   
3371.68784  
3273.86415  
3149.71127  
3998.61218  
9916.92228  
71080.66568 
127099.02332
64072.37766 
18803.23662 
4423.62576  
6184.63826  
2741.59935  
5710.01764  
3529.79458  
2756.93292  
4223.0875   
23140.02379 
88723.24766 
165457.92955
38366.09768 
18460.60471 
6047.5632   
