NaN       
1296.8614 
1191.7879 
960.1011  
912.1263  
854.3116  
1437.8933 
3500.4343 
4524.628  
2813.8724 
5142.4288 
4450.6483 
2009.9617 
1645.2157 
1393.1442 
848.6146  
707.5514  
779.4113  
1173.0595 
1457.3435 
2641.2432 
3573.8617 
1544.9735 
1456.5964 
2026.8001 
3621.698  
2040.7893 
1297.3879 
999.1195  
1523.0012 
1466.7411 
4238.2931 
6114.132  
3160.4888 
2063.4383 
907.7423  
577.7008  
1832.4367 
1281.3455 
1200.8654 
1126.4778 
958.3766  
1343.2265 
2561.4755 
4113.5871 
3899.2951 
1663.163  
950.524   
1076.4158 
1234.2024 
1075.5578 
1129.6708 
1014.8696 
1129.524  
1488.3192 
5363.2055 
33798.8083
12850.6763
3924.7358 
1681.374  
1181.2468 
1797.7457 
1512.5566 
1288.0026 
806.9182  
1023.266  
1915.293  
4932.4482 
4843.516  
3813.8522 
2308.3485 
1709.5274 
1132.5769 
2164.5699 
1566.5361 
1245.6084 
1171.004  
1169.1982 
1367.5704 
3100.0415 
3376.2758 
1492.8194 
1094.4047 
968.8564  
1047.567  
777.647   
687.0285  
554.1781  
454.4994  
594.4671  
880.1432  
978.412   
923.3188  
1098.5189 
308.396   
1502.3822 
2318.5217 
1042.6258 
1047.1038 
1028.296  
1100.4468 
855.9642  
1214.6638 
2783.7906 
5612.9211 
2543.5597 
1058.6747 
1014.9768 
867.0486  
1617.7733 
1310.1805 
1160.6306 
1167.627  
1138.3766 
2546.6328 
4500.1841 
7760.2781 
4009.6371 
2297.8393 
1385.0291 
1135.0425 
1057.5205 
1180.6852 
944.8862  
847.8764  
683.7788  
923.0427  
1606.2013 
4026.1582 
2723.9257 
1853.467  
2559.6849 
1920.5132 
445.4994  
393.5857  
317.4782  
260.3742  
340.559   
504.2175  
560.5139  
528.952   
629.3209  
176.6743  
860.6866  
1328.2376 
1449.062  
1116.4459 
1447.986  
1159.4197 
1010.1739 
1778.3645 
5172.694  
6155.9319 
3221.2262 
3188.1243 
3427.3079 
2837.9199 
1852.8224 
1098.0593 
537.4128  
663.2291  
782.3755  
1024.6811 
2136.9782 
16838.1719
6611.0365 
1981.4161 
1189.762  
747.1946  
811.9627  
770.24    
656.2684  
568.6142  
470.4319  
970.8027  
1189.9553 
1834.4631 
1408.5449 
1015.5433 
4750.0433 
3054.6626 
819.1529  
719.9312  
636.2126  
499.9033  
599.0375  
712.4369  
1084.4325 
4065.8615 
4982.5088 
2716.8394 
3760.9003 
1289.1137 
924.8347  
993.8874  
539.4756  
874.1096  
930.1236  
1252.3817 
2892.041  
4906.8541 
4715.6416 
2088.165  
2022.1004 
1468.822  
934.6845  
823.5318  
758.036   
706.121   
635.6028  
1027.0642 
2110.9396 
4929.0015 
1963.4294 
2375.0593 
2254.9766 
1511.1478 
1700.9295 
1324.1737 
924.1922  
773.7461  
894.8652  
1343.2603 
2346.9205 
4892.1796 
10025.2547
4895.3537 
2307.1634 
1432.4784 
3625.7971 
2043.0991 
1298.8563 
1000.2503 
1524.725  
1468.4012 
4243.09   
6121.052  
3164.0658 
2065.7737 
908.7697  
578.3547  
1092.0712 
978.1285  
693.8554  
268.4782  
471.489   
766.0917  
1338.6595 
2359.5637 
2588.0628 
1452.7619 
645.3964  
777.7462  
838.1342  
736.6134  
650.9549  
511.487   
612.9183  
728.9454  
1109.5609 
4160.0752 
5097.9629 
2779.7937 
3848.0474 
1318.9848 
750.1418  
856.4077  
598.7159  
465.9581  
480.7196  
855.5842  
2191.9644 
4199.7012 
6544.4619 
3321.5875 
3638.9007 
1391.4548 
1963.8712 
1573.979  
768.0777  
824.3166  
799.1504  
1098.6746 
2765.8523 
17894.13  
10918.0927
4740.3028 
7040.8334 
2552.5108 
1874.5503 
1495.2789 
1097.816  
874.1507  
900.9423  
1384.0146 
2031.8726 
5234.9885 
4618.3746 
2074.4198 
2599.8632 
1529.4683 
