NaN       
5255.3496 
5772.7581 
3922.0587 
3010.3887 
2999.9131 
6830.0713 
11229.4015
22082.2382
20123.7205
10670.7457
5202.4864 
4109.755  
4226.835  
2892.2103 
2416.958  
2125.1802 
2312.8124 
6583.5241 
12239.2348
28791.8774
44908.1092
8870.1432 
4478.829  
4929.2921 
13782.7015
6247.3725 
2999.5117 
2109.7869 
2256.259  
3483.3545 
35981.1463
60965.2415
52479.6775
23011.4738
6788.0955 
4029.4887 
6306.4855 
5320.1664 
3138.3375 
3241.6804 
2934.9634 
3950.8512 
21803.9329
73092.8928
63590.4729
19399.8976
5981.3378 
5844.1247 
3617.1157 
2706.0355 
2798.8531 
2684.3222 
2392.5834 
3120.8993 
10654.853 
46400.8228
57734.2225
20606.6849
5324.1867 
4399.3876 
4456.1475 
3266.2257 
2846.2577 
2735.8948 
2630.0371 
3927.7784 
13328.4968
41305.2924
30108.2186
10543.6786
5766.2824 
4678.5748 
5030.3525 
2762.9247 
2696.047  
2945.0203 
3054.6395 
3808.472  
15574.2068
55251.1634
35829.0358
7522.5703 
3731.0436 
3919.2958 
4250.9306 
2711.8084 
2524.264  
1682.7283 
2192.6474 
3964.9591 
11375.7152
23521.1801
17973.1565
4741.1443 
6009.0291 
6240.3306 
6174.0667 
4108.9941 
3345.4661 
3238.9739 
2865.3286 
5150.1821 
14578.2748
43465.3009
29314.6609
6071.7597 
3930.1171 
3514.077  
4469.4543 
3687.4506 
2425.5751 
2856.4864 
2925.3356 
5022.0559 
14895.1034
69090.7581
58939.2723
18231.9833
6552.6272 
4698.8927 
2919.6938 
3051.7862 
2665.2708 
2462.8532 
2350.0515 
3480.6198 
9394.8666 
22006.9279
25952.7718
11090.7395
6918.6874 
4610.2115 
2435.2783 
1553.5442 
1446.1034 
964.0035  
1256.1265 
2271.4506 
6516.9337 
13474.8426
10296.484 
2716.1126 
3442.46   
3574.9683 
3093.1979 
3022.366  
2808.2777 
2329.7678 
2325.8543 
4324.4764 
12650.9649
26401.3971
44600.5005
11979.1667
5521.341  
5433.3643 
5683.554  
4108.7084 
3739.8567 
3433.7262 
2936.0131 
3948.2597 
9465.8276 
63415.3326
39571.045 
6521.7339 
4006.1835 
2744.4144 
2907.9092 
2282.0602 
1515.9319 
1487.7317 
1553.9091 
2404.6797 
12266.4708
27574.4284
24466.5635
7976.9189 
6800.7519 
3377.2331 
4149.6493 
2817.1859 
2645.2759 
2170.3891 
1976.7687 
3564.949  
8306.4153 
26417.1761
46858.4063
11715.1693
6061.1624 
3359.4886 
3106.0951 
3311.1566 
3385.3452 
2717.3588 
2583.6582 
3536.4779 
10685.9495
32722.3926
49473.193 
12336.2324
6501.9005 
4273.1138 
3583.8484 
3158.6493 
3253.5322 
2828.6149 
2796.119  
4492.151  
9243.1542 
33239.1151
27650.3787
10012.4655
5114.6953 
3793.3812 
4420.9768 
3688.8323 
2810.6035 
2653.5925 
2512.803  
3699.3688 
9831.3128 
28303.504 
46906.5643
27217.2315
8463.4483 
4837.7842 
13798.3008
6254.4433 
3002.9066 
2112.1748 
2258.8127 
3487.297  
36021.8699
61034.2422
52539.0742
23037.5183
6795.7783 
4034.0493 
3499.6469 
2458.5825 
1820.0268 
1728.5016 
1281.3128 
1862.0601 
11393.5349
20651.0596
32585.0383
7653.9616 
2520.8418 
2726.1322 
4245.8045 
2882.4654 
2706.572  
2220.6811 
2022.5741 
3647.5556 
8498.8906 
27029.3117
47944.2036
11986.6317
6201.6109 
3437.3342 
2600.9264 
2682.4947 
2058.2568 
1446.7625 
2114.5933 
3207.6125 
15066.8176
45346.9316
57245.4172
23960.5954
7364.8317 
4561.94   
5386.5144 
3342.1454 
2421.5473 
2837.6382 
2629.5919 
6930.1359 
9291.4964 
27793.7372
44206.4777
14352.001 
9866.0463 
6475.5649 
4247.6257 
4054.6038 
2712.6409 
2388.3189 
2371.1247 
3729.2735 
8952.5845 
21697.8699
48535.8222
14359.2397
7258.4264 
5464.5411 
