NaN      
51454.95 
74744.34 
58885.2  
46290.35 
46111.91 
79314.94 
141256.58
315030.38
270457.67
126306.33
82430.62 
73817.75 
64849.51 
51635.23 
46496.34 
41020.36 
38975.25 
72081.41 
133498.34
335077.02
467721.05
116024.92
80988.5  
81122.34 
166333.12
86927.55 
56629.34 
53222.97 
60824.82 
73682.47 
495628.93
789166.89
695752.1 
316278.03
133005.77
68254.55 
86906.36 
74149.9  
50903.72 
53398.77 
55243.51 
73381.49 
239816.1 
744901.54
690164.04
266055.75
119787.25
76737.91 
81481.32 
66209.24 
63903.38 
70037.16 
67700.48 
73172.91 
124546.76
497929.6 
695763.09
314750.38
139456.21
72571.25 
46262.25 
82456.75 
45125.98 
44615.31 
39886.39 
60932.43 
138717.23
422563.71
354596.78
190859.29
119109.17
84527.19 
89283.07 
64514.67 
74151.53 
64794.3  
50207.45 
75779.27 
182474.05
674473.71
501121.64
194852.91
107909.58
76312.21 
73635.78 
71741.39 
53456.64 
46583.25 
50743.09 
72857.94 
153783.51
390677.54
272438.87
99699.85 
119988.45
87057.07 
80826.65 
65836.94 
74508.13 
52682.51 
41941.16 
71650.75 
144209.44
456811.38
420112.31
167931.8 
85605.36 
77569.92 
69696.23 
67552.82 
53706.52 
55149.81 
49846    
82458.57 
167929.28
781109.83
610366.1 
228318.45
124284.71
75066.84 
51544.09 
48975.65 
43667.54 
42510.04 
45617.98 
62291.32 
124866.76
341415.87
346515.13
149421.73
99450.22 
68090.61 
39798.09 
38774.22 
28891.82 
25176.95 
27425.22 
39377.68 
83115.7  
211150.31
147245.61
53884.99 
64850.41 
47051.92 
62719.74 
70810.28 
57935.28 
42824.67 
46101.8  
57840.14 
128477.77
286640.09
487018.85
251645.09
110076.53
76532.51 
74969.48 
64536.75 
54557.36 
43996.66 
45070.18 
60632.23 
110029.22
782461.16
546242.43
110180.46
73175.58 
50122.61 
55939.69 
46150.11 
37755.01 
34496.87 
32517.87 
46813.03 
148306.8 
335845.22
323840.29
126882.69
103939.57
49291.35 
61113.72 
53224.89 
45819.54 
54948.98 
43395.47 
63844.4  
112916.24
320582.23
659356.09
176287.01
124047.85
59210.42 
46096.38 
50463.9  
48792.2  
45516.4  
40864.84 
54995.83 
118660.79
379035.5 
613504.43
159991.9 
105169.5 
62691.6  
40611.42 
63000.59 
62974.15 
49959.17 
43276.19 
58225.64 
109385.18
443407.8 
386163.83
154194.1 
87836.11 
71860.37 
72701.93 
66505.71 
50990.75 
52592.41 
51506.37 
73650.68 
128923.14
351881.45
607133.34
368067.72
136962.38
76568.5  
160389.43
83821.31 
54605.76 
51321.12 
58651.33 
71049.53 
477918.29
760967.07
670890.34
304976.26
128252.99
65815.57 
63848.67 
45066.16 
39405.8  
37074.21 
38182.41 
52659.32 
149928.1 
306403.54
535119.29
150540.24
69774.22 
55617.22 
61891.98 
53902.69 
46403.04 
55648.74 
43948.1  
64657.44 
114354.19
324664.76
667752.81
178531.98
125627.56
59964.44 
46591.99 
43259.04 
42602.87 
33712.73 
38374.72 
47057.12 
107821.23
460760.48
599778.97
289839.58
128544.74
63972.59 
55254.46 
62054.04 
59176.22 
38529.7  
54866.42 
80673.12 
108096.87
294367.87
465498.5 
258226.99
133125.48
94760.69 
60691.58 
52728.04 
41489.01 
33341.5  
35733.98 
47510.46 
94053.34 
233672.33
551101.63
156007.88
121036.03
64930.57 
