NaN      
405940.2 
455868.3 
365149.9 
313864.9 
352230.3 
921697.5 
1518344.3
2507875.7
1772217.2
878652.3 
457094.7 
495666.4 
814042.6 
675103.4 
574449.4 
567084   
575063.3 
1159989.4
1296992  
2843181.9
4355933.3
1195550.2
800019.8 
684363.2 
712814.4 
486120.9 
325852.3 
293975.8 
695076   
538883   
2759000.6
4111035.2
3100998  
1751462.5
718705.2 
347119.7 
540765.1 
477028.3 
385942.8 
371445.2 
501082   
593039.8 
1520456.4
4091145.7
3347199.7
1430019  
571360.8 
453257.1 
291318.1 
352154.2 
310270   
412863.2 
575792   
668910   
1721235.4
4543073.7
4322301.2
1437066  
539122.9 
597056.7 
378074.2 
655140.8 
421244.9 
362526.7 
561203.9 
896837.7 
1806305.1
3343242.5
2223407.8
1130031.7
858369.7 
617751   
723447.8 
621546.5 
570394   
639123.1 
677805.7 
993678.8 
2377882.9
4847290.4
3178945.9
1169207.3
708311.1 
649863.8 
460385.1 
379499.3 
287492.5 
168953.9 
317221   
542484.2 
793425.9 
1721143.3
1413186.4
597029.4 
513272.7 
537554.9 
785882   
614201.7 
511297.6 
552666.8 
535100.3 
1166805  
1681774  
4170736.9
3253783.1
1049900.3
789750.1 
684113.6 
399476.6 
466918.4 
384873.9 
396785   
371495.2 
882418   
1197827.7
3840168.7
3019724.6
1197406.9
663152.5 
357149   
295295.3 
317572.4 
302845.6 
260413.9 
377400.7 
487203.2 
845613.8 
2240476.5
1993961.7
792080.9 
521589.2 
373457.2 
359159   
296057.7 
224280.8 
131805.6 
247472.7 
423206.7 
618973.2 
1342710.9
1102465.3
465758.9 
400418.1 
419361.2 
469724.3 
515661.8 
383225.1 
415465.2 
426978.7 
746926   
1329359.5
2316496.8
3749240  
1603907.7
890786.9 
786146.8 
643651.4 
728547.6 
432514.7 
337137.3 
471171.7 
666531.4 
1705554.2
4489168  
3596549.9
878880.4 
521707.7 
361637.9 
558157.3 
355371.6 
286217.3 
251654.8 
254929.6 
656551.5 
854923.4 
2188654.7
2112396.7
942044.9 
814592.8 
340497.6 
342492.7 
350187.6 
344555.5 
370406.5 
343111   
475071.8 
632956.7 
1342784.1
3298870.2
1195262.8
851265.7 
357523.5 
353549   
388166.2 
394659.1 
328292.7 
342903.3 
422016.6 
615606.3 
1679249.6
2775701.6
1212824.4
736033.2 
324783.1 
499412   
443236.2 
388295   
351615.1 
380283.8 
816149.1 
1367900.1
3822818  
2264350.1
894986.6 
770511.8 
453737.8 
426989.5 
518250.5 
319922.2 
361965.7 
388543   
742829.9 
1166869.5
3341198.1
4829114.9
3188593.9
953039.5 
538915.5 
1165541.1
794868.9 
532809.4 
480687.3 
1136536.7
881141.5 
4511312.8
6722059.5
5070521.5
2863861.4
1175173.3
567584.4 
351042.2 
315991   
238934.4 
227987.9 
264838.8 
467064.8 
1035089.4
1671073.8
2278676.7
1040872.9
481394   
270110.7 
442612.8 
452557.1 
445278.6 
478686.5 
443411.8 
613948.4 
817987.5 
1735317  
4263221  
1544671.1
1100114.2
462037.5 
631410.8 
542250.4 
637503.7 
464157   
549006.1 
706728   
1055408.7
3484445.3
5107679.6
2598098.4
1583838.3
769281.7 
557782.3 
592070.8 
321556   
384166.2 
371594.7 
611565.5 
927790.9 
2641478.2
3369915  
1498625.6
1184881.1
710413.5 
250308.4 
325159.6 
228519.2 
308337.8 
381883.9 
567832.7 
730754.7 
2345800.5
4397152.7
1318170.6
1267095.6
387005.7 
