NaN        
867.52543  
620.55576  
442.60813  
354.62667  
280.92271  
728.97384  
2235.8175  
8343.18649 
9415.34664 
4211.73063 
1541.92856 
1065.21814 
867.12742  
603.7417   
389.11752  
337.03742  
325.26478  
586.65265  
1596.77525 
6863.12454 
14369.0684 
4031.74525 
1844.49322 
1301.78504 
2551.20947 
1141.71589 
755.11374  
528.69289  
487.691    
630.78522  
3855.34427 
9625.39262 
13035.35581
8546.33639 
2319.2768  
841.55439  
1056.14223 
698.7518   
467.04515  
385.85622  
352.46482  
436.81849  
2123.60634 
14507.92091
17719.16505
7879.9813  
2311.62236 
1627.12939 
666.28322  
427.70652  
342.20781  
310.21964  
263.77214  
345.7316   
1475.94491 
9560.63391 
21034.03207
8387.88126 
2060.90704 
1026.78668 
654.41196  
565.12416  
367.65594  
272.56133  
246.55891  
390.07925  
2512.81149 
10761.57295
8462.12092 
4504.7441  
1907.36846 
1001.04635 
1133.6323  
560.4613   
462.83524  
420.84195  
379.91179  
471.83907  
2549.27936 
13155.76429
11390.22479
3814.86065 
1326.47738 
1210.78723 
813.59882  
394.48752  
281.22727  
163.28684  
254.14907  
414.79575  
1775.36662 
9525.59035 
8663.42525 
3075.90471 
2617.11105 
1836.43401 
1083.42467 
657.95746  
405.9289   
364.91925  
280.55022  
515.42563  
2517.68239 
11670.82617
11414.06101
3125.20526 
1613.88599 
673.20617  
872.12425  
604.23944  
463.47481  
404.71593  
395.01401  
538.74537  
1571.01241 
13071.94974
15720.36296
7315.87879 
2287.18624 
1097.91713 
483.64648  
403.42161  
407.9058   
350.47707  
274.00653  
323.03162  
899.74643  
6326.42291 
10503.94722
6165.20005 
2626.46412 
1127.84026 
466.09549  
225.9945   
161.10983  
93.54397   
145.59723  
237.6287   
1017.07421 
5457.03192 
4963.11372 
1762.12807 
1499.2938  
1052.05857 
526.19949  
467.1563   
397.07011  
277.93253  
250.66065  
395.72124  
1931.76534 
7671.20092 
17562.69081
6447.39998 
2275.16857 
1476.0746  
1277.58396 
870.9706   
408.29208  
324.92763  
404.78648  
502.6842   
1315.81305 
17000.92693
13971.01805
4037.52573 
1462.21178 
744.40817  
1103.37362 
745.41418  
434.03312  
301.73015  
169.90017  
343.66827  
1476.64447 
6325.1501  
9486.97484 
4696.01137 
1894.37851 
626.94059  
748.18534  
310.77369  
272.21676  
292.62683  
233.44809  
387.14907  
1043.46721 
6053.93261 
17102.63759
6011.48536 
2219.38701 
609.83735  
554.65271  
460.92001  
445.01142  
396.92949  
352.77305  
465.60041  
1473.45013 
8163.95004 
19295.339  
6689.2562  
2929.41642 
1070.41216 
1104.69042 
536.2697   
402.62632  
327.69252  
279.23183  
365.58592  
1576.54175 
11360.06082
10572.14294
4816.29156 
1828.93579 
1407.30571 
878.53029  
668.68961  
517.58165  
399.61228  
343.31858  
512.01214  
1204.09016 
7029.72205 
15600.16194
11482.2009 
2904.78859 
1218.55266 
2554.09694 
1143.00809 
755.96838  
529.29126  
488.24297  
631.49914  
3859.70776 
9636.28668 
13050.10928
8556.00917 
2321.90176 
842.50686  
806.56304  
520.52207  
289.25771  
243.28244  
238.53888  
265.09719  
1051.49142 
5462.22761 
10925.76517
3308.67963 
991.93782  
625.91943  
765.5222   
317.97491  
278.52453  
299.40755  
238.85752  
396.12004  
1067.64631 
6194.2136  
17498.93785
6150.78277 
2270.81437 
623.96843  
658.23349  
427.68069  
355.52606  
297.19435  
240.65385  
378.59476  
1476.14774 
11148.68108
17279.10822
9634.0231  
3302.43277 
1069.14284 
1169.97718 
819.48629  
426.16498  
403.30372  
312.06168  
553.09987  
1441.02597 
9013.55385 
18180.09244
8822.89033 
3903.52523 
1384.52475 
1005.36035 
671.04522  
427.6951   
430.54342  
414.05546  
550.21913  
1188.65788 
5276.84809 
16462.57663
7164.81118 
3602.82431 
1227.77745 
