NaN       
1614.1249 
1434.4603 
793.3573  
819.0451  
714.4431  
1362.2007 
5062.1705 
13245.2178
17202.6429
8783.3879 
3759.0805 
1939.5176 
1520.7648 
711.4224  
796.9324  
1016.9275 
463.3607  
1326.0862 
3790.5692 
10379.779 
22573.964 
6948.4255 
3605.1634 
2784.1754 
4050.9211 
2088.2532 
1147.6207 
799.9636  
1096.1612 
1140.6692 
7912.5127 
16159.8177
20511.9338
13844.2409
4259.9958 
1725.034  
1583.089  
1339.5791 
595.7822  
730.8692  
503.3117  
1257.92   
6096.0137 
19632.1026
27889.907 
13120.3061
4915.8596 
3062.7864 
1253.6435 
968.8829  
993.6697  
789.4009  
782.8092  
1335.3385 
6470.781  
24920.2049
32143.1071
14424.2297
4060.1405 
2137.431  
1158.1166 
658.8972  
462.7043  
366.0942  
553.4998  
1379.4663 
8493.4978 
17236.2438
14276.3882
8264.2747 
3960.2325 
1861.7437 
2106.8327 
1269.213  
1029.4344 
661.9341  
560.3372  
1018.241  
4535.0707 
19215.0479
16177.3936
6368.0285 
2677.8366 
2205.683  
1446.0949 
725.7813  
383.4909  
348.5164  
488.6919  
1022.952  
3840.8251 
15246.6405
15454.266 
6330.248  
5513.8321 
4165.2492 
1868.7278 
1968.5734 
1238.3647 
721.3723  
404.7964  
1139.8165 
4476.0716 
17481.2659
18701.8558
7565.0522 
3365.3078 
1698.6717 
1486.8029 
1124.7292 
970.9876  
753.6144  
855.8937  
1127.7178 
4529.2651 
20029.9667
23993.2981
12946.9314
4131.5323 
2090.5458 
884.8303  
470.0919  
571.2113  
625.61    
615.3393  
933.4203  
2858.4885 
10174.0712
14512.7908
8749.7262 
4617.4161 
2174.7414 
828.4406  
415.7865  
219.6947  
199.6585  
279.9624  
586.03    
2200.3366 
8734.5142 
8853.4589 
3626.4802 
3158.7709 
2386.1931 
1193.398  
542.3635  
498.4458  
372.0571  
415.0371  
1074.925  
6567.6089 
14163.1833
27481.8021
11337.723 
4326.4673 
2660.0276 
2455.998  
1250.9077 
749.344   
588.0628  
716.4191  
834.9856  
3838.9525 
29092.8234
22846.7834
7034.3505 
3125.4144 
1437.3958 
1474.0262 
877.8938  
581.1395  
409.657   
241.5197  
444.6206  
3012.8016 
12042.8936
15000.681 
8996.6709 
3956.5562 
1530.683  
1482.4451 
943.3065  
628.7862  
518.9769  
332.3603  
982.8354  
3109.9108 
12295.1825
28457.037 
10839.8843
4765.898  
1288.1915 
1119.5751 
842.419   
744.4827  
742.2693  
497.6814  
1001.4233 
4986.9748 
14335.1627
31309.4208
11674.355 
5278.581  
2038.2394 
1362.9674 
741.2793  
716.1138  
445.3291  
409.8768  
963.4075  
3198.8156 
16455.4589
14461.9403
7826.6104 
3560.6173 
2303.5956 
1742.3622 
1312.7434 
879.8261  
536.8651  
514.6272  
984.3637  
3947.0773 
11369.4093
26661.3425
17200.2929
5302.385  
2366.2454 
4055.506  
2090.6167 
1148.9196 
800.869   
1097.4018 
1141.9602 
7921.4682 
16178.1075
20535.1493
13859.9098
4264.8173 
1726.9864 
1036.7189 
610.4913  
366.7497  
329.6686  
432.4934  
629.5939  
3168.2314 
8872.0938 
18236.4639
6377.8839 
2107.2682 
1291.4149 
1516.7961 
965.1647  
643.3563  
531.0026  
340.0617  
1005.6096 
3181.9733 
12580.085 
29116.4401
11091.0648
4876.3328 
1318.0413 
911.0576  
1038.5876 
839.9767  
450.774   
474.7895  
730.2694  
5194.1557 
20551.2776
31115.0031
18952.1563
6706.4307 
2651.6061 
1892.7739 
1411.1613 
586.7044  
546.4835  
459.3623  
1045.5889 
3674.2235 
16070.2649
27222.8432
12985.4674
8595.2965 
2759.4669 
1810.9204 
1403.2504 
856.4919  
896.997   
585.4738  
1243.3542 
2860.6117 
9318.0411 
25705.9923
11361.2967
6093.5634 
2456.7906 
