NaN         
2396.64856  
3295.8495   
3166.93641  
3394.20462  
3176.19802  
8443.45419  
19889.86606 
53179.83046 
56303.61738 
22810.41143 
9543.4983   
8651.40686  
5162.91531  
2201.76118  
2322.95016  
2567.00827  
3303.58069  
5396.00296  
16830.84812 
59279.6347  
98232.90698 
17282.37638 
9027.59048  
10718.70152 
22296.67602 
7746.41393  
4327.78897  
4681.53534  
4700.76821  
3946.38696  
41894.53878 
85540.26106 
113049.10747
55134.13385 
13889.92659 
3598.15932  
5133.86857  
3163.67972  
1956.0421   
4194.48792  
3471.63985  
3911.95385  
14271.65995 
105603.09293
120783.28338
32401.47397 
8566.71764  
7297.3396   
1791.8824   
1596.74634  
2430.2536   
4757.79999  
3920.43016  
4980.35592  
12305.50886 
66411.16143 
122261.99642
32248.12212 
8210.1611   
3580.87333  
2032.18947  
2626.4808   
2165.56612  
2056.2284   
2016.38928  
3981.95107  
21344.18615 
86300.05997 
67737.62711 
22659.63534 
9427.0725   
3876.63669  
492.72459   
1150.75984  
1260.2666   
3755.95296  
3395.57229  
4276.79264  
22441.94326 
112249.727  
78282.44341 
17024.61168 
7923.13734  
7170.31263  
3313.74106  
983.19502   
891.42667   
2300.17966  
2445.36104  
3811.10546  
15429.99761 
72481.72266 
67534.07408 
14035.76903 
16898.239   
9508.18863  
6310.69186  
2702.86997  
2251.57767  
2582.58437  
2936.19001  
4696.94714  
22415.10601 
85337.7916  
73291.00958 
12180.00829 
6580.89431  
3216.7072   
2784.59084  
3089.71683  
2374.28927  
3183.81049  
2603.57163  
4185.2815   
16268.74401 
103919.3777 
110845.46292
34898.57628 
8478.83072  
3765.11971  
1471.26353  
2111.34006  
1223.09884  
2371.69168  
2811.66409  
3254.67817  
11804.50647 
49366.18947 
69549.76576 
25418.71134 
12003.88302 
7074.23973  
1898.38005  
563.25397   
510.68161   
1317.72975  
1400.90144  
2183.31078  
8839.55601  
41523.41845 
38689.00345 
8040.82863  
9680.68395  
5447.0628   
2185.80297  
1951.13901  
2567.51944  
1896.80564  
2420.03199  
4959.44796  
22093.6416  
49461.85801 
117911.7906 
29087.55758 
9342.99788  
6035.98921  
6688.65723  
3074.27034  
3225.19741  
2351.51348  
3501.43214  
5023.3084   
9830.06674  
111246.99079
92462.69886 
14596.10228 
6288.21309  
2049.02761  
7066.92115  
2915.32751  
3011.29512  
3040.76256  
2303.87561  
3326.34456  
17029.37751 
54038.33269 
71480.11371 
26010.33601 
11257.01436 
2911.18821  
1773.86377  
1268.09038  
1519.97596  
3346.30206  
2499.66357  
3915.06759  
11016.04174 
48681.15295 
107338.79052
23733.92955 
14423.3856  
3008.00976  
91.89025    
962.70574   
2385.47006  
2865.21244  
2934.93537  
3420.61     
11031.46102 
53097.95702 
115909.12465
27705.5344  
13284.40436 
7216.52438  
3724.17884  
2162.26609  
3317.51757  
2401.93813  
2842.57942  
3735.23819  
13180.12025 
73732.26388 
58255.43269 
15380.25743 
10579.7277  
5863.34604  
3525.81598  
1668.46505  
2001.85765  
3549.54804  
3081.74697  
4349.11258  
9968.56017  
50713.03006 
103782.33877
73223.96902 
14721.26786 
3055.4037   
22321.9115  
7755.18135  
4332.68718  
4686.83392  
4706.08856  
3950.8535   
41941.9552  
85637.07589 
113177.05693
55196.5349  
13905.64727 
3602.23173  
4302.32847  
2434.3318   
2038.43449  
1611.60321  
1808.22214  
3586.6873   
9209.41919  
33133.51585 
79493.23087 
17852.8267  
3648.21383  
4830.17358  
1814.96752  
1297.47442  
1555.19666  
3423.84217  
2557.58547  
4005.78707  
11271.30413 
49809.18675 
109826.03202
24283.8893  
14757.60255 
3077.711    
3938.5957   
1798.64846  
5010.21573  
3298.9582   
2819.68009  
3363.78247  
10186.73984 
70809.12081 
113247.67967
57941.23999 
18080.61477 
5682.41903  
7333.65541  
4579.98009  
2133.99083  
3125.14018  
3424.81304  
4782.45063  
15612.98523 
58775.99819 
114841.32878
39201.92659 
16918.43154 
5208.82705  
5887.89118  
3902.13906  
3679.53824  
2722.33602  
3545.10326  
3601.74746  
8766.70089  
38369.43705 
126700.07419
30124.75934 
14609.08287 
5184.78937  
