NaN       
2015.21   
1368.6    
1287.27   
1186.12   
967.93    
1299.17   
2304.7899 
3746.7799 
4272.3999 
2092.56   
1166.28   
1273.39   
1201.6267 
1193.8023 
892.4114  
698.6672  
818.0455  
1769.1741 
2064.6844 
3487.4653 
4845.6483 
3143.0256 
2949.2715 
2070.5552 
1105.5438 
1078.3411 
1062.7953 
1117.2007 
833.5267  
1132.7367 
2415.093  
4929.2696 
2687.1002 
1284.2861 
1200.7483 
988.965   
2112.4    
1644.3    
805.29    
848.93    
789.42    
1039.34   
2434.12   
15941.1603
11700.5002
5833.3901 
8449.5902 
2953.3901 
1356.6899 
1180.1699 
840.2     
319.34    
537.92    
837.02    
1360.6599 
2427.7699 
3203.3098 
2064.7899 
894.55    
1039.3399 
1105.5438 
1078.3411 
1062.7953 
1117.2007 
833.5267  
1132.7367 
2415.093  
4929.2696 
2687.1002 
1284.2861 
1200.7483 
988.965   
1679.5083 
1153.0622 
618.3098  
577.5949  
967.4221  
856.3775  
2990.283  
13679.002 
11826.8557
3380.3251 
2280.5393 
1067.807  
2095.0944 
1205.9091 
592.3273  
718.039   
812.459   
1019.0228 
1977.0594 
15769.2453
7447.9    
2563.2871 
1500.9917 
908.8528  
1287.27   
983.8     
767.6     
706.12    
585.12    
779.5     
852.89    
971.9     
625.79    
186.29    
243.45    
670.41    
1150.4101 
890.98    
765.62    
524.63    
425.85    
657.72    
1048.4601 
3314.3802 
2862.1502 
1420.1701 
2614.2201 
1001.6501 
759.27    
570.45    
695.6     
420.89    
666.45    
703.74    
3000.1999 
21998.6794
21695.2094
11137.1897
8782.8098 
4760.3299 
2112.4    
1644.3    
805.29    
848.93    
789.42    
1039.34   
2434.12   
15941.1603
11700.5002
5833.3901 
8449.5902 
2953.3901 
2983.1401 
1646.2801 
1180.1701 
1100.83   
789.42    
1908.1001 
8054.8804 
19041.3209
20657.8509
10589.7505
8376.2004 
4276.3602 
1622.0298 
1214.4856 
902.0716  
878.0918  
679.1003  
807.7612  
796.7858  
3223.7382 
4746.1698 
4067.2745 
5591.7351 
4583.5579 
915.8736  
817.4476  
660.9109  
616.7535  
554.0828  
893.0876  
2022.6174 
2646.4947 
1979.889  
4154.9139 
3506.8214 
1526.9324 
4096.6704 
3852.9906 
2340.9515 
1768.2142 
1426.6509 
1595.3482 
5819.0614 
16544.952 
17034.3906
8287.0556 
4273.6944 
2697.0997 
1201.6267 
1193.8023 
892.4114  
698.6672  
818.0455  
1769.1741 
2064.6844 
3487.4653 
4845.6483 
3143.0256 
2949.2715 
2070.5552 
1916.0298 
1620.4998 
1289.2599 
1217.8499 
1253.5499 
2223.4698 
8616.1992 
20096.5281
9401.6491 
4357.6896 
3183.4697 
2286.9398 
1203.524  
932.1162  
800.9684  
548.852   
445.5113  
688.0867  
1096.867  
3467.4037 
2994.2944 
1485.7387 
2734.9176 
1047.8958 
1825.6745 
1544.081  
1228.4615 
1160.419  
1194.4355 
2118.6163 
8209.88   
19148.8243
8958.29   
4152.1915 
3033.3449 
2179.0932 
2163.9699 
1876.3599 
1495.5399 
1396.36   
1051.24   
2372.2299 
9352.0697 
19029.4193
8427.7697 
5014.2198 
6472.0698 
3016.8599 
2162.8591 
1875.3968 
1494.7723 
1395.6432 
1050.7003 
2371.0122 
9347.2691 
19019.6512
8423.4436 
5011.6459 
6468.7475 
3015.3113 
1690.5067 
1602.7943 
1379.5181 
1327.6867 
1517.0719 
2035.3862 
4597.067  
7182.6785 
6484.9392 
4044.8618 
2450.0477 
1560.9332 
820.17    
696.79    
389.55    
454.61    
460.17    
1346.78   
10155.3699
7679.9999 
5587.4399 
2570.58   
1604.63   
1931.9    
1080.9901 
831.4701  
718.0201  
759.6701  
612.1001  
714.0501  
791.4101  
1225.7901 
681.7201  
1249.3901 
1124.6301 
758.8801  
