NaN        
6646.9174  
5499.623   
3242.0659  
3386.5439  
2956.6803  
3369.5849  
18288.2414 
66602.565  
73552.9178 
26955.688  
7180.9146  
6414.7292  
3040.5111  
2842.4355  
2438.0452  
2093.1891  
2225.2916  
4344.823   
11345.0438 
27383.7593 
30293.0485 
12369.1419 
7643.57    
4495.2437  
6305.7159  
4115.9816  
3348.9528  
3278.8697  
2797.0893  
4256.3616  
11848.7748 
38378.5622 
32856.6235 
8175.1506  
4572.1148  
3737.6647  
5419.4899  
3298.0007  
2387.9919  
2829.8359  
2528.7607  
5642.1573  
7439.4439  
24175.7779 
48810.2992 
19036.2388 
11306.8671 
6785.0683  
4164.4119  
2869.3866  
2122.7387  
2038.6979  
1457.315   
1792.9823  
10789.2727 
21244.9013 
42552.263  
12006.9813 
3416.8318  
3378.3321  
6305.7159  
4115.9816  
3348.9528  
3278.8697  
2797.0893  
4256.3616  
11848.7748 
38378.5622 
32856.6235 
8175.1506  
4572.1148  
3737.6647  
4719.04    
2616.6707  
2652.0729  
3531.266   
3293.6388  
3219.8718  
22489.1858 
55406.988  
97013.1584 
23091.0442 
10465.0416 
6481.4974  
6069.8052  
4303.6298  
3914.7049  
3634.7459  
2996.9642  
3412.0338  
8044.8432  
58550.6829 
46377.4916 
9181.9715  
4873.4235  
3052.3226  
4342.1534  
3093.5022  
2857.109   
2293.875   
1943.0736  
3077.8524  
7008.6481  
12891.384  
11735.5802 
3394.9342  
2473.798   
2794.8866  
2635.0961  
2464.5352  
2333.6838  
1987.7421  
2079.1615  
2854.352   
12631.2884 
54565.8748 
44078.2116 
9481.9705  
5610.8778  
2385.1754  
2129.5024  
2231.3154  
1907.6879  
1866.0148  
1655.6252  
2071.862   
7991.5303  
45479.6679 
102949.2791
61082.5515 
16071.8022 
8151.539   
5419.4899  
3298.0007  
2387.9919  
2829.8359  
2528.7607  
5642.1573  
7439.4439  
24175.7779 
48810.2992 
19036.2388 
11306.8671 
6785.0683  
5857.3075  
4082.4938  
3708.7038  
3032.8468  
2872.5009  
2997.243   
5798.6952  
31204.7975 
98348.9214 
76336.2855 
21818.4713 
8641.3444  
2470.5181  
2878.4903  
2384.1103  
2372.2803  
2007.5424  
3270.8112  
6349.2733  
24506.0425 
60281.0313 
40055.7607 
13587.8087 
7398.8095  
3690.9396  
3976.4314  
2699.8443  
2095.6152  
2013.7836  
3881.6236  
6276.1912  
13407.9178 
15510.242  
9879.801   
4161.9306  
3005.9187  
6747.1365  
4219.4987  
3164.8896  
3335.4856  
2943.6832  
3098.3673  
10073.3124 
62192.6553 
67959.4736 
26818.471  
7971.238   
5849.0444  
3040.5111  
2842.4355  
2438.0452  
2093.1891  
2225.2916  
4344.823   
11345.0438 
27383.7593 
30293.0485 
12369.1419 
7643.57    
4495.2437  
6073.2301  
4604.5101  
3545.7391  
3047.8218  
2698.6073  
3223.8175  
11201.6214 
30312.5367 
29841.0793 
10411.2573 
5390.8873  
4117.1053  
2756.7574  
2578.3218  
2441.429   
2079.5153  
2175.1555  
2986.1362  
13214.4696 
57085.158  
46113.2838 
9919.749   
5869.9296  
2495.298   
5786.8312  
4387.3725  
3378.5306  
2904.0939  
2571.3475  
3071.79    
10673.38   
28883.0706 
28433.8461 
9920.2875  
5136.6661  
3922.9526  
5915.5226  
3852.269   
3539.1541  
3293.4385  
2929.9626  
4603.3995  
6808.6915  
25995.2982 
36543.6158 
20557.8381 
7877.4196  
3962.0358  
5912.486   
3850.2915  
3537.3374  
3291.7479  
2928.4586  
4601.0365  
6805.1964  
25981.9543 
36524.8573 
20547.2854 
7873.376   
3960.002   
3619.0754  
3154.2387  
2743.4472  
2830.7648  
2619.0496  
3009.1679  
14572.3307 
38362.9282 
65382.3431 
18078.571  
5908.6903  
4370.9237  
2835.5681  
2682.7198  
2226.5352  
2025.9838  
1851.8923  
3134.858   
10798.7146 
52936.5473 
70315.9306 
22529.8513 
10527.1936 
8132.081   
2507.4979  
2594.4544  
2128.7688  
1920.2438  
2073.6871  
2734.0926  
8015.234   
15793.8171 
12402.314  
5324.6793  
2181.9861  
2586.4609  
