NaN       
93692.28  
77857.99  
54586.53  
57262.09  
58006.13  
67244.65  
186669.09 
670416.53 
786091.17 
372480.91 
143745.81 
85947.12  
52168.25  
36404.71  
42862.35  
40532.21  
38048.01  
63214.66  
126275.26 
298618.76 
343332.57 
209918.33 
115172.91 
61138.53  
85168.07  
67566.63  
78092.57  
55216.95  
43043.05  
64174.41  
109712.92 
401839.62 
467687.75 
229791.69 
100405.05 
84915.06  
67589.2   
73929.96  
72001.4   
46880.2   
65366.77  
83879.87  
95469.56  
300603.46 
601584.46 
410195.34 
181260.64 
120422.4  
49425.18  
33977.19  
30341.74  
28546.45  
28787.25  
34648.99  
83795.62  
198008.5  
437638.39 
151331.1  
60120.66  
44727.52  
86600.42  
68702.95  
79405.91  
56145.58  
43766.94  
65253.69  
111558.06 
408597.7  
475553.25 
233656.29 
102093.64 
86343.15  
67961.24  
55431.43  
51756.85  
47099.51  
40679.71  
46172.05  
177046.39 
635383.95 
1025190.27
306478.53 
186332.46 
98675.25  
78396.4   
65729.31  
56747.75  
45763.06  
45903.02  
53893.21  
83073.3   
683074.36 
603483.46 
149621.94 
85174.6   
54452.07  
76461.61  
60368.29  
73845.98  
57237     
47887.36  
68248.36  
94595.46  
247869.84 
241726.15 
120034.28 
94795.92  
53447.65  
47455.2   
52014.95  
52140.68  
46482.9   
39476.67  
57893.81  
136228.99 
639324.48 
586345.61 
160003.21 
105403.49 
50845.68  
44133.68  
47696.69  
42973.49  
45577.22  
42654.07  
50361.21  
85292.69  
418112.33 
1158337.77
824713.41 
242728.54 
110300.71 
57505.11  
62899.84  
61259.02  
39885.82  
55614.26  
71365.26  
81225.81  
255754.39 
511829.99 
348995.51 
154217.13 
102455.77 
115020.15 
69841.16  
64600.92  
60895.29  
52475.33  
64255.1   
76632.59  
326224.07 
1046361.15
879029.19 
371121.33 
148644.75 
59777.98  
43000.47  
53817.46  
45699.59  
37328.9   
55830.33  
67848.01  
317248.79 
618475.62 
493746.93 
228026.47 
111617.7  
46909.8   
66367.45  
53398.17  
41976.92  
40943.96  
61462.52  
92979.44  
239763.16 
260497.8  
149534.24 
83648.34  
69914.35  
99440.79  
68464.83  
53722.64  
51618.62  
48055.96  
49559.55  
89361.24  
646318.18 
727362.22 
324513.82 
140647.17 
107242.48 
62666.4   
43730.66  
51487.81  
48688.76  
45704.64  
75935.74  
151686.41 
358711.67 
412423.52 
252161.5  
138349.88 
73441.81  
110277.84 
90535.84  
72006.39  
43219.14  
39243.01  
45924.4   
135956.29 
349573.34 
349958.71 
190389.49 
97593.05  
43475.41  
42966.89  
47095.38  
47209.22  
42086.54  
35742.97  
52418.22  
123344.45 
578857.19 
530889.06 
144870.11 
95434.43  
46036.69  
79355.83  
65149.51  
51815.73  
31100.45  
28239.23  
33047.15  
97834.02  
251552.64 
251829.96 
137004.1  
70227.86  
31284.87  
108666.67 
83972.7   
70572.92  
59851.78  
40631.01  
65102.54  
114169.09 
330746.52 
401058.36 
330104.66 
163309.15 
78384.51  
116069.56 
89693.32  
75380.68  
63929.16  
43398.98  
69537.64  
121946.83 
353278.55 
428380.37 
352592.97 
174434.54 
83724.43  
68690.4   
65435.77  
54778.34  
55430.26  
46743.36  
68743.66  
123025.92 
368236.47 
526319.66 
327665.07 
114843.98 
62773.88  
51396.27  
97834.4   
60421.27  
53641.31  
35927.64  
70608.04  
114021.94 
603551.28 
894852.87 
470875.33 
193767.09 
116184.3  
52366.98  
57150.47  
51817.79  
51015.2   
40687.01  
46123.12  
98761.08  
247793.72 
194802.04 
124102.68 
72401.76  
55329.12  
