NaN      
855255.5 
738895.9 
604035.7 
581345.6 
768234.1 
825032.2 
1919719.8
5639353  
5714915.2
2864780.6
998212.1 
740231.6 
494821   
345342.1 
317906.3 
270824   
439487.3 
1056989.8
1558949.5
2158679.6
2309024.4
1298383.6
896654.6 
415811.7 
455446.6 
348612.6 
293228.6 
316953.7 
300616.5 
594810   
778080.3 
2106638.6
2035680.7
770709.2 
505585.9 
409396.5 
549159.6 
570899.1 
313287.3 
374287.5 
354650.7 
529635   
729223.4 
2266616.1
3581737.1
1868914  
1288646.3
722238.8 
412533.4 
363685.8 
277863   
265133.1 
301702.5 
482810.5 
971078.3 
1711561.3
2890835.5
1549386.5
624921.6 
327776.1 
689297.4 
527609   
443787.9 
479694.8 
454969.2 
900217.5 
1177588.6
3188300.1
3080908.7
1166432.7
765181   
619602.7 
499218.7 
523954.2 
394984.4 
569582.7 
447688.3 
505330.6 
2704001.3
6464941.3
7198520.3
2690823.3
1457022.6
805849.2 
845790.7 
937609.5 
562426.1 
438400.9 
600190.3 
770429.1 
1789181.5
5141326.4
5101985.6
1462865.3
757294.2 
490706.6 
456922.3 
553091.7 
465552.7 
460401.2 
422565.9 
626911.6 
1019404  
1358779.9
1748316.8
1074698.3
628220.9 
879970.3 
261607.8 
318818.3 
389240.8 
441116.6 
325194.9 
596649.8 
1154168.9
3269042.7
4105777.8
1337805.7
817405.6 
346264.4 
248120.6 
390005.9 
330505.7 
378012.9 
423896.8 
651375.4 
1111992.3
3591992.6
8537822.5
6280704.9
2570496.8
1293780.3
529485.7 
550446.4 
302063.6 
360878.5 
341945.2 
510660.6 
703098.6 
2185413.5
3453419.7
1801959.3
1242480  
696364.3 
702658.9 
503894.4 
434643.3 
332484.9 
384535.2 
780445.8 
1001940.3
3029097.3
5968312.6
3492738.6
1529762.7
603960.7 
581458.5 
375613.6 
305083.8 
255407.4 
341435.5 
593851.5 
919563.2 
2773629.2
3655912.4
2385601.9
1351854.1
879445.5 
372133.9 
409287.4 
331253.7 
284729.3 
313012.3 
743233.6 
1111178.9
2003734.7
1753860.3
1020273.2
462880   
469204.7 
894638.1 
677886.2 
499579.1 
475037   
459496.1 
557070.5 
728283.9 
4590603.6
5233971.7
2627802.2
1176338.3
1450313.8
549843.2 
383742.8 
353256.2 
300938.6 
488356.6 
1174523.1
1732298.7
2398716.5
2565779.1
1442758.8
996359.1 
462048.4 
851980.8 
678111.2 
444283.9 
296223.6 
472315.4 
743435.8 
1574901.7
2710162  
2215388.7
976866.2 
713223.7 
415999.4 
339777.3 
414082.5 
505547.5 
572924   
422364.5 
774931.2 
1499039.3
4245845.9
5332600.9
1737547.5
1061649.7
449729.6 
667502.9 
531280.9 
348083.8 
232082.8 
370045.7 
582460.9 
1233890.9
2123335.2
1735694.4
765347   
558790.6 
325923.8 
736122   
489592.2 
349441.3 
379411.4 
339260.8 
635397.5 
1164159.7
2974926.4
2737224.1
1825572.5
862698.2 
527706.3 
550973   
366450.3 
261550   
283982.1 
253930.1 
475582.7 
871351   
2226674.7
2048759.1
1366405.6
645712.8 
394977.9 
592248   
729604.7 
391961.4 
368971.3 
541078.2 
874288.1 
1462172.1
2632012.2
3283473.5
1520415  
940260.9 
571300.5 
511826.9 
603520.2 
418361.5 
410298.7 
391567.7 
754544.8 
1027486.6
3303278  
4251444.2
1707282.5
857139.9 
979762.2 
410394.4 
550446.5 
442060.1 
409774.4 
440271.1 
501024.9 
859566.7 
2260014.9
1799319.8
1618712.3
856756.9 
637377.9 
