NaN       
1235.7    
747.97    
494.68    
404.43    
347.7     
403.24    
1695.87   
12805.2897
18767.5996
9669.4198 
3060.4999 
2126.2799 
469.6887  
429.965   
249.1364  
182.7921  
185.9199  
484.7651  
1895.4    
6282.1242 
9384.0448 
4851.5289 
2456.0999 
1008.6619 
1229.8905 
683.3389  
417.1503  
371.1007  
268.52    
461.6424  
1950.7274 
9994.5428 
11729.5882
3720.7533 
2073.1248 
853.5393  
1307.11   
837.62    
431.01    
403.64    
293.95    
487.54    
1098.84   
7596.6901 
18386.7803
10337.8502
4934.8801 
1727.6    
1074.6499 
634.51    
348.89    
290.38    
267.97    
278.68    
956.23    
5490.2497 
13178.1793
4623.4698 
1495.5399 
931.44    
1229.8905 
683.3389  
417.1503  
371.1007  
268.52    
461.6424  
1950.7274 
9994.5428 
11729.5882
3720.7533 
2073.1248 
853.5393  
1080.5942 
762.1713  
516.6354  
406.4505  
319.9166  
296.2549  
1673.1147 
10784.6231
25169.1028
10085.5497
4047.4304 
1268.1578 
1526.5605 
952.1353  
441.642   
347.8071  
407.8015  
473.9055  
1073.116  
15324.6576
15112.1925
5059.6967 
1977.0594 
993.4441  
946.12    
675.17    
450.64    
416.53    
285.62    
325.69    
1397.75   
4242.6501 
5744.1301 
2118.35   
917.55    
862.81    
759.67    
414.55    
359.6     
303.47    
255.47    
373.69    
1267.0401 
11389.0906
14503.1408
5119.3403 
2485.2901 
769.39    
499.24    
717.42    
358.41    
284.23    
306.05    
340.17    
929.06    
6313.3898 
22028.4294
19439.9995
6773.5498 
2259.1699 
1307.11   
837.62    
431.01    
403.64    
293.95    
487.54    
1098.84   
7596.6901 
18386.7803
10337.8502
4934.8801 
1727.6    
1003.64   
699.37    
557.36    
398.08    
297.92    
476.23    
745.39    
4054.2202 
18902.4809
18043.6408
6079.3403 
1685.9501 
798.8149  
526.0393  
423.3975  
339.4477  
322.3748  
392.9104  
846.5901  
5187.2448 
14266.947 
12195.7158
5587.6667 
2164.7423 
683.4169  
447.2547  
315.6442  
250.2662  
186.5901  
453.0931  
1202.1753 
4958.2575 
6714.5156 
3479.7554 
1374.525  
937.2378  
1328.7673 
908.053   
649.7988  
366.974   
369.053   
493.8068  
769.5544  
12123.3927
18490.2008
10850.8544
3284.4114 
1951.4859 
469.6887  
429.965   
249.1364  
182.7921  
185.9199  
484.7651  
1895.4    
6282.1242 
9384.0448 
4851.5289 
2456.0999 
1008.6619 
1277.3599 
834.6399  
470.48    
367.14    
303.27    
446.88    
2152.2598 
10302.149 
9433.3891 
3677.3596 
1749.4198 
946.1199  
794.7437  
433.6896  
376.2026  
317.4811  
267.265   
390.9431  
1325.5388 
11914.9201
15172.7446
5355.698  
2600.0349 
804.9125  
1217.1227 
795.2803  
448.2933  
349.8265  
288.9685  
425.8062  
2050.7644 
9816.3245 
8988.5332 
3503.9442 
1666.9214 
901.5032  
1342.81   
712.07    
461.16    
341.36    
277.29    
469.88    
1253.55   
9383.7997 
12061.4896
8856.1997 
3758.6799 
1670.0799 
1342.1207 
711.7045  
460.9233  
341.1848  
277.1477  
469.6388  
1252.9065 
9378.9828 
12055.2982
8851.6536 
3756.7505 
1669.2227 
664.8434  
660.4512  
497.3888  
367.2122  
260.9562  
324.1449  
1580.4717 
7742.854  
15888.3991
5970.615  
1851.9912 
786.2457  
724.17    
585.32    
300.1     
439.54    
312.99    
466.31    
1818.65   
12521.6499
17024.1298
7574.8799 
2872.07   
1894.22   
550.0201  
339.97    
244.17    
215.41    
179.5     
242.78    
1108.9601 
5099.5005 
5502.1506 
3284.6303 
1101.6201 
1073.4601 
