NaN       
1839.5    
1425.94   
628.97    
760.47    
493.89    
1160.35   
4850.2499 
17241.5496
29338.8993
16062.3596
6487.2298 
4008.4499 
691.2375  
504.7256  
376.7337  
309.2152  
263.0288  
1302.2383 
3512.3592 
11678.4477
15457.5653
9338.1839 
5225.9734 
2050.4269 
2078.6006 
2005.9262 
1251.4705 
718.5153  
380.2401  
1006.4602 
3409.142  
14696.4833
18832.6825
8865.6069 
4251.2302 
2128.1375 
2113.61   
1443.59   
595.25    
546.45    
433.2     
926.89    
2809.4301 
13563.3502
27521.0305
15277.6903
10900.7102
3470.7201 
1379.9199 
744.41    
443.51    
392.93    
486.16    
665.27    
2887.5799 
8925.5396 
21975.3589
8944.1796 
3185.4998 
1936.0899 
2078.6006 
2005.9262 
1251.4705 
718.5153  
380.2401  
1006.4602 
3409.142  
14696.4833
18832.6825
8865.6069 
4251.2302 
2128.1375 
2485.4032 
1540.9874 
680.9779  
549.4738  
1228.3133 
1517.5406 
6809.9615 
22157.5866
38992.0523
16123.2283
7714.5221 
2800.8389 
2932.3784 
1368.2184 
812.8657  
628.7366  
722.3732  
791.4228  
3138.5455 
26253.9015
24695.6527
8848.8778 
4238.0436 
1933.0132 
1631.82   
1050.46   
572.64    
614.29    
519.08    
678.95    
1942.04   
6086.1601 
8487.9802 
3568.7101 
2006.9    
1680.82   
841.8     
708.11    
628.17    
411.58    
404.24    
485.16    
2334.3801 
17707.871 
23750.4013
8750.9905 
5299.9003 
1979.1301 
553.2     
841.99    
455.61    
385       
518.88    
884.44    
4050.4999 
20966.7594
39418.839 
36859.329 
13941.0096
4322.0399 
2113.61   
1443.59   
595.25    
546.45    
433.2     
926.89    
2809.4301 
13563.3502
27521.0305
15277.6903
10900.7102
3470.7201 
2132.2601 
839.42    
754.52    
537.73    
421.89    
1060.77   
4735.0002 
13638.9206
33225.1715
29948.2314
10504.6005
3794.8302 
1402.9321 
1034.2066 
812.2498  
623.2089  
497.7964  
654.7105  
1456.9995 
8840.3857 
23109.9562
19757.1163
10093.5055
4779.762  
1256.7455 
1023.147  
561.2138  
571.0377  
469.7679  
841.9643  
2698.8028 
7794.4446 
12125.7441
7205.1665 
3323.9727 
1700.8692 
3096.593  
2013.1645 
1087.3871 
722.7022  
524.016   
867.4589  
4170.6553 
19941.8948
29912.3224
18618.9446
7052.9482 
4007.9956 
691.2375  
504.7256  
376.7337  
309.2152  
263.0288  
1302.2383 
3512.3592 
11678.4477
15457.5653
9338.1839 
5225.9734 
2050.4269 
2117.9798 
1598.8998 
869.3699  
670.2199  
689.8599  
579.5799  
6949.1793 
19155.8181
15797.3685
7224.2893 
3942.1996 
2049.9398 
880.6656  
740.8032  
657.1724  
430.5825  
422.9036  
507.5597  
2442.1575 
18525.4358
24846.9472
9155.02   
5544.5944 
2070.5057 
2018.101  
1523.4996 
828.3725  
638.614   
657.3278  
552.2484  
6621.4728 
18252.476 
15052.4027
6883.6093 
3756.295  
1953.2696 
2449.4199 
1155.98   
753.53    
597.63    
466.72    
1361.47   
5584.7398 
17045.7794
18138.4894
13629.2095
7761.2297 
3378.8899 
2448.1626 
1155.3866 
753.1432  
597.3232  
466.4804  
1360.7711 
5581.8731 
17037.0295
18129.1786
13622.2134
7757.2457 
3377.1554 
1066.9516 
1182.9768 
988.6064  
615.012   
464.6939  
902.482   
3865.0951 
12680.3883
26097.9951
10156.9504
3703.8216 
1572.5116 
1370.2    
1000.08   
827.71    
737.46    
506.19    
1129.4    
6122.0599 
20696.0098
28775.7897
11916.2599
5086.6799 
3584.97   
1060.5801 
667.2501  
690.4601  
473.0601  
847.7501  
687.6801  
2100.7202 
9280.981  
8882.8909 
6489.6107 
2665.8203 
1808.5502 
