NaN         
5496.99987  
3305.99992  
2109.99995  
4493.99989  
3634.99991  
3563.99991  
10398.99975 
92307.9978  
134497.99679
46084.9989  
10403.99975 
8198.9998   
1697.0874   
1543.16552  
1976.31747  
2388.74918  
3097.1845   
4141.09058  
15798.69964 
50098.61192 
64207.13091 
24588.03366 
12759.72918 
3084.35767  
6671.85772  
2788.83849  
2397.98968  
2732.02337  
3035.69037  
4224.88949  
16126.6765  
73652.95994 
80583.42439 
17105.26788 
7891.42355  
3568.57696  
7467.00013  
4551.00008  
2189.00004  
3184.00006  
3410.00006  
4143.00007  
10818.00019 
48854.00087 
121603.00217
53020.00094 
19538.00035 
5565.0001   
5140.99974  
2838.99986  
2453.99988  
1926.9999   
2112.99989  
3645.99982  
7487.99963  
32318.99839 
98779.99508 
28335.99859 
4943.99975  
6055.9997   
6671.85772  
2788.83849  
2397.98968  
2732.02337  
3035.69037  
4224.88949  
16126.6765  
73652.95994 
80583.42439 
17105.26788 
7891.42355  
3568.57696  
6541.8922   
2830.37846  
6085.20623  
3736.22851  
2851.86956  
3800.70182  
16656.68051 
76612.56373 
182010.31278
53907.21187 
22147.6577  
6712.74648  
7327.4747   
3286.85045  
3559.59755  
2577.708    
3751.01642  
4682.32377  
7328.4665   
99491.19778 
105343.85454
21240.55199 
7813.46043  
2355.5431   
3067.00006  
2483.00005  
2586.00005  
3245.00006  
2500.00005  
3039.00006  
11050.00022 
30644.00061 
38009.00075 
8611.00017  
4077.00008  
3684.00007  
2231.00012  
3924.00021  
3459.00019  
3883.00021  
3730.0002   
3631.0002   
13209.00071 
92468.005   
100685.00544
23125.00125 
11911.00064 
2340.00013  
2086.99994  
1388.99996  
3382.99991  
3746.9999   
2758.99993  
3764.9999   
8437.99978  
46396.99877 
155946.99586
139343.9963 
31197.99917 
7403.9998   
7467.00013  
4551.00008  
2189.00004  
3184.00006  
3410.00006  
4143.00007  
10818.00019 
48854.00087 
121603.00217
53020.00094 
19538.00035 
5565.0001   
8072.00037  
4425.0002   
3807.00017  
2516.00011  
3170.00014  
5448.00025  
6279.00029  
37336.0017  
158297.00719
133101.00604
33992.00154 
6810.00031  
5069.57968  
3430.95872  
3355.1251   
3623.61709  
2461.51817  
3387.91802  
7818.03586  
34102.58189 
105137.15936
76298.86508 
23919.35705 
12807.68281 
1725.65165  
2315.94946  
2297.27824  
2445.21176  
2236.23771  
5172.6462   
9745.65896  
31258.49557 
42160.33396 
21816.603   
7793.7983   
6536.36341  
9719.05112  
4755.57288  
3713.94596  
3738.09659  
3549.0917   
4064.65502  
6592.07033  
86227.17795 
126888.42857
50732.06083 
14632.12807 
7771.2508   
1697.0874   
1543.16552  
1976.31747  
2388.74918  
3097.1845   
4141.09058  
15798.69964 
50098.61192 
64207.13091 
24588.03366 
12759.72918 
3084.35767  
9072.99912  
4754.99954  
1862.99982  
2026.9998   
2368.99977  
3615.99965  
14892.99856 
59310.99427 
62761.99394 
19808.99809 
8420.99919  
3229.99969  
2334.00445  
4105.16963  
3618.70075  
4062.27667  
3902.21272  
3798.64193  
13818.85465 
96737.21337 
105333.58922
24192.6727  
12460.92647 
2448.03693  
8645.13839  
4530.76524  
1775.14525  
1931.41139  
2257.28346  
3445.47784  
14190.68071 
56514.03098 
59802.28984 
18874.85356 
8023.8852   
3077.6807   
7810.99972  
4175.99985  
1915.99993  
2440.99991  
3066.99989  
4115.99985  
1318.99995  
52409.99813 
88662.99684 
58990.9979  
19316.99931 
5266.99981  
7806.9902   
4173.85624  
1915.01642  
2439.74691  
3065.42555  
4113.88704  
1318.32289  
52383.09517 
88617.48459 
58960.7168  
19307.08356 
5264.29617  
2295.57862  
3322.75959  
2476.49112  
2858.41751  
2756.90549  
3976.05473  
19688.30539 
63142.48292 
120194.24498
29431.44861 
7417.41252  
2144.8182   
3235.99996  
3498.99996  
2898.99997  
2732.99997  
3426.99996  
4794.99995  
13834.99984 
85285.99904 
128121.99855
45956.99948 
15516.99982 
10731.99988 
2096.00022  
1693.00018  
2699.00029  
2605.00028  
1845.0002   
4175.00044  
13755.00146 
49556.00525 
48625.00515 
21837.00231 
6383.00068  
6298.00067  
