NaN       
6731.3719 
4517.7227 
1972.5563 
1536.8145 
999.3194  
1783.0164 
3673.2847 
11035.0987
6025.4828 
3846.7955 
3456.8291 
2023.6165 
1739.7447 
952.4631  
657.9469  
636.0743  
616.169   
1154.4975 
2766.4731 
3987.9481 
3625.3051 
1585.5629 
1620.4786 
871.1494  
2623.275  
1819.7753 
1417.0626 
1217.7156 
1079.5038 
1420.6653 
5876.9332 
10149.8872
5316.2805 
2106.3208 
2146.5575 
1178.7759 
1767.9051 
1539.5249 
1220.4308 
1173.6424 
1259.4528 
2332.7196 
9716.7852 
22388.8386
8706.9542 
3514.4812 
2632.7463 
1961.6494 
1090.6302 
938.681   
598.1876  
556.9602  
554.8589  
814.3932  
1318.252  
2526.9568 
4949.1714 
3830.7005 
3018.9793 
2162.1918 
1632.44   
1382.3259 
842.0248  
702.057   
773.3589  
1163.9503 
1446.0267 
2620.7329 
3546.1092 
1532.9762 
1445.2854 
2011.0612 
1377.1676 
973.5055  
520.1478  
494.6675  
863.7821  
798.4441  
2996.8646 
13542.9383
9733.734  
2422.7654 
1676.0764 
813.9681  
2382.5611 
1751.7071 
1298.0137 
1157.2424 
1012.8789 
2091.9104 
4412.638  
8657.2813 
4889.8497 
2974.1131 
1939.2078 
1882.5802 
1486.6118 
1050.8704 
561.4842  
533.9789  
932.4273  
861.8968  
3235.0267 
14619.2015
10507.2781
2615.3036 
1809.2749 
878.6545  
1007.7647 
1012.0929 
993.914   
1063.6524 
827.3443  
1174.0505 
2690.7121 
5425.248  
2458.5135 
1023.277  
981.0401  
838.058   
891.0628  
818.8676  
659.6775  
626.7145  
586.9904  
987.9647  
2405.1196 
3108.8346 
1933.3885 
3533.3204 
3058.0037 
1381.0281 
853.7002  
809.8328  
690.0028  
597.8428  
494.6136  
1020.7051 
1251.1229 
1928.7605 
1480.9487 
1067.7456 
4994.211  
3211.6822 
1343.9432 
941.6362  
760.3858  
743.6845  
688.0742  
902.7853  
1693.7896 
35301.1806
19248.643 
5456.5003 
2596.8478 
1879.1326 
1333.0518 
1142.2447 
995.6357  
802.5956  
648.189   
1228.5784 
3970.6796 
8306.8378 
11076.8499
3072.9943 
4378.2587 
2942.9846 
1912.9313 
1525.8943 
1120.2935 
892.0487  
919.3888  
1412.352  
2073.4747 
5342.1736 
4712.9347 
2116.893  
2653.0948 
1560.7837 
1732.6678 
948.5887  
655.2705  
633.4868  
613.6626  
1149.8012 
2755.2196 
3971.7259 
3610.5581 
1579.1131 
1613.8868 
867.6058  
2087.1698 
1672.7988 
816.3002  
876.0701  
849.3238  
1167.6532 
2939.5021 
19017.5852
11603.5683
5037.9153 
7482.8812 
2712.7662 
1498.5438 
1213.6206 
1075.0924 
1081.5732 
1054.4786 
2358.9467 
4168.5217 
7188.3477 
3714.1279 
2128.4892 
1282.9528 
1051.3902 
856.311   
702.8826  
677.6199  
721.331   
584.6643  
769.3965  
2246.9031 
5222.595  
13108.5963
9765.1164 
12083.3213
3935.7199 
1225.8366 
970.8195  
835.3403  
899.7487  
755.8173  
920.6915  
1096.8888 
1678.3433 
775.9298  
1238.3892 
1143.0682 
800.0073  
838.1342  
736.6134  
650.9549  
511.487   
612.9183  
728.9454  
1109.5609 
4160.0752 
5097.9629 
2779.7937 
3848.0474 
1318.9848 
1956.5294 
1159.5204 
567.4931  
700.3516  
826.1669  
1082.035  
2256.59   
17780.6451
6981.0722 
2092.3208 
1256.3559 
789.0169  
1893.6644 
1324.1594 
1240.9902 
1164.1171 
990.399   
1388.1081 
2647.0627 
4251.0354 
4029.5832 
1718.7347 
982.2841  
1112.3823 
1091.0062 
1116.0177 
831.2636  
662.5419  
808.7581  
1826.4292 
2291.1921 
3823.1503 
4415.8576 
2494.3294 
2400.0705 
1747.6498 
1597.0093 
1231.1813 
911.1831  
902.9712  
728.0582  
904.2869  
958.8273  
3832.3241 
4690.2654 
3500.2603 
4934.5416 
4195.2834 
