NaN       
8122.9729 
5702.1043 
4204.8794 
3150.6069 
2729.5218 
4740.4924 
22128.1835
49717.5851
46708.875 
14489.4776
6397.814  
5342.058  
3782.7909 
3040.6073 
2158.6183 
2313.2568 
2163.8082 
2602.1839 
9774.3641 
39796.1825
31437.0452
10938.4038
4911.4373 
3745.2237 
7248.4486 
4907.1966 
3118.5854 
2922.5883 
2881.1296 
4451.6261 
14505.837 
42011.9808
52121.2763
18286.1955
6913.5863 
4174.0013 
6010.252  
4646.0251 
3580.0608 
3043.0486 
2794.1121 
3942.671  
13929.9516
34698.6279
26909.9258
7815.5226 
4683.6523 
3912.3612 
3210.5    
2659.6159 
2375.0814 
2055.4857 
1975.1992 
5109.7208 
14433.9338
31669.9455
42821.4561
17122.4463
4427.1409 
4183.8089 
4194.012  
2869.7511 
2398.1893 
2108.6773 
2294.8525 
6532.4004 
12144.1923
28568.297 
44559.3799
8801.263  
4444.0491 
4891.0141 
4164.3156 
2354.3131 
2387.735  
3143.8859 
3040.8649 
3511.3628 
24937.8768
56555.0757
78009.1675
15456.6524
8107.4145 
5492.1114 
6806.2842 
4516.2526 
4015.2651 
3644.685  
3352.2258 
8194.4728 
23593.1971
37299.7567
66946.0684
25290.4293
7118.7317 
5913.337  
4495.2555 
2541.4114 
2577.4893 
3393.7318 
3282.5238 
3790.4123 
26919.7007
61049.5321
84208.5898
16684.9993
8751.7143 
5928.5719 
5967.6312 
3971.6062 
3233.6075 
3130.6758 
2769.5238 
4977.9811 
14090.837 
42011.9993
28334.4988
5868.7449 
3798.71   
3396.5807 
3610.9074 
3966.4145 
2694.8142 
2068.4133 
2061.2155 
4692.8857 
7715.6292 
15172.5238
13826.8425
7331.7814 
3574.5855 
2823.7787 
3057.3852 
2399.3655 
1593.8558 
1564.2059 
1633.7851 
2528.288  
12897.0074
28991.8441
25724.2248
8386.9586 
7150.3327 
3550.8339 
4261.6666 
2867.2121 
2481.9564 
2547.4618 
2425.69   
2983.0982 
14786.5879
45706.2922
48684.3532
19708.7476
5415.3332 
5508.9197 
6721.7115 
4905.5262 
3880.2044 
3479.9586 
3024.4466 
6541.7403 
14896.6937
67976.125 
79241.0658
17541.4928
10117.7525
5841.8789 
4334.5948 
4137.6209 
2768.1815 
2437.2192 
2419.6729 
3805.6295 
9135.8865 
22142.1285
49529.5814
14653.2417
7407.0409 
5576.4262 
3767.4033 
3028.2387 
2149.8374 
2303.8469 
2155.0063 
2591.5987 
9734.6038 
39634.2993
31309.1654
10893.9085
4891.4586 
3729.9889 
5724.6983 
3551.9768 
2573.5804 
3015.7949 
2794.6867 
7365.2337 
9874.8485 
29538.7239
46981.9129
15253.0692
10485.4707
6882.1232 
4140.0567 
3415.6865 
2246.8109 
2645.9641 
2709.7391 
4651.9318 
13797.3383
63998.7879
54595.4638
16888.2911
6069.7003 
4352.5855 
1890.0302 
2026.0631 
2322.0046 
2559.7836 
2383.432  
2916.5272 
15468.6713
46498.2717
65459.8884
29703.6008
14096.1609
7354.1885 
2811.1264 
2965.5894 
2434.888  
2171.9135 
2432.2836 
3787.9144 
11291.5036
20480.6613
12669.7355
4528.091  
2147.5497 
2784.3237 
4245.8045 
2882.4654 
2706.572  
2220.6811 
2022.5741 
3647.5556 
8498.8906 
27029.3117
47944.2036
11986.6317
6201.6109 
3437.3342 
6001.6762 
4338.6828 
3949.1855 
3625.9201 
3100.3488 
4169.2533 
9995.6529 
66964.8422
41785.9322
6886.7711 
4230.4192 
2898.0259 
6517.2058 
5497.9306 
3243.1996 
3349.9955 
3033.0301 
4082.862  
22532.4734
75535.1647
65715.238 
20048.1115
6181.1938 
6039.3959 
2801.5889 
2670.3834 
2291.9771 
1945.8647 
2145.2403 
4947.4003 
13135.8981
29185.5555
25434.6537
8645.2845 
6183.0893 
3977.2701 
2570.1803 
3053.2721 
2530.5364 
2489.9346 
2185.1008 
4205.118  
8300.3298 
29489.3916
57145.3975
31609.8502
12410.1328
7391.1399 
