NaN      
97733.46 
88338.25 
71314.58 
53953.27 
55192.95 
86123.35 
249079.33
614807.39
533628.51
235852.16
122183.92
62564.97 
58357.89 
58931.8  
44497.58 
42915.54 
38506.04 
51189.34 
116569.09
497187.01
453482.58
183074.3 
115622.5 
66896.18 
77021.1  
63247.6  
48436.72 
53148.75 
39158.86 
57848.53 
185215.15
525582.64
514981.08
199086.38
108390.71
63748.29 
89595.05 
75522.43 
58814.32 
35301.09 
32735.4  
43895.53 
152986.56
340204.86
269118.94
119113.13
71233.18 
33999.33 
72536.56 
59378.05 
46269.69 
47659.57 
42648.82 
79897.55 
171912.13
412561.68
552968.35
230860.79
110168.01
94693.34 
65885.04 
52459.75 
47238.8  
41675.38 
39597.61 
73232.41 
135630.05
340427.55
475189.65
117877.61
82281.73 
82417.71 
60948.61 
51040.88 
46664.49 
42465.39 
37457.6  
48715    
219911.38
682566.77
870239.15
211652.51
150126.95
85180.78 
98515.42 
73932.67 
51988.89 
52758.97 
50774.2  
94555.06 
239612.59
456934.43
711723.8 
269834.85
130158.4 
103812.15
63492.16 
53170.96 
48611.92 
44237.58 
39020.81 
50748    
229088.87
711052.09
906556.54
220485.34
156392.15
88735.6  
77038.71 
62751.49 
71016.31 
50213.54 
39975.59 
68292.84 
137451.07
435402.93
400423.76
160061.69
81593.47 
73934.61 
45341.41 
65863.71 
51888.85 
40790.43 
40633.19 
69891.26 
124473.39
277600.53
238323.66
111299.43
72636.75 
65047.21 
52774.48 
43538.82 
35618.74 
32544.96 
30677.93 
44164.23 
139915.23
316842.26
305516.6 
119703.36
98058.41 
46502.33 
65536.06 
57374.04 
52460.76 
53307.9  
43305.15 
55738.29 
206014.38
578983.32
440513.06
214074.22
109056.82
79610.66 
72983.06 
85942.52 
51572.98 
62473.62 
45711.48 
72676.1  
165900.02
683089.63
872122.27
299119.73
164453.69
108804.39
80418.65 
69866.66 
54974.51 
44178.76 
47348.88 
62953.16 
124624.25
309624.71
730230.59
206716.36
160377.34
86035.47 
47914.46 
48385.68 
36534.53 
35235.6  
31615.2  
42028.77 
95708.49 
408213.02
372329.7 
150312.28
94931.3  
54924.79 
74238.41 
83374.16 
79507.59 
51767.49 
73717.06 
108390.25
145236.07
395504.83
625431.39
346946.9 
178863.85
127317.94
61976.57 
60070.56 
47757.91 
49041.33 
44324.98 
73325.33 
149329.17
694592.89
542761   
203029.54
110518.74
66752.32 
47132.15 
46897.05 
46926.22 
46606.02 
38989.37 
49285.24 
149010.82
466821.94
770132.39
378468.25
204212.13
104593.62
51619.97 
57841.51 
51351.76 
50556.39 
41178.98 
53488.44 
134835.48
292588.27
181754.58
94202.46 
64117.56 
52498.26 
54249.85 
47247.04 
40673.41 
48777.49 
38521.59 
56673.83 
100234.26
284576.65
585301.76
156487.67
110115.65
52560.31 
76577.12 
65920.67 
55727.28 
44940.12 
46036.66 
61932.42 
112388.67
799240.16
557955.98
112543.15
74744.75 
51197.43 
88343.84 
75376.38 
51745.7  
54282.01 
56157.27 
74595.27 
243782.79
757222.65
701579.75
270456.47
121768.61
78007.2  
52656.75 
37728.1  
43495.06 
41130.52 
39431.13 
75066.57 
176532.28
361053.21
328015.51
163161.98
104439.73
59400.98 
63969.87 
47246.22 
57899.35 
49165.77 
41014.65 
70288.7  
100560.98
406668.59
626453.01
406873.63
219223.54
114973.63
