NaN      
700935.4 
526440.2 
439037.6 
381830.5 
359944.5 
1063714.4
3033482  
4740931.4
3370331.8
1265338.7
682895   
482534.9 
367153.9 
402744.2 
283195   
284232.8 
301955.2 
426201.3 
964248   
3304816.4
3284033.8
1647096.3
972894   
391650.6 
431106.7 
405162.6 
296158.8 
466788.1 
400984.8 
561939.7 
1536264.4
3313375.7
2788916.4
1056688.4
535510.8 
326295   
722580.5 
587226.3 
380771.6 
253877.2 
413229.2 
716803.3 
1673143.7
2637269.8
1740465.6
654077.4 
547591.9 
341675.1 
368583.7 
394865.9 
427208   
312384.1 
376922.4 
731002.7 
819541   
2295604.6
4050031.4
1871512.3
874524.9 
448252.6 
562999.3 
466907.7 
397294.5 
392200.5 
397719   
802259.3 
897011.6 
1966370.7
3012603.5
826853.5 
553301.1 
473311.9 
371446.9 
398058.9 
296984.3 
428262.8 
343624.6 
427446.4 
2520207  
5519165.7
4961445.9
1580624.8
981402.4 
580662.7 
690360.7 
554319.8 
434091.7 
480338.1 
517842.1 
758788.9 
1863487.8
3125818.4
4440424.2
1807402.8
919597.7 
661652.5 
403806.2 
432736.6 
322856.6 
465571.8 
373560.1 
464684.2 
2739759.5
5999978.1
5393671.4
1718323.9
1066899  
631248.3 
693357.7 
541889.9 
451101   
487599.6 
472101.3 
1029433.5
1483773.6
3679703.3
2870705.3
926292.3 
696770.4 
603570.8 
378397.2 
424937.6 
340374.5 
292569.2 
328331.5 
859160.4 
1415324.7
2337716.5
1651972.4
819035.8 
426080.8 
462035.5 
744889.1 
474261.4 
381971.4 
335846   
340216.4 
876201.2 
1140938.4
2920870.3
2819100.1
1257206.6
1087115.2
454411.2 
511958.2 
470958   
363345   
476471   
442477   
735443.3 
2770278.8
4988085.6
3129688.1
1866904.8
929214.5 
670198.3 
445983.1 
548907.6 
397642.7 
411445.8 
352511   
1177972.5
1887273.6
4989808.7
4960713.5
1517225  
1164677  
1131610.4
240317.6 
312181.2 
219398   
296030.8 
366641.4 
545168.2 
701587.4 
2252170.2
4221644.7
1265557.1
1216520.7
371558.7 
347878.3 
381600.1 
268327.3 
269310.6 
286102.5 
403825.8 
913625.1 
3131313.8
3111622.2
1560623.9
921817.1 
371088.9 
546674.6 
580280.3 
315152.5 
376515.9 
364194.8 
599386.8 
909314.9 
2588875.9
3302806.6
1468782  
1161285.4
696266.4 
465376   
543943.3 
448364.4 
462240.4 
432778.7 
1027985.5
1395426.6
4473659.5
3517871.4
1394936.4
772549   
416065.9 
225495.3 
264322.9 
295889   
315144.3 
330850.6 
417428.5 
1503808.7
3395919.5
4597187.6
2690023.4
1292243.6
751302.1 
532573   
729358.5 
579704.6 
537366   
589386.8 
739157.8 
1397271.1
3365053.3
2162943.5
1658383.9
1006491.7
801011.9 
303848.5 
310675.1 
305678.4 
328612.6 
304397   
421468.3 
561538.7 
1191274.6
2926650.7
1060398.4
755215.4 
317183.3 
627511.2 
710278.5 
421669   
328683.3 
459356.6 
649817.5 
1662785.8
4376597.8
3506362.9
856841.6 
508625.4 
352569.5 
605537.5 
534166.4 
432170.8 
415936.7 
561101.2 
664073.6 
1702575.6
4581180.1
3748124.9
1601305.6
639798   
507547.9 
545978.1 
389067.3 
354465.4 
301968.6 
500237   
1325861.1
2154678.5
2732864.9
2360014.5
1131013.4
895626.8 
444312   
792965.7 
523028.2 
420438.5 
351979   
480337.9 
920690.6 
1570871.5
4339972.8
4618389.6
2568451.4
1668938.7
1161472.4
