NaN        
2315.54742 
1199.28248 
669.5776   
464.26926  
366.11427  
482.44253  
2422.01994 
9609.74108 
12779.53005
5988.36827 
2142.31501 
1269.44899 
810.82903  
584.5485   
372.29311  
338.99167  
365.57085  
405.5489   
981.72112  
9000.31402 
10260.54401
5933.81348 
1633.98754 
607.5773   
1807.28872 
1314.33699 
584.34285  
427.18177  
407.75112  
489.78326  
2474.06471 
11846.08519
14398.66089
6736.40377 
2349.1914  
875.36514  
1112.55766 
794.58034  
452.66356  
356.95519  
313.28557  
493.31939  
2746.4775  
11894.42593
9076.16037 
3053.94187 
1346.53748 
737.8154   
707.63124  
401.69401  
309.36365  
247.00544  
270.66374  
446.82497  
1417.66378 
7027.94178 
13298.39711
7260.73936 
1774.73425 
1371.44626 
860.39383  
599.0534   
386.09587  
334.42019  
322.73896  
582.09706  
1584.37565 
6809.82965 
14257.48686
4000.43714 
1830.16999 
1291.67616 
858.84828  
662.1186   
453.58964  
360.6071   
301.57288  
298.43336  
1948.28113 
11362.27198
22097.68098
7643.08666 
2842.81335 
902.4422   
1351.59744 
859.78715  
651.00226  
452.62798  
406.79877  
591.06005  
2991.66714 
8601.8742  
19138.68122
9637.79219 
3087.23838 
1501.30257 
927.10133  
714.73745  
489.63661  
389.2647   
325.53901  
322.14998  
2103.11188 
12265.23666
23853.79327
8250.48608 
3068.73296 
974.15967  
1047.19938 
635.95806  
392.3563   
352.71785  
271.16977  
498.1919   
2433.50141 
11280.60155
11032.42157
3020.7112  
1559.92425 
650.69692  
596.06957  
426.37875  
304.1124   
243.66106  
193.01968  
500.87191  
1536.21177 
5732.53464 
6469.20705 
2893.84539 
1059.4464  
731.9026   
1160.09062 
783.7309   
456.34384  
317.24006  
178.63359  
361.33395  
1552.54881 
6650.28347 
9974.63633 
4937.40169 
1991.75576 
659.16738  
954.65518  
690.76444  
446.14607  
382.81105  
281.19161  
288.87379  
1679.44745 
15218.3787 
16166.71057
8815.35423 
2221.19353 
1356.24999 
1636.12934 
857.9127   
569.31     
414.37756  
324.49335  
747.77794  
1797.22115 
12203.25412
22005.92293
7361.33046 
3818.79922 
1746.67276 
1025.94486 
684.78471  
436.45205  
439.35869  
422.53315  
561.48473  
1212.99536 
5384.89027 
16799.64389
7311.50895 
3676.59126 
1252.9159  
807.53074  
582.17067  
370.77869  
337.61271  
364.08377  
403.89921  
977.72767  
8963.70249 
10218.80611
5909.67588 
1627.3408  
605.1058   
1243.43238 
870.93647  
452.92108  
428.62452  
331.65399  
587.82538  
1531.49855 
9579.45586 
19321.50136
9376.82182 
4148.60201 
1471.44999 
807.84893  
559.70716  
429.31685  
374.88848  
365.90159  
499.03999  
1455.22922 
12108.55057
14561.77645
6776.7005  
2118.62123 
1017.00093 
608.9054   
405.47769  
319.9637   
311.90539  
333.78168  
327.27272  
1469.1067  
7708.20822 
19482.46928
14624.43405
4712.45319 
1390.77735 
567.43534  
383.36097  
278.26293  
248.07131  
219.63628  
317.45257  
1676.20014 
6973.83862 
6270.40333 
3231.0208  
1004.34946 
991.55324  
765.5222   
317.97491  
278.52453  
299.40755  
238.85752  
396.12004  
1067.64631 
6194.2136  
17498.93785
6150.78277 
2270.81437 
623.96843  
1349.09343 
919.72094  
431.14518  
343.11461  
427.44336  
530.82065  
1389.46229 
17952.50994
14753.00973
4263.51581 
1544.05531 
786.0745   
1091.43138 
722.09938  
482.65065  
398.74894  
364.24182  
451.41402  
2194.56295 
14992.67786
18311.22014
8143.27717 
2388.8612  
1681.49709 
389.76046  
389.98705  
228.37575  
169.32376  
182.98489  
509.8555   
2304.41478 
6910.35903 
8602.06892 
3838.67827 
1801.14574 
749.42054  
737.26491  
530.67061  
431.66901  
349.72204  
352.89075  
459.62001  
1144.78169 
6346.29919 
14545.6658 
10732.48025
4557.46183 
1788.85804 
