NaN       
3884.6467 
2070.1441 
939.3352  
697.8688  
614.8875  
933.4696  
4958.703  
16128.1504
21302.4136
9500.0035 
3561.707  
2462.1188 
1599.3627 
1125.1649 
508.0315  
462.5287  
578.9293  
621.1572  
3292.8496 
13174.8634
17417.2823
10541.3416
3639.4471 
1316.9677 
2604.7024 
2870.2368 
1289.0616 
973.7222  
966.675   
1198.1495 
5505.5734 
22108.9238
23828.0922
10153.4405
3779.0998 
1459.309  
1831.8466 
1509.5504 
827.6066  
647.3515  
706.5235  
631.4498  
8777.6143 
21920.5796
15092.0625
5930.4918 
3002.2059 
1574.14   
1413.271  
690.714   
758.2707  
384.4697  
617.7579  
885.578   
2745.1617 
9791.2857 
23400.3798
13959.1077
3973.3157 
2617.9737 
1508.9555 
705.8979  
790.7439  
1009.0307 
459.7626  
1315.7886 
3761.134  
10299.1759
22398.6681
6894.4682 
3577.1679 
2762.5551 
1941.231  
1313.8325 
585.4194  
479.2645  
1136.025  
1493.0711 
7767.8542 
22897.4404
33639.803 
11952.552 
5305.4673 
1942.2337 
2549.1409 
1493.0741 
1385.0008 
713.8978  
696.7609  
1111.7064 
7296.2582 
16645.393 
30761.3869
15053.4099
5782.1979 
3114.1637 
2095.5014 
1418.2433 
631.9429  
517.3518  
1226.3054 
1611.7261 
8385.169  
24717.1099
36313.1728
12902.4265
5727.0951 
2096.5839 
1806.2452 
1902.7524 
1196.9589 
697.2526  
391.2616  
1101.7057 
4326.4101 
16896.764 
18076.5423
7312.1079 
3252.7857 
1641.8751 
1109.0519 
985.6058  
545.1093  
562.7591  
490.888   
935.9569  
3478.1756 
9100.6799 
11819.7941
6034.9934 
2582.8332 
1332.6265 
1549.796  
923.0204  
611.012   
430.7148  
253.9346  
467.4755  
3167.6694 
12661.9377
15771.765 
9459.1292 
4159.9361 
1609.3651 
1484.9917 
897.5987  
683.9072  
514.1136  
396.6084  
605.7308  
3652.0158 
32204.5197
30323.1245
15692.6972
4649.2942 
2699.2194 
3087.9672 
1147.0797 
945.234   
557.7776  
494.6891  
1547.5794 
4883.3985 
22259.8367
36879.02  
12196.9947
7054.2773 
3029.8044 
1847.9986 
1431.9816 
874.0284  
915.3628  
597.4612  
1268.8116 
2919.1821 
9508.8257 
26232.3163
11593.9165
6218.3277 
2507.0928 
1592.8568 
1120.588  
505.965   
460.6472  
576.5743  
618.6305  
3279.4549 
13121.2707
17346.4321
10498.4614
3624.6426 
1311.6105 
2011.6088 
1499.7588 
623.5398  
580.7936  
488.2027  
1111.2346 
3904.9039 
17079.2116
28931.9872
13800.7399
9134.9388 
2932.7157 
1377.226  
1041.8369 
899.4261  
698.0732  
792.8146  
1044.6053 
4195.4595 
18553.7635
22224.9985
11992.746 
3827.0395 
1936.4732 
917.0588  
670.3834  
611.8718  
680.4802  
526.7013  
678.4543  
3917.7446 
13170.1735
32591.6591
27492.185 
10841.6491
2849.45   
1100.0387 
755.4645  
788.2376  
547.938   
1041.182  
898.4797  
3182.0658 
12736.2882
10176.9103
6388.6754 
2434.6141 
1665.446  
1516.7961 
965.1647  
643.3563  
531.0026  
340.0617  
1005.6096 
3181.9733 
12580.085 
29116.4401
11091.0648
4876.3328 
1318.0413 
2593.4661 
1320.9241 
791.2866  
620.9781  
756.5188  
881.7217  
4053.8279 
30721.2191
24125.5731
7428.0801 
3300.3514 
1517.8503 
1635.9852 
1384.3388 
615.6892  
755.2899  
520.129   
1299.9512 
6299.7014 
20288.0752
28821.7998
13558.6983
5080.1145 
3165.1241 
576.2459  
459.3003  
345.675   
287.8653  
259.6427  
1367.5105 
4276.161  
12880.9591
14233.6618
7388.7244 
3836.0193 
1517.5924 
1301.8591 
1047.6027 
829.5929  
645.8223  
546.9877  
765.3174  
1974.519  
10853.7821
23687.6536
17401.1332
8247.1187 
3937.9081 
