NaN         
12481.00514 
4507.30497  
3456.46249  
2916.16814  
2630.83097  
3917.4613   
23415.11355 
83469.40897 
102301.0286 
28837.6835  
8307.6308   
5173.3376   
3777.63949  
2194.15231  
1129.25455  
2561.5044   
2320.21737  
4439.80363  
8896.053    
81028.77622 
84008.88273 
34345.45129 
11891.80162 
4609.84093  
12009.38901 
6157.37156  
3238.42043  
3398.00211  
2783.67541  
3621.90384  
22674.41816 
78288.55405 
101560.16658
28982.55205 
12386.01528 
3393.86672  
8623.21071  
4630.68688  
1757.53489  
1925.31466  
2302.74772  
4039.39687  
20799.9467  
69051.78138 
57357.47854 
14173.22747 
7056.37175  
2925.59592  
5828.14267  
2993.70093  
3275.03637  
3148.7296   
3288.13034  
4620.81137  
19224.51199 
59477.20834 
101834.94498
42687.23917 
10378.54677 
9082.74418  
5122.82321  
2184.66363  
2304.91153  
2547.07443  
3277.92707  
5354.10085  
16700.14988 
58819.30474 
97470.08936 
17148.17185 
8957.48765  
10635.46653 
5729.32622  
2539.76327  
5289.64709  
3269.93169  
2553.96797  
3912.1845   
21436.45909 
82191.45692 
153276.94428
35541.59195 
17101.53806 
5602.3426   
7421.79225  
3660.21879  
2144.65817  
3002.89258  
3560.43602  
4187.68877  
22605.94369 
57589.08769 
135977.14606
47428.68912 
15285.26596 
7783.27418  
6184.63826  
2741.59935  
5710.01764  
3529.79458  
2756.93292  
4223.0875   
23140.02379 
88723.24766 
165457.92955
38366.09768 
18460.60471 
6047.5632   
6099.68817  
2612.49707  
2176.29413  
2496.23333  
2838.01584  
4539.90047  
21665.63669 
82484.44542 
70840.45844 
11772.75871 
6360.85616  
3109.15369  
1646.71747  
2264.55102  
2175.97589  
2332.13001  
2182.33947  
5801.42776  
13666.16298 
36539.42304 
38685.75128 
15672.84562 
6557.259    
5944.31032  
7430.18398  
3065.18487  
3166.08553  
3197.06769  
2422.30234  
3497.32953  
17904.74313 
56816.07948 
75154.42501 
27347.35224 
11835.66167 
3060.83279  
4188.84787  
3787.36707  
2615.0242   
3314.27475  
2649.11091  
3083.67957  
20633.84219 
93826.38415 
101607.63618
43477.40064 
11110.57246 
5320.11216  
8686.90376  
4510.61609  
3579.40585  
4080.42972  
2806.92726  
4714.691    
17669.41574 
92392.12496 
154110.4617 
39466.45932 
24307.20333 
11425.06007 
6008.44432  
3982.03441  
3754.87589  
2778.07519  
3617.68838  
3675.49236  
8946.19697  
39155.04195 
129294.22742
30741.55647 
14908.20029 
5290.94667  
3762.27278  
2185.22692  
1124.66096  
2551.0847   
2310.77918  
4421.74337  
8859.86558  
80699.16685 
83667.15086 
34205.74065 
11843.42807 
4591.08899  
7794.0876   
4867.52704  
2267.97013  
3321.34727  
3639.83462  
5082.70938  
16593.2223  
62466.15812 
122051.46358
41663.15877 
17980.62904 
5535.85518  
2579.36725  
2862.00553  
2199.30479  
2949.16452  
2411.6891   
3876.82738  
15069.74196 
96260.54759 
102676.1822 
32326.56062 
7853.94318  
3487.6314   
2389.83183  
1909.2124   
3977.40119  
4016.62941  
2876.5544   
3986.46309  
16171.82135 
62727.26084 
135650.97736
67554.22109 
22951.79686 
8615.28425  
2308.54441  
1910.71764  
2950.22644  
2867.37689  
2077.20881  
5403.2492   
22258.40281 
66850.08986 
51489.69195 
18103.63052 
6197.75601  
6610.0649   
1814.96752  
1297.47442  
1555.19666  
3423.84217  
2557.58547  
4005.78707  
11271.30413 
49809.18675 
109826.03202
24283.8893  
14757.60255 
3077.711    
7063.03756  
3246.34469  
3405.71951  
2483.13338  
3697.41576  
5304.47513  
10380.27936 
117473.75399
97638.0598  
15413.08143 
6640.17959  
2163.71664  
5305.40786  
3269.38858  
2021.39984  
4334.63944  
3587.63866  
4042.66499  
14748.52265 
109131.63664
124819.04675
33484.11287 
8852.95961  
7541.16751  
1511.42153  
1408.23756  
1747.19378  
2126.1293   
2820.71078  
4334.53786  
20676.15935 
54655.20163 
54984.87525 
16485.33191 
10019.05179 
2617.82382  
5207.38546  
3611.22129  
3420.75376  
3719.97592  
2585.65736  
4089.98352  
11800.80494 
42909.71679 
103843.58259
59000.44247 
21661.96004 
12537.30572 
