NaN       
771.7099  
855.6777  
600.3651  
458.9572  
454.1706  
774.1032  
1844.99   
3578.2877 
6707.7848 
3909.3825 
4176.6617 
1539.8196 
1529.0013 
1144.8311 
850.335   
827.7305  
640.1518  
761.4336  
751.0877  
3038.8468 
4473.9622 
3834.0036 
5271.0317 
4320.6766 
1292.5888 
1153.6784 
932.7554  
870.4352  
781.987   
1260.4304 
2854.556  
3735.0452 
2794.2527 
5863.9041 
4949.2397 
2154.987  
6856.4948 
4469.2752 
1958.4477 
1498.7689 
934.8013  
1597.2735 
3061.2795 
9309.3842 
6114.8371 
4482.8007 
3928.483  
2217.261  
965.95    
1008.2    
549.22    
874.12    
892.17    
1150.41   
2471.41   
4244.63   
4907.11   
2495.21   
2356.36   
1650.25   
2144.13   
1810.91   
1132.56   
687.87    
678.35    
2971.24   
3913.39   
8447.6    
4893.22   
3114.05   
1453.88   
958.02    
2019.3194 
1365.1712 
1235.1569 
1111.2366 
1176.2438 
1458.621  
4205.228  
4790.3028 
6939.6366 
4449.0024 
2340.2994 
1657.7086 
1860.0411 
1519.9345 
1298.9578 
799.3527  
972.2977  
1742.8294 
4175.4823 
4150.5073 
3931.4487 
2732.4198 
1973.4164 
1260.5266 
1681.98   
1594.71   
1372.56   
1320.99   
1509.42   
2025.12   
4573.88   
7146.45   
6452.23   
4024.46   
2437.69   
1553.06   
1295.4435 
1156.2263 
934.8154  
872.3576  
783.714   
1263.2141 
2860.8603 
3743.294  
2800.4238 
5876.8545 
4960.1701 
2159.7463 
623.0888  
611.454   
459.1772  
349.1139  
358.5908  
934.5337  
3506.9602 
10562.3086
16203.4211
5078.9821 
3110.5016 
2023.7011 
2155.3994 
1677.7709 
821.6822  
866.2106  
805.4892  
1060.4965 
2483.6682 
16265.6536
11938.672 
5952.1328 
8621.5874 
3013.5083 
670.6021  
575.4083  
465.8174  
375.2584  
470.7894  
667.5151  
690.3257  
659.4476  
943.8097  
304.2587  
1445.4772 
2150.7188 
1582.81   
1185.12   
880.26    
856.86    
662.68    
788.23    
777.52    
3145.79   
4631.41   
3968.93   
5456.53   
4472.73   
2112.4    
1644.3    
805.29    
848.93    
789.42    
1039.34   
2434.12   
15941.16  
11700.5   
5833.39   
8449.59   
2953.39   
1562.98   
1073.06   
575.41    
537.52    
900.3     
796.96    
2782.81   
12729.92  
11006.28  
3145.79   
2122.31   
993.72    
1916.03   
1620.5    
1289.26   
1217.85   
1253.55   
2223.47   
8616.2    
20096.53  
9401.65   
4357.69   
3183.47   
2286.94   
1410.664  
959.9415  
777.966   
747.3878  
663.2761  
833.3981  
1454.628  
30688.6677
20129.6967
6552.5235 
3041.1479 
2121.73   
1377.5072 
1165.8971 
1228.976  
1084.507  
1157.7622 
1460.9285 
4897.5824 
31243.166 
14289.859 
5011.5223 
2093.7277 
1418.2023 
7134.9571 
4650.7856 
2037.9859 
1559.6382 
972.7663  
1662.1435 
3185.607  
9687.4655 
6363.1785 
4664.8603 
4088.0301 
2307.3105 
2298.5261 
1615.6126 
1289.2684 
1190.5588 
1140.2036 
1277.1824 
2693.3647 
2969.3536 
1579.3544 
1329.5587 
1147.8513 
1196.6018 
3964.96   
2169.92   
1384.46   
1047.27   
1531.24   
1412.23   
3796.36   
5543.8    
3447.27   
2584.46   
1108.76   
680.33    
775.54    
665.45    
538.71    
433.98    
544.46    
771.97    
798.35    
762.64    
1091.5    
351.87    
1671.67   
2487.27   
1719.67   
914.38    
633.92    
601.98    
559.34    
1003.64   
2237.36   
3264.79   
3570.25   
1793.06   
1787.11   
926.28    
711.2972  
635.187   
627.777   
372.3533  
269.1637  
588.7099  
933.5831  
1329.6471 
1489.9567 
1426.6425 
1425.2909 
1549.2298 
