NaN       
2572.3101 
2602.0099 
1995.1894 
1418.2283 
1998.8994 
2567.0245 
11858.2615
38772.7043
62131.374 
31239.996 
8296.724  
4698.6252 
2328.8262 
2713.3999 
2247.3741 
2236.2227 
1892.4036 
3083.22   
5985.1227 
23100.5446
56823.7263
37758.4381
12808.5056
6974.4647 
5209.0889 
5612.0086 
3810.3385 
2957.5791 
2842.0888 
5478.2046 
8857.7006 
18922.8337
21889.8812
13943.5394
5873.8069 
4242.3067 
8025.8387 
5525.6758 
4072.0985 
3085.4838 
2577.6907 
3790.1093 
17399.0453
42468.6423
50646.5427
18873.231 
7200.3828 
5496.8008 
3048.9924 
3187.8372 
3257.1208 
2643.8829 
2424.0717 
2809.0884 
8347.5484 
27769.5969
53295.0055
15964.0193
7269.9341 
4368.2958 
7162.3691 
4129.0265 
2825.4324 
2419.6684 
2338.583  
6176.5313 
20438.8488
35911.9525
56973.0442
15987.8213
5670.2832 
3539.1939 
6576.5682 
3784.3445 
3698.2276 
3432.2591 
3097.462  
5583.5333 
17503.4259
46322.3222
65151.7518
25193.0929
6354.176  
7008.0054 
4418.2324 
3176.2159 
2766.0022 
2688.698  
2492.4112 
3151.2934 
10516.577 
35406.0622
32760.3878
13781.588 
6512.286  
4830.9057 
3600.8212 
3138.3291 
2729.6096 
2816.4868 
2605.8394 
2993.99   
14498.8297
38169.4303
65052.5626
17987.3849
5878.8876 
4348.8773 
5220.5932 
5624.4028 
3818.7536 
2964.111  
2848.3655 
5490.3033 
8877.2628 
18964.6248
21938.2251
13974.3338
5886.7792 
4251.6759 
2734.8154 
2125.0734 
2135.0737 
2420.881  
2162.9444 
2455.7736 
8868.4899 
33894.2084
60866.277 
26945.2827
9086.3465 
3911.9316 
5529.8074 
3365.1337 
2436.6012 
2887.4391 
2580.2354 
5757.0073 
7590.879  
24667.8926
49803.8665
19423.7346
11537.0262
6923.1831 
3704.9663 
2318.1102 
2156.3752 
1453.6769 
1826.5764 
2796.3518 
7890.1123 
17723.2056
17190.9379
5447.5537 
5965.5859 
5664.1379 
2410.7823 
2808.89   
2326.4638 
2314.9199 
1959.0011 
3191.7248 
6195.7513 
23913.4997
58823.4687
39087.2342
13259.2629
7219.9103 
5419.4898 
3298.0006 
2387.9919 
2829.8358 
2528.7607 
5642.1572 
7439.4438 
24175.7775
48810.2983
19036.2385
11306.8669
6785.0682 
4391.6217 
2435.1198 
2468.0657 
3286.2583 
3065.1182 
2996.4694 
20928.8321
51562.7181
90282.1524
21488.9321
9738.9519 
6031.7955 
6073.2307 
4604.5105 
3545.7394 
3047.8221 
2698.6076 
3223.8178 
11201.6225
30312.5396
29841.0822
10411.2583
5390.8878 
4117.1057 
4080.6621 
2692.6865 
2329.3493 
2417.756  
2220.0117 
2311.3812 
11267.3909
37836.4236
51158.2333
24878.7349
5906.4277 
5493.4299 
3564.0671 
2615.121  
2703.0426 
2621.6322 
2253.3018 
2488.3765 
8354.7829 
39526.8389
62429.775 
26767.617 
5975.6521 
4514.4171 
8351.7915 
5750.0896 
4237.4783 
3210.7943 
2682.3783 
3944.0367 
18105.6713
44193.4178
52703.4466
19639.728 
7492.8114 
5720.042  
5207.531  
2805.287  
2735.585  
3021.8671 
3022.4715 
3190.3407 
12830.5008
49449.0318
40704.6038
10266.391 
4399.5912 
4225.3964 
14309.5247
6361.5519 
3052.3247 
2171.1163 
2238.9718 
2926.4519 
29728.3005
54721.2591
59793.9146
31495.8545
8027.6301 
4356.7915 
4284.731  
2680.8553 
2493.8115 
1681.1528 
2112.4048 
3233.9337 
9124.7818 
20496.5884
19881.0298
6300.004  
6899.0995 
6550.48   
3579.8754 
2822.2191 
2002.2612 
2169.8667 
1957.2358 
1992.7206 
7361.1948 
32559.6636
32649.1788
13646.6994
5294.351  
3691.1298 
2289.6589 
1894.7615 
1725.9874 
1253.6273 
1069.482  
1814.8605 
4549.5184 
11564.0844
23167.8971
6981.3717 
2277.8846 
2286.2641 
