NaN      
55172.87 
49892.08 
50180.73 
39709.28 
44258.82 
47365.11 
92185.04 
455494.48
750367.29
445708.71
169434.15
78700.47 
50480.68 
36312.59 
45447.2  
38591.91 
31523.12 
47147.01 
57295.58 
267906.95
522283.84
416954.25
192561.41
94257.75 
54746.59 
77454.85 
62318.91 
48989.63 
47784.1  
71730.5  
108512.67
279818.2 
304016.79
174515.56
97622.7  
81594.3  
96656.15 
85089.39 
70153.33 
53074.72 
53163.09 
72397.92 
177854.87
507596.83
557562.55
302904.14
134503.2 
64281.58 
48944.99 
52187.04 
51531.83 
48072.1  
42260.2  
49635.24 
90968.39 
335981.14
688220.3 
220606.63
124297.84
69154.41 
103584.38
72810.59 
49566.56 
44093.29 
41658.08 
84890.17 
211713.39
395760.55
681846.09
225701.09
98933.91 
60430.1  
94017.23 
88982.1  
75935.67 
55341.09 
64334.04 
106149.46
203707.68
520123.27
801795.38
517358.53
163002.79
116053.58
49817.27 
86480.81 
48335.2  
47788.21 
41832.93 
55772.55 
107851.29
379873.42
403418.9 
266898.14
142767.92
94562.44 
68336.8  
65098.93 
54496.36 
55144.92 
46502.74 
68389.78 
122392.61
366340.9 
523610.32
325978.35
114252.79
62450.74 
61858.54 
87516.76 
70414.56 
55353.71 
53991.58 
81048.78 
122609.2 
316168.48
343510.64
197186.31
110304.56
92193.96 
72281.66 
60980.9  
61613.51 
44936.08 
47416.66 
66863.44 
109843.52
444217.86
779457.49
524182.24
212080.14
94599.59 
59468.43 
65047.35 
63350.51 
41247.59 
57513.02 
73801.79 
83999    
264486.28
529304.74
360910.82
159482.37
105953.78
60744.94 
57640.98 
43863.84 
38223.88 
40769.79 
51087.78 
91595.22 
269050.15
237442.59
106805.8 
110177.52
74609.54 
61625.56 
44329.51 
55480.82 
47112.05 
38482.64 
57555.9  
69945.02 
327054.15
637591.16
509007.41
235074.2 
115067.53
66360.37 
72585.85 
70692.36 
46027.88 
64178.35 
82354.86 
93733.85 
295138.24
590647.16
402737.65
177965.17
118233.02
69618.6  
56783.23 
53019.03 
48248.12 
41671.76 
47298.04 
181363.99
650878.95
1050191.4
313952.57
190876.52
101081.62
103621.16
85070.85 
67659.89 
40610.31 
36874.19 
43152.27 
127749.6 
328472.13
328834.25
178897.06
91702.06 
40851.12 
80063.56 
68266.94 
63748.94 
64778.35 
51526.96 
57879.82 
181716.34
590492.31
568567.11
339623.78
148299.53
101040.37
81082.87 
64169.7  
63252.64 
69323.95 
65615.01 
61892.83 
89483.98 
413649.55
731477.14
406739.55
154468.96
75024.78 
84093.2  
74029.83 
61035.1  
46176.3  
46253.18 
62987.95 
154738.05
441621.56
485092.96
263533.96
117021.05
55926.54 
91738.76 
64562.84 
75785.76 
66222.31 
50244.94 
66184.02 
135371.33
578551.96
543995.43
259997.86
123417.32
81460.46 
174594.45
88868.84 
59125.79 
55569.25 
62183.18 
65740.77 
375621.29
691534.98
771568.66
431121.66
155401.25
74430.75 
67779.18 
64315.78 
48943.25 
42650.18 
45490.91 
57003.72 
102201.91
300206.04
264938.33
119173.86
122936.02
83249.29 
66363.94 
65271.36 
50332.99 
48543.48 
42648.31 
49480.16 
95710.11 
472004.29
544830.65
270357.91
146354.89
79032.01 
44891.97 
41422.68 
38586.2  
35129.15 
26140.25 
26984.71 
49035.1  
131290.14
249797.4 
156739.26
65970.47 
50963.05 
