NaN      
551763.4 
464079.7 
551284.7 
401382.3 
465067   
543241.6 
736271.8 
2653821  
4818428.8
2875800.8
1528892.2
694163.9 
606833.5 
392005.4 
318397.7 
266553.4 
356335.8 
619767.3 
959693.2 
2894671.1
3815457.3
2489710.2
1410849.4
917824.7 
453556.2 
498838.9 
403731.5 
347027.7 
381498.9 
905852.1 
1354303.3
2442149  
2137602.4
1243507.6
564157.5 
571866.1 
756940.5 
556781.4 
469178.2 
408043.8 
376805.1 
1010435.6
2615181.3
4462153.7
3929138.5
1730823.9
814634.5 
538081.7 
449720.1 
483573.2 
496783.5 
413243.8 
422826.2 
472195.8 
625133   
1861680.2
3811592.1
1954127.9
1034225.6
426601.1 
813877.5 
756038.8 
512528   
423223.1 
459602   
1094995.2
2512881.6
2888415.4
4706683.5
1988724.7
851112.1 
479408.7 
703214.2 
509100.3 
452798.7 
332186.5 
542867.9 
847429.2 
1900838.1
3414485.3
4863026.4
2516636.5
980187.7 
724643.6 
376124.6 
638324.1 
414707.3 
356900.5 
541218.8 
784817.1 
1434572.4
2898809.6
2387892.4
1423992.5
943309.6 
634605.7 
582611.8 
717733.6 
385583.9 
362967.9 
532274.5 
860063   
1438381.8
2589188  
3230049.7
1495677  
924962.4 
562005.1 
401574.4 
441667.2 
357460   
307255   
337775.5 
802032.8 
1199087.3
2162255.5
1892612.9
1100989.8
499499.7 
506324.8 
255182.4 
366164.4 
299766.1 
286593.8 
302786.8 
619780.9 
1403784.3
3031283.8
3797995.5
1874676.1
777765.4 
292699.4 
474778.1 
493573.1 
270853.8 
323591.7 
306614.7 
457898   
630453   
1959612  
3096605.2
1615777.1
1114104.4
624414.5 
345220.7 
278700.9 
213331.3 
125370.8 
230587.1 
357818.3 
474961.7 
1124837.4
1143973.5
567066   
425156.6 
416230.8 
604211.5 
390311.7 
317022   
265401.7 
354796.2 
617089.4 
955546.6 
2882164  
3798971.8
2478952.9
1404753.5
913859.1 
463448.9 
481795.4 
264390.6 
315870.1 
299298.2 
446971.6 
615409.1 
1912851.5
3022713.5
1577221.2
1087519.4
609514.6 
407340.2 
427523.3 
322289.7 
464754.2 
365293.8 
412327.3 
2206344.9
5275104.7
5873672.6
2195592.2
1188865.7
657537.1 
634671.6 
505149.8 
330963.2 
220667.8 
351845   
553812.4 
1173201.7
2018898.4
1650323.8
727703.2 
531306.3 
309893.1 
401048   
361323.3 
281665.4 
369360.7 
336008.4 
506770   
1732455.2
3405594.1
2646694.8
1852449.6
804087   
542126.9 
241103.1 
285443.5 
254113.3 
338137.9 
461953.7 
486970.8 
1137240.3
3277043.6
3861813.4
1506518.2
492888   
510254.3 
644971.6 
474420.6 
399775.9 
347684.7 
321066.9 
860968.9 
2228335.7
3802098.3
3347928.3
1474795.1
694131.3 
458487   
670597.7 
564261.4 
523217.4 
586261.9 
609056.5 
810215.8 
1759632.4
3916074.8
3181111.7
1372804.5
725277.3 
622032.4 
844316.2 
563929.6 
381945.9 
344582   
798102.3 
561465.5 
2608898.2
4244016  
3965255  
2627797.5
940382.7 
424564.6 
420360.2 
339362   
259764.2 
152658.5 
280775.9 
435699.7 
578340.2 
1369665.5
1392966.8
690491.6 
517694.7 
506826.1 
274414.8 
294808.8 
209458.2 
210225.8 
218775.8 
280203.8 
575340.2 
2152800.6
2649768.3
1559339.6
803248.7 
302269.2 
202934.2 
237141.1 
237503.8 
190324.9 
184003.4 
230747.5 
386162.4 
710872.8 
1319344.3
619731.1 
283539   
329615.4 
