NaN       
731.8176  
435.0239  
357.8237  
295.9993  
225.5869  
332.1004  
1120.1614 
9350.6102 
17390.7789
11233.5014
4154.7195 
1327.5972 
753.0004  
495.8694  
399.1144  
319.9793  
303.8856  
370.3757  
798.0355  
4889.7401 
13448.6932
11496.2535
5267.1967 
2040.5876 
964.5185  
631.2186  
445.4742  
353.2051  
263.338   
639.4583  
1696.6514 
6997.6773 
9476.3157 
4911.0408 
1939.8916 
1322.7405 
2510.8276 
1189.7489 
657.2627  
450.9832  
334.7173  
412.744   
1792.5399 
7860.8317 
12544.4881
6810.1443 
2628.6418 
1537.3976 
607.34    
461.75    
441.12    
389.36    
325.69    
402.25    
1101.22   
6743.8    
19126.61  
7681.98   
3629.75   
1309.09   
2173.88   
1243.64   
639.87    
539.5     
341.36    
603.97    
2719.34   
8590.41   
17400.99  
8370.25   
3092.23   
1610.58   
1287.9758 
741.5038  
510.3171  
391.4667  
323.8273  
944.0431  
2356.5537 
7725.8271 
16172.8375
9470.8914 
3205.7234 
1718.6599 
727.683   
574.9174  
370.0901  
271.5079  
231.1585  
342.2282  
1907.1234 
9027.351  
8518.1454 
5253.4633 
2399.9955 
1243.234  
661.49    
657.12    
494.88    
365.36    
259.64    
322.51    
1572.5    
7703.8    
15808.26  
5940.5    
1842.65   
782.28    
966.6487  
632.6126  
446.4581  
353.9852  
263.9196  
640.8706  
1700.3984 
7013.1317 
9497.2441 
4921.8869 
1944.1759 
1325.6617 
561.9414  
407.1089  
387.1905  
394.8775  
319.3308  
329.9811  
1087.5961 
7130.2984 
15791.1908
10303.9164
3919.2004 
1384.6418 
1333.7172 
854.6703  
439.7835  
411.8564  
299.9336  
497.4642  
1121.2077 
7751.326  
18761.0559
10548.2843
5035.333  
1762.7665 
775.5669  
344.0431  
242.684   
139.44    
204.2658  
311.9717  
1155.1141 
6850.061  
7476.071  
3075.1508 
2823.0329 
1955.2036 
779.5     
513.32    
413.16    
331.24    
314.58    
383.41    
826.12    
5061.82   
13921.98  
11900.83  
5452.56   
2112.4    
1307.11   
837.62    
431.01    
403.64    
293.95    
487.54    
1098.84   
7596.69   
18386.78  
10337.85  
4934.88   
1727.6    
1005.62   
709.29    
480.79    
378.25    
297.72    
275.7     
1557.03   
10036.36  
23422.81  
9385.79   
3766.61   
1180.17   
1277.36   
834.64    
470.48    
367.14    
303.27    
446.88    
2152.26   
10302.15  
9433.39   
3677.36   
1749.42   
946.12    
1036.016  
685.8363  
438.3004  
372.1616  
257.2886  
247.3432  
1243.9824 
12458.9633
15882.4109
10033.3113
2727.6659 
1643.8697 
740.0302  
434.6173  
344.0768  
308.6648  
247.0118  
302.9714  
1118.8932 
8010.7071 
21148.9076
9770.7395 
2590.2031 
1273.7333 
2612.7996 
1238.068  
683.956   
469.2989  
348.3111  
429.5067  
1865.3402 
8180.083  
13053.9563
7086.7241 
2735.3986 
1599.8358 
1305.3866 
590.4501  
482.4676  
434.1234  
368.8485  
428.6796  
2003.6058 
11428.1681
11873.372 
4607.1273 
1728.4294 
1557.1932 
2901.82   
1188.1    
777.52    
538.71    
467.7     
566.08    
2993.06   
8259.17   
13422.15  
10195.04  
2985.12   
1069.09   
896.93    
397.88    
280.66    
161.26    
236.23    
360.79    
1335.87   
7921.98   
8645.95   
3556.36   
3264.79   
2261.16   
848.93    
559.93    
352.86    
317.95    
322.71    
335.01    
701.55    
7108.76   
9724.96   
6515.7    
1935.87   
710.48    
489.9622  
342.3127  
234.8102  
132.6937  
103.733   
169.8795  
806.812   
2932.764  
7441.6945 
2586.5391 
910.6808  
775.9631  
