NaN       
1012.4613 
1057.3413 
848.1055  
448.5895  
445.5928  
644.2597  
3952.5229 
17261.9611
31304.6247
22190.4419
8464.332  
3319.0332 
1322.4696 
974.8916  
765.6647  
587.4659  
469.2463  
617.1609  
1373.436  
8333.3621 
21784.5282
18623.9842
9514.6115 
4505.6278 
1773.6673 
1443.9856 
792.0511  
805.9157  
662.9918  
1188.2793 
3808.8686 
11000.4388
17113.279 
10168.7801
4691.1821 
2400.467  
4219.0211 
2059.6788 
926.8944  
678.7047  
563.9773  
804.825   
3687.684  
13239.2012
20945.6154
10870.6874
4393.235  
3011.8811 
1232.15   
849.33    
744.41    
731.51    
462.55    
874.92    
3758.13   
11924.19  
31195.26  
13536.77  
6597.71   
2526.58   
3148.01   
1841.68   
934.62    
729.53    
541.89    
1611.19   
5746.99   
16423.56  
29029.08  
13920.38  
5763.05   
2962.95   
2436.832  
1378.3939 
1117.5458 
830.6928  
494.6773  
1360.3164 
5969.056  
12937.8316
30204.0536
17267.2359
5515.4192 
3034.0951 
1295.8964 
675.4274  
470.3966  
366.8253  
523.0494  
1225.3796 
6507.7316 
14577.3068
14462.3911
9743.0503 
5032.7481 
2346.4128 
1061.57   
1177.01   
983.62    
611.91    
462.35    
897.93    
3845.6    
12616.43  
25966.36  
10105.72  
3685.14   
1564.58   
1777.5845 
1447.1746 
793.8003  
807.6956  
664.456   
1190.9036 
3817.2805 
11024.7333
17151.0737
10191.2379
4701.5425 
2405.7685 
998.8434  
652.683   
614.2185  
688.3829  
1005.3569 
855.248   
4077.8316 
15038.717 
27199.0418
18110.0083
7749.151  
3019.0242 
2156.634  
1472.9753 
607.3667  
557.5734  
442.0181  
945.7575  
2866.6179 
13839.4416
28081.2401
15588.6782
11122.6017
3541.369  
1358.1953 
624.4708  
327.2421  
293.1128  
387.6148  
762.7089  
2470.1009 
10823.2101
13140.6672
6264.1034 
5881.4606 
4406.2899 
1369.01   
1009.2    
792.61    
608.14    
485.76    
638.88    
1421.77   
8626.63   
22551.17  
19279.4   
9849.45   
4664.19   
2113.61   
1443.59   
595.25    
546.45    
433.2     
926.89    
2809.43   
13563.35  
27521.03  
15277.69  
10900.71  
3470.72   
2312.96   
1434.07   
633.73    
511.35    
1143.09   
1412.25   
6337.47   
20620.24  
36286.69  
15004.56  
7179.27   
2606.51   
2117.98   
1598.9    
869.37    
670.22    
689.86    
579.58    
6949.18   
19155.82  
15797.37  
7224.29   
3942.2    
2049.94   
1620.3747 
897.2528  
678.0111  
502.3382  
365.4736  
524.7057  
2728.6585 
26559.8592
29955.0608
18041.0795
5761.6342 
3317.4021 
1425.7525 
1009.4361 
1026.7318 
803.9297  
751.8376  
1205.5868 
5039.0559 
21420.8268
33094.7957
17283.5657
5244.1622 
2737.9548 
4390.3679 
2143.3284 
964.5383  
706.2689  
586.8821  
837.5113  
3837.4516 
13776.8838
21796.278 
11312.1777
4571.6571 
3134.2024 
2403.7155 
1326.5524 
1067.088  
676.2713  
539.8917  
922.2481  
3542.9238 
16569.5503
16709.5658
7654.7356 
3469.798  
2834.4162 
4616.79   
2180.26   
1188.31   
816.41    
1055.02   
1032.01   
6174.83   
13919.99  
21163.92  
16623.69  
5513.92   
2214.38   
1570.73   
722.19    
378.45    
338.98    
448.27    
882.06    
2856.63   
12516.86  
15196.96  
7244.33   
6801.81   
5095.8    
1659.79   
1069.7    
479.01    
429.82    
507.38    
511.74    
2339.93   
10334.02  
16364.05  
11525.9   
4289.51   
1539.39   
903.5493  
570.1272  
298.3961  
211.0996  
151.4258  
505.4614  
1917.2974 
5218.0136 
12095.0755
4803.6251 
2049.7263 
1810.739  
