NaN         
3873.58303  
1726.62047  
4964.66237  
3247.09232  
2712.11148  
2814.683    
6817.98883  
56854.78648 
115837.42905
75699.78804 
20170.38642 
5864.67712  
4778.82349  
3234.18255  
3162.69823  
3415.79136  
2320.34244  
3193.61036  
7369.64715  
32146.69259 
99107.21576 
71922.88749 
22547.50741 
12073.1223  
2435.44296  
3268.5408   
3242.18978  
3450.97099  
3156.04219  
7300.24788  
13754.2224  
44115.67257 
59501.63161 
30790.16111 
10999.52661 
9224.88632  
12557.49737 
4425.69987  
3503.55735  
2935.86031  
2588.23108  
3353.59964  
16031.84218 
68557.93736 
107042.5381 
38541.07833 
9480.44312  
5461.77131  
91          
930         
2379        
2838        
2841        
2881        
7431        
42908       
119323      
36430       
14915       
7496        
11819       
5423        
3358        
2996        
4217        
5544        
22450       
54654       
126940      
39924       
9342        
3897        
7754.36182  
5833.95125  
3193.51475  
2358.77629  
5669.052    
5402.75507  
20744.53102 
78433.66451 
169747.90679
77464.75337 
22561.49547 
9125.79102  
2090.60869  
2636.99577  
2244.64335  
2116.76552  
2028.60732  
3485.63952  
14943.29894 
72480.57031 
72474.75768 
30966.778   
11000.39932 
4185.09248  
2284        
3306        
2464        
2844        
2743        
3956        
19589       
62824       
119588      
29283       
7380        
2134        
2440.82164  
3275.75939  
3249.35016  
3458.59247  
3163.01232  
7316.3705   
13784.59864 
44213.10217 
59633.04116 
30858.16128 
11023.8191  
9245.25951  
1887.42462  
1711.41084  
3481.49294  
3641.59588  
2828.15365  
3279.62403  
9340.66359  
64990.85159 
126716.99557
62915.48005 
22340.82276 
4188.53136  
7618.99608  
4643.63883  
2233.55865  
3248.81258  
3479.41297  
4227.3337   
11038.20806 
49848.45781 
124078.31529
54099.2597  
19935.70984 
5678.27952  
2941.67713  
851.72016   
797.24465   
2043.26369  
2122.81521  
2878.55472  
9321.36375  
52527.35472 
62348.50959 
16551.04115 
17014.51527 
8857.02495  
4947        
3348        
3274        
3536        
2402        
3306        
7629        
33278       
102595      
74454       
23341       
12498       
7467        
4551        
2189        
3184        
3410        
4143        
10818       
48854       
121603      
53020       
19538       
5565        
6088        
2634        
5663        
3477        
2654        
3537        
15501       
71297       
169382      
50167       
20611       
6247        
9073        
4755        
1863        
2027        
2369        
3616        
14893       
59311       
62762       
19809       
8421        
3230        
4121.74461  
3637.00354  
2592.35282  
3263.08797  
2548.98632  
2581.75212  
13816.56592 
75368.08054 
103976.4767 
56827.45756 
12399.92702 
5493.08961  
1808.55464  
1572.6116   
2471.24681  
4805.03115  
3869.46573  
4276.72392  
8451.88976  
54719.2926  
128332.4929 
43235.02195 
9398.73941  
3792.52779  
13067.494   
4605.44046  
3645.84704  
3055.09417  
2693.3467   
3489.79911  
16682.94209 
71342.2753  
111389.84801
40106.34401 
9865.47158  
5683.58978  
529.14627   
1206.57538  
1363.99893  
4037.15247  
3566.91307  
3909.18235  
16405.56573 
98436.44128 
87454.37094 
24292.99366 
9653.61866  
8082.43002  
23161       
7853        
4529        
4866        
4775        
3488        
29615       
72538       
122126      
76076       
16365       
3922        
3402        
985         
922         
2363        
2455        
3329        
10780       
60747       
72105       
19141       
19677       
10243       
3583        
2031        
1079        
2431        
2152        
3583        
5742        
62740       
82866       
43272       
12793       
4588        
1040.52191  
874.1199    
459.81288   
472.03833   
1115.23301  
1805.97111  
7626.64522  
21448.19925 
48334.00841 
16417.42526 
4706.12029  
2788.08252  
