NaN       
2163.97   
1876.36   
1495.54   
1396.36   
1051.24   
2372.23   
9352.07   
19029.42  
8427.77   
5014.22   
6472.07   
3016.86   
965.95    
1008.2    
549.22    
874.12    
892.17    
1150.41   
2471.41   
4244.63   
4907.11   
2495.21   
2356.36   
1650.25   
1945.79   
1507.44   
1110.74   
868.76    
858.84    
1263.47   
1725.62   
4500.5    
4776.2    
2463.47   
3010.91   
1707.77   
1945.79   
1507.44   
1110.74   
868.76    
858.84    
1263.47   
1725.62   
4500.5    
4776.2    
2463.47   
3010.91   
1707.77   
818.8437  
695.6632  
388.9201  
453.8749  
459.4259  
1344.6021 
10138.9478
7667.5807 
5578.4046 
2566.4231 
1602.0352 
1928.7759 
818.2635  
753.8798  
644.6479  
548.6425  
435.3818  
860.4259  
981.1548  
1531.1306 
1414.2372 
1170.8663 
5340.7598 
3311.3903 
1238.0671 
1342.482  
1078.2486 
950.3916  
735.1695  
950.3916  
1538.5272 
3903.8435 
3177.2042 
2482.5158 
3343.4151 
2418.5927 
2107.6611 
1431.3868 
1346.3257 
1240.5352 
1012.3354 
1358.7716 
2410.5261 
3918.6698 
4468.4035 
2188.5597 
1219.785  
1331.8089 
790.693   
728.4787  
622.9272  
530.1566  
420.7121  
831.4347  
948.0959  
1479.5408 
1366.586  
1131.4152 
5160.8087 
3199.8166 
1102.9923 
922.0022  
589.6799  
539.3042  
515.3401  
724.3601  
1090.7952 
2116.6008 
4986.7998 
4432.2569 
3406.4616 
2352.2269 
1679.0415 
1320.6687 
1174.1451 
1160.2794 
1085.0411 
2324.5319 
3821.4122 
6670.6358 
4146.1339 
2728.445  
1603.8032 
1267.2023 
876.2536  
698.554   
675.8782  
706.7202  
549.4413  
692.4268  
1881.189  
4426.1973 
13364.3834
11432.1377
13795.3583
4332.2398 
858.84    
733.09    
650.18    
501.82    
576.79    
656.93    
930.25    
3530.58   
5204.63   
3258.84   
4399.34   
1453.88   
2530.1647 
1806.6965 
1343.5939 
1176.6404 
987.822   
1953.769  
3834.0068 
7614.3432 
5173.6225 
3613.383  
2297.6163 
2150.5438 
1681.98   
1322.98   
1176.2    
1162.31   
1086.94   
2328.6    
3828.1    
6682.31   
4153.39   
2733.22   
1606.61   
1269.42   
1965.3988 
1522.6313 
1121.9335 
877.515   
867.495   
1276.2027 
1743.01   
4545.8539 
4824.3323 
2488.2957 
3041.2525 
1724.9801 
1675.1257 
890.695   
617.4997  
586.387   
544.8515  
977.6429  
2179.406  
3180.2227 
3477.7704 
1746.6147 
1740.8188 
902.2867  
1150.41   
890.98    
765.62    
524.63    
425.85    
657.72    
1048.46   
3314.38   
2862.15   
1420.17   
2614.22   
1001.65   
1435.4667 
1248.697  
888.9865  
337.8826  
569.1545  
885.6219  
1439.6672 
2568.7393 
3389.3113 
2184.6828 
946.4924  
1099.6896 
854.2603  
657.0753  
567.4206  
600.3348  
483.7165  
564.2833  
625.4176  
968.6896  
538.7343  
987.3397  
888.7471  
599.7105  
3719.8501 
3498.5845 
2125.6259 
1605.5702 
1295.4246 
1448.6048 
5283.812  
15023.113 
15467.5321
7524.7951 
3880.5911 
2449.0149 
1275.37   
1138.31   
920.33    
858.84    
771.57    
1243.64   
2816.53   
3685.29   
2757.03   
5785.79   
4883.31   
2126.28   
1918.7702 
1486.5073 
1095.3159 
856.6961  
846.9139  
1245.9251 
1701.6575 
4438.0048 
4709.8763 
2429.2615 
2969.0996 
1684.0554 
1606.61   
1392.4    
1049.26   
1049.26   
946.12    
1555.04   
4669.09   
32296.86  
14961.32  
7923.97   
3594.05   
1949.75   
7124.1659 
4643.7515 
2034.9036 
1557.2794 
971.295   
1659.6296 
3180.7889 
9672.8138 
6353.5546 
4657.8049 
4081.8472 
2303.8208 
