NaN       
5915.5228 
3852.2691 
3539.1542 
3293.4386 
2929.9627 
4603.3997 
6808.6917 
25995.2991
36543.6171
20557.8388
7877.4199 
3962.0359 
3048.9924 
3187.8372 
3257.1208 
2643.8829 
2424.0717 
2809.0884 
8347.5484 
27769.5969
53295.0055
15964.0193
7269.9341 
4368.2958 
4095.307  
3834.1003 
2563.4322 
2282.3707 
2185.0603 
2909.493  
6868.99   
18085.9052
51354.3914
18251.1306
7971.3385 
5486.8097 
4095.307  
3834.1003 
2563.4322 
2282.3707 
2185.0603 
2909.493  
6868.99   
18085.9052
51354.3914
18251.1306
7971.3385 
5486.8097 
2830.9827 
2678.3816 
2222.9347 
2022.7076 
1848.8976 
3129.7886 
10781.2522
52850.9447
70202.2241
22493.4188
10510.1703
8118.9308 
2985.9996 
2298.3217 
1525.7308 
1514.2137 
1525.1176 
1998.1082 
10023.8087
24479.2642
27571.2756
10798.4692
7954.5277 
3611.5691 
3278.5891 
3361.0781 
2933.461  
2741.2071 
2522.2949 
3162.7082 
8395.4606 
21364.4651
31982.2046
16418.3037
8849.5653 
5391.3373 
6951.856  
5751.9275 
3390.8012 
3541.9073 
3092.323  
3524.1703 
19127.2453
69658.0701
76927.2821
28192.3256
7510.3512 
6709.0158 
2885.3896 
2220.8822 
1474.323  
1463.1939 
1473.7304 
1930.7841 
9686.0673 
23654.4616
26642.2911
10434.6264
7686.5084 
3489.8811 
3221.9631 
2617.8311 
2336.2305 
2044.6358 
1894.6439 
4149.5204 
11527.5448
27477.5572
47161.1387
22653.3167
5060.807  
4372.6599 
4335.4386 
3508.1614 
2306.1236 
2746.4035 
2712.2083 
3941.9666 
11498.1057
57940.3917
62741.9894
23314.7392
7240.0665 
4746.7903 
1914.6271 
2012.9975 
2305.5145 
2570.2321 
2307.7409 
2390.7511 
12470.1795
40722.5721
72772.2323
39668.2158
16265.4045
7758.4721 
4205.4903 
2800.242  
2627.638  
2180.2007 
1914.8286 
2923.556  
6699.2026 
23145.9259
52115.5982
15652.0747
6996.9652 
3545.7196 
6675.983  
4344.6839 
3860.19   
3543.3886 
3142.7311 
6503.9773 
18416.0367
31629.627 
72061.8148
32702.3867
7953.4641 
6040.3729 
4343.026  
3514.301  
2310.1595 
2751.2099 
2716.9549 
3948.8654 
11518.2283
58041.7922
62851.793 
23355.5419
7252.7372 
4755.0976 
4136.5776 
3872.7386 
2589.2653 
2305.3714 
2207.0803 
2938.8135 
6938.2125 
18268.1665
51871.9168
18435.0569
8051.6699 
5542.1032 
3487.1465 
2749.1156 
1950.397  
2113.661  
1906.5379 
1941.1035 
7170.519  
31716.2761
31803.4726
13293.2112
5157.2123 
3595.5191 
2635.096  
2464.5351 
2333.6837 
1987.742  
2079.1614 
2854.3518 
12631.2877
54565.8719
44078.2092
9481.97   
5610.8775 
2385.1753 
4406.2202 
3035.9987 
2245.9964 
2157.0757 
1541.9346 
1897.0926 
11415.7562
22478.4952
45023.0774
12704.1716
3615.2316 
3574.4964 
1981.5685 
2050.2865 
1682.2751 
1517.4867 
1638.7464 
2160.6366 
6334.0971 
12481.179 
9801.019  
4207.8666 
1724.3304 
2043.9695 
6126.5209 
3831.3805 
2873.7765 
3028.6807 
2672.9171 
2813.3731 
9146.7483 
56472.0459
61708.4203
24351.6524
7238.027  
5311.0371 
5139.6977 
5537.2501 
3759.5803 
2918.1807 
2804.2288 
5405.2285 
8739.7056 
18670.7593
21598.2823
13757.7951
5795.5609 
4185.7942 
4038.4384 
3780.8589 
2527.8356 
2250.677  
2154.7179 
2869.0909 
6773.6052 
17834.7591
50641.2694
17997.6901
7860.6462 
5410.6183 
4637.734  
3689.2256 
2766.9589 
2426.9081 
2296.8304 
2945.8704 
6803.6734 
37190.0388
60220.4657
32713.0871
9273.1077 
5497.6198 
8339.1599 
5741.3929 
4231.0694 
3205.9382 
2678.3213 
3938.0716 
18078.2875
44126.5778
52623.7357
19610.024 
7481.4789 
5711.3907 
