NaN      
99999.78 
77275.32 
64944.26 
55078.2  
37390.42 
59910.19 
105063.35
304367.3 
369071.31
303776.64
150284.16
72132.82 
48866.5  
52103.34 
51449.19 
47995    
42192.43 
49555.64 
90822.5  
335442.3 
687116.54
220252.82
124098.49
69043.5  
76516.13 
64745.05 
52028.5  
41811.28 
43877.95 
50913.46 
85613.18 
245937.87
734048.18
255417.22
169852.34
85043.84 
79719.07 
67455.26 
54206.4  
43561.49 
45714.67 
53044.69 
89196.92 
256232.77
764775.25
266108.92
176962.32
88603.75 
45917.77 
87405.89 
53980.76 
47923.5  
32097.99 
63081.68 
101867.96
539216.69
799467.45
420683.12
173112.8 
103799.82
83200.49 
66852.7  
55855.28 
51035.15 
47105.14 
59182.25 
159260.76
417002.46
508867.92
245068.43
172075.52
76163.29 
48324.47 
44720.73 
40722.15 
39642.73 
41654.77 
49640.33 
84523.4  
267217.91
343224.91
181920.29
103783.03
66320.01 
93903.83 
78033.79 
54709.79 
57391.39 
58137.11 
67396.48 
187090.59
671930.31
787866.14
373321.96
144070.38
86141.19 
51572.68 
41439.34 
34622.47 
31634.66 
29198.61 
36684.73 
98719.43 
258483.29
315427.04
151908.2 
106662.79
47210.6  
73207.37 
58366.57 
46449.19 
47844.46 
41922.32 
68540.96 
125269.75
347600.45
589612.2 
302570.89
123761.53
99285.62 
61263.15 
57832.76 
46957.06 
48218.96 
42673.75 
61609.09 
106575.73
573186.23
566824.75
260621.46
121601.82
68549.97 
45269.94 
43871.1  
44832.39 
44526.48 
36473.66 
40237.27 
103336.15
374315.22
781495.29
472064.36
218326.52
104367.9 
59152.49 
50175.24 
44113.23 
52902.69 
40909.02 
52526.21 
78910.09 
259040.31
674252.67
221581.63
133645.97
59539    
94981.43 
69424.25 
49857.3  
50595.81 
47677.99 
77488.66 
166796.12
367774.78
724960.43
337840.43
139681.54
103980.46
67935.11 
64131.13 
52070.99 
53470.32 
47321.2  
68318.73 
118182.53
635610   
628555.71
289004.86
134845.06
76015.52 
74397.89 
62952.68 
50588.17 
40653.8  
42663.25 
49504    
83243.11 
239129.45
713727.17
248346.38
165150.24
82689.53 
58897.61 
57927.96 
44670.24 
43082.06 
37850.13 
43913.35 
84942.17 
418901.08
483534.06
239941.08
129889.12
70140.45 
45920.99 
50333.34 
50455    
44980.13 
38200.41 
56022.13 
131824.77
618655.44
567389.35
154830.39
101995.85
49201.86 
52752.51 
36264.55 
32384.36 
30468.21 
30725.22 
36981.58 
89436.79 
211338.54
467100.45
161518.79
64168.02 
47738.6  
32699.54 
35686.49 
32356.61 
31855.45 
25406.21 
28800.68 
61669.43 
154729.96
121640.33
77493.5  
45209.87 
34549.19 
93603.34 
64445.75 
50568.98 
48588.46 
45234.94 
46650.27 
84115.49 
608377.54
684664.07
305463.97
132390.79
100947.05
43893.91 
62100.61 
49965.13 
39278.18 
38311.63 
57511.02 
87001.68 
224348.5 
243750.09
139920.5 
78270.49 
65419.47 
59038.72 
49956.32 
40144.42 
32260.97 
33855.58 
39284.08 
66057.86 
189762.03
566380.75
197076.16
131055.56
65618.57 
83416.06 
60833.93 
56312.44 
48431    
41738.97 
53193.85 
79889.67 
413789.2 
639982.65
371389.74
152672.54
72258.31 
104018.93
91571.07 
75497.26 
57117.69 
57212.79 
77912.83 
191402.96
546262.99
600034.85
325977.85
144748.98
69178.23 
