NaN      
665301.7 
442489.9 
315822.5 
342909.3 
306621.5 
574267.7 
1052159.2
2688717.2
2473883.5
1649939.3
779700.4 
476937.2 
387536.7 
416708.9 
428092.6 
356104.1 
364361.4 
406904.7 
538695   
1604263.3
3284558.4
1683928.1
891221.9 
367614.4 
224222.1 
285267   
202571.3 
273326.8 
331613.3 
447428.1 
522578.2 
1831433.6
4252217.6
1495674.1
1253826.8
357977.8 
240863.8 
306439.5 
217606.1 
293613   
356225.5 
480636.1 
561363.9 
1967362.3
4567816.5
1606682.8
1346885.6
384546.9 
597288.2 
704291.9 
488216.7 
478807.6 
456949   
880533.5 
1199049.3
3854836.7
4961321.3
1992352.9
1000259.3
1143356.1
683309.4 
426084.2 
346744.1 
304872.6 
302537.1 
707016.4 
835535   
2335259.5
2791754.4
1460813.4
1101606.6
430438   
354460.7 
373341.4 
359737.1 
309334.3 
439148.9 
514424.3 
810327   
2343954  
2583862.1
1204324.3
691616.5 
462901.1 
684587.4 
591447.7 
483499.1 
465336.9 
614931.3 
660395.3 
1536635.7
4514008.3
4574491.9
2293107.7
799016.8 
592516.8 
440518.5 
274689.6 
223540.3 
196546.4 
195040.7 
455802   
538655.8 
1505504  
1799798.8
941762.7 
710187.9 
277496.4 
428775   
449878   
491796   
359612.3 
425052.7 
748018.1 
761098   
2327488  
5086190  
2757708  
1123804.1
538458   
483130.9 
553052.5 
460621.7 
474877   
435536.2 
938745.2 
1156497  
4047817.3
3942591.3
1834330.6
885955.8 
446024.5 
278349.4 
319550.4 
361438   
384959   
395896.9 
453246.7 
1481910.3
3653483.7
6126124.7
4206017.5
1762066.2
957641.7 
300905   
301321.9 
299564   
322039.4 
292220.2 
367144.6 
443944.5 
1028208.9
3128846.1
1330159.7
826167.9 
324353.4 
581503.5 
457286.6 
361834.6 
400383   
422835.2 
562208   
1253081.8
2294759  
4037770.4
1928384  
855656.1 
575495.6 
672812.9 
770186.4 
641466.3 
661318.4 
606532   
1307305.7
1610549  
5637030.1
5490491.3
2554506.8
1233790.8
621138.1 
328440.9 
417859.5 
296726.8 
400369.5 
485747.7 
655393.4 
765473.4 
2682686.9
6228655.3
2190865.8
1836607.5
524366.5 
333299.1 
358069.4 
254404.1 
255336.4 
265721.1 
340330.4 
698797.7 
2614752.2
3218360.1
1893945.3
975611.2 
367130.6 
266871   
325232.5 
397071.8 
449991.3 
331737.4 
608653.6 
1177389.3
3334811.5
4188380.6
1364720.5
833850.7 
353230.8 
415383.3 
366198.3 
279782.6 
266964.8 
303786.8 
486145.9 
977786.9 
1723385.4
2910806.5
1560090.2
629238.8 
330040.5 
197744.9 
265227.8 
213002.7 
197446.2 
212140.7 
241414.4 
414174.6 
1088968.1
866986.3 
779962.1 
412820.7 
307114.9 
591333.4 
448065.8 
330209.3 
313987.6 
303715.4 
368209.6 
481377.4 
3034274  
3459524.3
1736911.5
777530.2 
958621.1 
272480.8 
299685.1 
242547.9 
208482.2 
229191.3 
544204.5 
813618.4 
1467158.3
1284197.2
747056.1 
338926.2 
343557.3 
208974.1 
265867.8 
188795.7 
254739.5 
309062.3 
417001.3 
487040.9 
1706889.3
3963051.1
1393962.7
1168561.9
333634   
1083811.8
551748.9 
387377.2 
364346.9 
422341.1 
766041.4 
1236707.4
3935330  
4168163.1
2305498.4
819392.7 
531133.3 
627456.8 
461537.3 
388919.6 
338243   
312348.1 
837588.5 
2167823.3
3698849.1
3257012.5
1434745.8
675281.6 
446036.4 
