NaN       
1342.81   
712.07    
461.16    
341.36    
277.29    
469.88    
1253.55   
9383.8    
12061.49  
8856.2    
3758.68   
1670.08   
607.34    
461.75    
441.12    
389.36    
325.69    
402.25    
1101.22   
6743.8    
19126.61  
7681.98   
3629.75   
1309.09   
1079.01   
658.91    
415.54    
413.95    
374.68    
465.92    
870.74    
4272.4    
15994.71  
8064.79   
4375.54   
1471.74   
1079.01   
658.91    
415.54    
413.95    
374.68    
465.92    
870.74    
4272.4    
15994.71  
8064.79   
4375.54   
1471.74   
722.999   
584.3735  
299.6147  
438.8292  
312.4839  
465.5559  
1815.7091 
12501.4014
16996.6004
7562.6307 
2867.4256 
1891.1569 
1239.8584 
766.3334  
441.5168  
303.7354  
160.9688  
304.6919  
1132.5395 
5361.841  
9650.5506 
5534.3069 
2408.8021 
786.8349  
596.4402  
455.1648  
455.3797  
387.1914  
284.9037  
314.3083  
757.3331  
5885.5996 
11726.4423
7973.8978 
3665.1793 
1553.439  
1292.3898 
782.2844  
517.3743  
422.9839  
363.6513  
421.7393  
1773.6709 
13392.754 
19628.5948
10113.0207
3200.9055 
2223.8266 
1198.0827 
740.5126  
426.6403  
293.5014  
155.5451  
294.4256  
1094.3798 
5181.1796 
9325.3857 
5347.8343 
2327.6401 
760.3233  
787.3221  
408.8946  
311.5943  
246.195   
253.9065  
392.2426  
1076.5807 
5898.8477 
13394.286 
8472.4862 
2234.4139 
1704.2447 
942.0913  
597.1649  
453.2268  
391.6446  
359.7704  
459.1664  
1158.3029 
10652.4274
15372.7664
8288.3048 
2795.7672 
1324.6218 
680.574   
414.6323  
323.7435  
312.3026  
314.5475  
288.6073  
1120.7449 
6499.3896 
19712.6212
17143.0937
5960.1534 
1736.1645 
849.72    
322.91    
279.87    
297.72    
223.54    
346.91    
808.86    
5186.78   
17583.47  
7160.33   
2852.23   
773.55    
1478.7419 
860.6103  
644.7663  
443.6226  
375.2519  
510.2095  
2234.0155 
7099.5643 
18955.3524
11058.7786
3822.0823 
1834.5137 
943.74    
598.21    
454.02    
392.33    
360.4     
459.97    
1160.33   
10671.07  
15399.67  
8302.81   
2800.66   
1326.94   
1089.8838 
665.5502  
419.7276  
418.1216  
378.4558  
470.6153  
879.5149  
4315.4552 
16155.8972
8146.0632 
4419.6346 
1486.5715 
826.9403  
545.4262  
343.7199  
309.7142  
314.3509  
326.3323  
683.3779  
6924.623  
9473.056  
6346.9249 
1885.7255 
692.0766  
759.67    
414.55    
359.6     
303.47    
255.47    
373.69    
1267.04   
11389.09  
14503.14  
5119.34   
2485.29   
769.39    
1137.0499 
671.353   
369.1484  
307.241   
283.5298  
294.8617  
1011.7538 
5809.0433 
13943.3757
4891.9334 
1582.3791 
985.5244  
434.6574  
268.6638  
192.9571  
170.2293  
141.8512  
191.8587  
876.3638  
4029.9175 
4348.1146 
2595.7031 
870.5633  
848.3097  
1206.5446 
824.5284  
590.0289  
333.219   
335.1068  
448.3854  
698.7692  
11008.2579
16789.4337
9852.7703 
2982.3044 
1771.9842 
951.67    
622.81    
439.54    
348.5     
259.83    
630.94    
1674.05   
6904.46   
9350.08   
4845.62   
1914.05   
1305.12   
1064.0266 
649.7602  
409.7697  
408.2018  
369.4771  
459.4501  
858.6487  
4213.0722 
15772.6028
7952.8    
4314.78   
1451.303  
1013.55   
649.59    
452.03    
317.36    
271.74    
328.66    
556.36    
7957.69   
14991.07  
9974.88   
3484.96   
1519.34   
2608.8479 
1236.1955 
682.9216  
468.5892  
347.7843  
428.8571  
1862.519  
8167.7111 
13034.213 
7076.0058 
2731.2614 
1597.4161 
