NaN       
2449.42   
1155.98   
753.53    
597.63    
466.72    
1361.47   
5584.74   
17045.78  
18138.49  
13629.21  
7761.23   
3378.89   
1232.15   
849.33    
744.41    
731.51    
462.55    
874.92    
3758.13   
11924.19  
31195.26  
13536.77  
6597.71   
2526.58   
1948.39   
1383.09   
837.23    
864.21    
531.97    
1061.96   
2107.47   
7577.36   
25038.88  
12878.85  
7445.85   
2977.23   
1948.39   
1383.09   
837.23    
864.21    
531.97    
1061.96   
2107.47   
7577.36   
25038.88  
12878.85  
7445.85   
2977.23   
1367.9843 
998.4628  
826.3715  
736.2675  
505.3714  
1127.5737 
6112.1601 
20662.5427
28729.2569
11896.9903
5078.4544 
3579.1728 
1649.3959 
899.912   
590.8049  
410.4843  
228.2315  
394.9584  
2308.42   
10185.1454
15196.1806
10606.5471
5028.0876 
1929.1807 
1097.2214 
534.0104  
643.55    
694.6884  
644.3987  
918.8598  
2427.1444 
9535.5556 
16292.583 
11431.4613
6502.7961 
3037.4544 
1923.8901 
1491.3574 
657.825   
795.3578  
516.548   
1213.583  
5072.7633 
18032.5348
30684.8708
16799.2475
6784.8425 
4192.3443 
1593.8213 
869.5905  
570.8983  
396.6535  
220.5415  
381.6507  
2230.6403 
9841.9679 
14684.1617
10249.1709
4858.6716 
1864.179  
1548.468  
693.2887  
754.8374  
377.219   
571.6147  
770.2707  
2059.5478 
8108.386  
23211.5866
16114.1873
4944.2072 
3230.7968 
1601.4473 
1109.8077 
950.217   
726.8679  
778.5475  
964.2724  
3340.5138 
16306.3525
23396.6539
14692.6267
5054.035  
2536.2214 
1016.5925 
680.7903  
616.2434  
675.4766  
493.0812  
597.0482  
2973.7796 
11034.5998
32708.3522
32109.265 
13649.2937
3557.7598 
1688.75   
984.41    
650.79    
529.4     
319.74    
888.81    
2425.82   
10586.12  
29348.02  
13010.16  
6165.9    
1652.85   
2809.6496 
1507.5812 
1386.933  
704.5994  
648.5541  
972.721   
5506.6075 
13866.5945
30695.0818
17481.0196
7237.989  
3866.0527 
1604.25   
1111.75   
951.88    
728.14    
779.91    
965.96    
3346.36   
16334.89  
23437.6   
14718.34  
5062.88   
2540.66   
1968.025  
1397.0281 
845.6672  
872.9191  
537.3309  
1072.6619 
2128.7081 
7653.7211 
25291.2101
13008.637 
7520.8858 
3007.2331 
1616.7967 
1041.9917 
466.6023  
418.6864  
494.2374  
498.4845  
2279.3192 
10066.3396
15940.1748
11227.3466
4178.3995 
1499.5154 
841.8     
708.11    
628.17    
411.58    
404.24    
485.16    
2334.38   
17707.87  
23750.4   
8750.99   
5299.9    
1979.13   
1460.0455 
787.6344  
469.2626  
415.7456  
514.3891  
703.8991  
3055.2484 
9443.8046 
23251.3671
9463.527  
3370.4672 
2048.5098 
838.1312  
527.2992  
545.6411  
373.8392  
669.9407  
543.4442  
1660.1095 
7334.3628 
7019.7693 
5128.4621 
2106.6839 
1429.22   
2811.762  
1827.9895 
987.367   
656.2265  
475.816   
787.6682  
3787.0297 
18107.5979
27160.9249
16906.3354
6404.2034 
3639.3318 
1750.04   
1424.75   
781.5     
795.18    
654.16    
1172.45   
3758.13   
10853.9   
16885.31  
10033.32  
4628.69   
2368.49   
1921.3341 
1363.884  
825.604   
852.2093  
524.5829  
1047.2133 
2078.2051 
7472.1386 
24691.1829
12700.0106
7342.4548 
2935.8873 
1716.92   
1468.78   
904.08    
737.86    
665.46    
921.33    
3085.13   
18598.66  
26104.21  
16630.04  
6802.21   
3075.21   
4383.7277 
2140.0868 
963.0795  
705.2007  
585.9944  
836.2446  
3831.6477 
13756.0471
21763.3124
11295.0687
4564.7427 
3129.4621 
