NaN         
7811        
4176        
1916        
2441        
3067        
4116        
1319        
52410       
88663       
58991       
19317       
5267        
91          
930         
2379        
2838        
2841        
2881        
7431        
42908       
119323      
36430       
14915       
7496        
5739        
3712        
3613        
2655        
3379        
2987        
5815        
30531       
128433      
39004       
16151       
5303        
5739        
3712        
3613        
2655        
3379        
2987        
5815        
30531       
128433      
39004       
16151       
5303        
3230.76709  
3493.3418   
2894.31205  
2728.58049  
3421.45823  
4787.24605  
13812.62755 
85148.08478 
127914.81507
45882.68335 
15491.9076  
10714.64538 
7295.33071  
2937.06865  
3132.22913  
3140.9244   
2325.50139  
2921.61039  
11963.72404 
45540.98846 
76742.51215 
35667.99355 
13181.0617  
3153.48423  
1679.19031  
2351.7259   
1406.30845  
2708.40612  
3138.14132  
3160.70242  
9168.40055  
45995.6331  
82552.13246 
38536.50431 
15539.22493 
8472.22952  
5749.18401  
3457.66825  
2206.79976  
4700.16972  
3801.76167  
3727.50442  
10876.07141 
96542.78294 
140668.31932
48199.22598 
10881.30079 
8575.14275  
7049.52238  
2838.10728  
3026.69204  
3035.09433  
2247.14612  
2823.16987  
11560.61921 
44006.53378 
74156.75566 
34466.19883 
12736.93999 
3047.23097  
5891.67892  
2953.52025  
3335.5116   
3184.96809  
3250.51084  
3974.55343  
13225.29837 
49084.3523  
107062.03673
57322.25691 
11900.10586 
9634.7845   
2760.16948  
2988.76941  
2370.85082  
3157.47416  
2523.58352  
3529.82252  
10973.79496 
84088.83762 
114263.0303 
45949.58445 
9532.31766  
3916.14642  
2419.99259  
1886.56444  
4057.34929  
4069.70669  
2848.38277  
3434.32992  
11143.29356 
51850.65834 
142845.46922
90861.96874 
26359.38316 
9153.75071  
1836        
1281        
1585        
3465        
2529        
3447        
7757        
41124       
115515      
32624       
16929       
3266        
7314.04547  
3520.24137  
2129.38027  
2961.09116  
3431.05791  
3511.22281  
15160.18549 
46330.30446 
139359.67193
62086.71642 
17085.14526 
8048.55641  
2765        
2994        
2375        
3163        
2528        
3536        
10993       
84236       
114463      
46030       
9549        
3923        
5796.83495  
3749.40779  
3649.41012  
2681.75584  
3413.05198  
3017.10158  
5873.60084  
30838.67709 
129727.28748
39397.064   
16313.7622  
5356.44114  
3490.19015  
1978.39135  
1051.05084  
2368.03022  
2096.25711  
3490.19015  
5593.26594  
61114.85633 
80719.53593 
42151.13266 
12461.62507 
4469.15781  
2231        
3924        
3459        
3883        
3730        
3631        
13209       
92468       
100685      
23125       
11911       
2340        
5439.51399  
3003.84754  
2596.49238  
2038.89194  
2235.69209  
3857.70628  
7922.79337  
34195.61418 
104515.69569
29981.33988 
5231.07511  
6407.64379  
1656.37944  
1337.90572  
2132.90464  
2058.62044  
1458.02484  
3299.32451  
10869.9901  
39161.99415 
38426.26454 
17256.85015 
5044.21278  
4977.04091  
8825.07265  
4318.14542  
3372.32951  
3394.25871  
3222.63889  
3690.77963  
5985.71803  
78295.82332 
115216.96778
46065.62067 
13286.23459 
7056.43503  
2403        
3225        
3199        
3405        
3114        
7203        
13571       
43528       
58709       
30380       
10853       
9102        
5659.30658  
3660.45409  
3562.82884  
2618.1319   
3332.07823  
2945.52165  
5734.25123  
30107.03769 
126649.54216
38462.37916 
15926.72254 
5229.36101  
8975        
3609        
3173        
3060        
2877        
3178        
6304        
54204       
123472      
79503       
19922       
4336        
13047.73017 
4598.475    
3640.3329   
3050.47352  
2689.27317  
3484.52099  
16657.7101  
71234.37423 
111221.37731
40045.68548 
9850.55063  
5674.99368  
