NaN        
555.6057   
544.19861  
440.55185  
378.36944  
531.72913  
936.52959  
1408.28471 
940.67386  
604.91481  
130.79814  
819.11557  
1445.69943 
1618.74533 
1267.91744 
805.5413   
435.56984  
576.99062  
1363.0035  
6325.81015 
6180.1712  
1457.66812 
653.35224  
812.25501  
524.11548  
1000.89785 
1019.74977 
824.47339  
820.25648  
825.4502   
1652.74872 
5442.55196 
4979.45983 
1673.79798 
2355.98788 
2621.19902 
1353.83769 
1145.5064  
978.46819  
1273.61574 
1067.94709 
999.73547  
2093.70413 
8237.81051 
6939.16996 
1962.61102 
1496.07851 
2067.49377 
1957.91262 
935.07581  
1157.41903 
929.61054  
873.55264  
756.92368  
1215.5248  
2861.16208 
5076.35557 
1856.33244 
972.86253  
1727.13017 
1482.03327 
885.56671  
902.71626  
892.18533  
564.16905  
456.82375  
1241.16662 
2861.92206 
2850.12261 
1434.99966 
921.59928  
1213.68449 
1564.87115 
1006.39148 
999.33341  
711.45676  
288.28596  
543.9588   
1051.43094 
2485.2529  
3100.63663 
1838.20222 
794.72897  
453.86124  
625.51331  
1587.67358 
1490.50318 
911.19715  
795.60018  
941.63693  
1685.94107 
2833.24912 
3634.54397 
2658.14434 
885.05036  
1072.65024 
1706.99362 
1233.59342 
953.64985  
803.90648  
748.4651   
1039.51791 
1986.61842 
5663.44763 
13058.45593
5106.95499 
1896.23667 
4086.13896 
5539.22483 
1070.62921 
1063.12062 
756.86888  
306.68719  
578.67955  
1118.54352 
2643.886   
3298.54952 
1955.53422 
845.45632  
482.83109  
665.43968  
1123.20398 
1115.32666 
794.036    
321.7475   
607.09644  
1173.47119 
2773.71777 
3460.52948 
2051.56351 
886.97366  
506.5412   
698.11704  
1593.94598 
1248.49281 
793.20032  
428.89686  
568.15106  
1342.12214 
6228.89808 
6085.49033 
1435.3365  
643.34282  
799.81118  
516.08597  
1110.00436 
948.14308  
1234.14328 
1034.84881 
968.75122  
2028.81513 
7982.50065 
6724.10814 
1901.78491 
1449.71138 
2003.41709 
1897.23213 
1678.99472 
1449.12693 
1015.05324 
889.93845  
1105.85719 
1974.72747 
4667.08655 
6886.02468 
7627.12538 
2868.5054  
1737.88849 
1234.05277 
1138.85356 
1086.69292 
695.01031  
677.66184  
725.3562   
1266.50955 
2773.14938 
3762.62846 
3983.13755 
2374.52712 
2405.64217 
1970.45805 
2066.80873 
1589.5446  
1242.24999 
1117.89455 
1064.77801 
1666.98708 
9328.06774 
11403.04551
3228.24749 
985.121    
1290.56397 
810.53233  
1312.37835 
1267.02531 
1008.03768 
1015.15977 
1170.47029 
2578.97192 
14531.39021
23699.26247
4981.5996  
1548.70931 
1491.3846  
1270.87872 
1468.16558 
1369.48374 
1170.38038 
767.84713  
1046.19768 
2329.51748 
8115.09824 
5640.41015 
2400.56296 
1119.06867 
1065.37714 
807.22964  
837.2046   
815.74823  
723.48986  
595.32093  
766.47685  
1084.41876 
2232.81973 
5925.4645  
3924.7969  
1648.31117 
2933.18198 
1149.84814 
1176.92763 
1026.75408 
801.11448  
785.67416  
729.2678   
1206.85424 
1920.02895 
1529.88469 
442.60541  
88.3744    
152.23764  
497.29396  
1578.52443 
1349.16279 
1002.10446 
1039.95904 
900.92444  
1331.17168 
1909.27608 
5401.43621 
3573.0882  
2053.77463 
3721.95578 
3618.99338 
640.96593  
627.80631  
508.23584  
436.50006  
613.42109  
1080.41289 
1624.64589 
1085.19386 
697.85063  
150.89325  
944.96002  
1667.80881 
2332.93965 
2011.2893  
1654.20153 
1394.34305 
1073.79196 
1589.17202 
3493.90345 
8562.06937 
5981.24744 
1992.70464 
3547.01269 
2342.2543  
1955.77371 
1594.16958 
1185.54304 
1106.87205 
1040.90356 
2557.41742 
7297.21818 
10133.4951 
3093.65965 
1449.24105 
1214.72918 
1348.68551 
1381.46599 
1288.61161 
1101.2659  
722.50345  
984.41656  
2191.95247 
7635.87729 
5307.32698 
2258.8025  
1052.9843  
1002.46342 
759.5603   
