NaN      
2960.824 
2125.735 
2129.422 
1486.175 
2590.858 
6422.748 
15377.1  
19487.91 
7042.336 
1700.768 
3327.612 
4110.742 
3945.39  
3501.046 
1782.149 
1785.561 
2856.452 
6159.51  
17121.246
26017.539
12073.817
3159.96  
3592.324 
3129.271 
3933.413 
4862.647 
3555.334 
2857.051 
3809.104 
11889.038
16311.416
19660.229
8473.054 
4113.352 
3095.841 
2909.162 
2945.465 
3239.028 
3238.804 
2813.107 
3757.292 
9577.085 
23379.596
29905.475
23891.847
5874.975 
4180.138 
4893.269 
2779.47  
3269.642 
3073.014 
2972.971 
3795.319 
7706.104 
17357.311
24920.784
13898.637
5437.739 
5236.586 
4150.779 
3197.781 
3036.541 
2978.686 
2239.857 
2651.117 
7284.873 
15495.526
22222.039
16586.449
3809.201 
2220.552 
2899.763 
3600.541 
2846.753 
2267.879 
2254.97  
2236.377 
4455.443 
22749.363
25273.392
18859.302
4055.674 
2062.002 
2652.617 
4311.531 
3320.225 
2985.959 
2748.777 
4002.238 
15618.102
24229.121
34935.247
25769.429
4659.937 
3632.29  
4755.376 
2691.464 
3400.173 
1430.948 
1539.872 
2569.599 
8130.696 
16700.576
31960.822
17654.697
4103.773 
3719.917 
11590.439
3830.363 
3028.461 
2412.637 
2398.905 
2379.124 
4739.833 
24201.449
26886.586
20063.087
4314.547 
2193.619 
2821.933 
4018.459 
3177.178 
2531.113 
2516.706 
2495.955 
4972.589 
25389.895
28206.89 
21048.313
4526.419 
2301.34  
2960.508 
3884.946 
3447.41  
1754.847 
1758.206 
2812.691 
6065.146 
16858.947
25618.948
11888.845
3111.549 
3537.29  
3081.33  
2854.178 
3138.643 
3138.426 
2725.922 
3640.844 
9280.267 
22655.006
28978.631
23151.38 
5692.895 
4050.585 
4741.615 
4883.912 
4586.274 
3760.518 
3717.16  
4709.278 
9504.534 
21077.945
37193.53 
29150.568
15485.554
7433.559 
5054.523 
3258.879 
3038.337 
2919.931 
2645.681 
3401.361 
12062.751
28434.622
38240.23 
24452.361
8951.475 
3572.883 
4016.535 
7213.634 
5496.218 
3758.938 
3688.112 
4864.275 
10303.418
28016.83 
49734.734
29180.174
9372.719 
5470.314 
3928.672 
5216.544 
4538.3   
3763.388 
3349.088 
4114.151 
7958.556 
23464.263
35824.493
13139.125
3493.666 
3232.024 
3211.539 
4177.856 
3446.368 
3231.965 
3252.526 
4183.137 
8564.352 
24251.705
46065.654
15879.718
5091.19  
4298.23  
4148.505 
4565.291 
3488.141 
3524.736 
3027.765 
3689.429 
9121.453 
17735.274
34571.728
29000.695
6638.025 
5301.672 
3495.541 
4114.294 
3363.468 
3345.231 
2780.57  
3267.811 
8381.828 
16195.24 
16806.776
5700.115 
1256.715 
1636.084 
2404.986 
2859.025 
3822.446 
3409.302 
3512.123 
4123.558 
10878.929
17919.129
39020.946
35760.159
18109.649
10975.66 
7775.887 
3415.709 
2452.321 
2456.575 
1714.503 
2988.903 
7409.504 
17739.554
22481.926
8124.282 
1962.064 
3838.848 
4742.295 
5170.296 
3844.133 
3293.021 
3162.46  
3810.859 
8429.661 
19635.673
49707.241
31487.303
6151.018 
6098.477 
5602.609 
6661.363 
4974.538 
4759.548 
4523.145 
5565.863 
18652.095
44813.304
43424.678
36858.858
12748.011
5539.308 
5473.558 
3931.141 
3242.849 
3041.108 
3060.455 
3936.11  
8058.601 
22819.569
43345.338
14941.973
4790.54  
4044.407 
3903.523 
