NaN      
53798.21 
62856.52 
45982.88 
40070.46 
53301.4  
128657.07
259916.65
397136.4 
124456.69
39895.77 
73681.14 
60683.2  
65316.68 
55227.05 
41030.43 
39001.88 
47495.82 
115406.94
269458.18
297428.04
136244.69
40273.57 
57724.73 
45983.86 
32955.35 
57408.84 
44403.85 
34906.39 
42461.44 
122781.15
209292.13
280733.08
108309.96
44307.51 
44373.67 
45107.12 
59774.61 
80930.16 
65008.66 
48053.18 
63170.33 
133235.4 
283260.4 
380094.62
290220.77
131357.35
88174.94 
69589.53 
45424.05 
51759.35 
45308.67 
44107.67 
57799.73 
132682.11
254565.32
418632.58
190941.11
72123.07 
73663.22 
57250.56 
62403.82 
70899.3  
63490.17 
57801.9  
53640.72 
106664.34
218400.27
304174.88
205509.7 
91895.59 
69246.48 
65060.04 
57181.04 
48400.79 
41550.49 
39091.99 
49163.9  
113986.48
310619.49
381800.39
299654.72
73842.49 
52521.03 
47522.04 
67686.74 
64631.56 
57138.83 
50409.46 
58488.25 
181843.61
322342.93
486613.17
305248.86
66328.72 
71049.04 
80783.54 
45229.04 
52085.58 
43336.28 
36228.1  
48969.66 
119928.87
191186.79
444522.97
229857.56
55991.63 
77478.92 
127282.19
58686.48 
49675.06 
42644.41 
40121.19 
50458.26 
116987.47
318797.34
391852.26
307543.89
75786.58 
53903.78 
48773.18 
55069.25 
46613.27 
40015.96 
37648.26 
47348.19 
109776.77
299147.78
367699.85
288587.96
71115.36 
50581.33 
45766.97 
65861.39 
55687.62 
41372.61 
39327.14 
47891.91 
116369.38
271705.32
299908.43
137380.91
40609.43 
58206.12 
46367.34 
60577.58 
82017.32 
65881.94 
48698.69 
64018.91 
135025.19
287065.52
385200.54
294119.39
133121.92
89359.41 
70524.35 
71012.5  
77902.13 
58640.26 
60482.2  
72332.34 
173877.53
291316.52
478219.76
370802.93
196911.02
112441.88
71355.02 
71390.76 
70082.99 
53616.36 
55226.92 
60349.67 
190062.46
391414.57
564958.15
340295.01
124448.22
91133.6  
88918.06 
69363.6  
68307.37 
51358.5  
56354.76 
50703.13 
125919.25
385872.5 
658575.03
289990.28
98201.23 
82044.97 
54774.19 
88193.7  
89152.01 
68163.57 
40912.62 
46329.11 
104436.36
348379.21
465946.87
165641.09
64219.46 
58935.08 
31930.78 
43856.61 
93742.4  
50367.52 
49797.53 
54364.55 
139615.8 
304217.39
557368.95
210190.59
99100.31 
94905.5  
76452.24 
57244.84 
59788    
50531.72 
60600.06 
58441.97 
144543.43
244680.58
417810.61
386178.38
90442.27 
97661.83 
52915.31 
59758.21 
58093.06 
68314.51 
52949.63 
55248.11 
151671.97
236879.8 
322869.18
111809.76
39567.06 
55943.48 
38361.82 
58288.3  
51626.73 
62114.83 
52745.38 
53731.35 
154799.42
211973.16
515571.52
356914.93
203057.47
167892.43
99951.59 
60001.98 
70104.86 
51285.43 
44691.21 
59447.88 
143493.24
289889.1 
442932.43
138808.49
44496.38 
82177.72 
67680.92 
83807.3  
65935.66 
80468.06 
52416.53 
60792.27 
131617.63
297376.79
574418.75
339984.54
143660.32
109850.97
101945.19
91164.59 
82046.47 
56643.25 
57482.27 
67553.5  
211487.44
512952.31
588326.16
411816.45
136764.52
101235.33
91654.89 
37547.1  
80255.99 
43121.31 
42633.32 
46543.3  
119529.74
260450.64
477182.11
179951.16
84843.08 
81251.76 
65453.31 
