NaN      
464337.8 
426409.6 
326394.7 
191816   
414826   
1022724.5
1501286.8
2118141.5
884750.9 
352762.6 
436039.7 
510862.8 
506638.7 
482705.1 
348006.6 
402794.5 
492491.3 
698984.9 
1071640.4
1053034.4
664529   
371377.2 
547770.2 
426359.6 
326676.8 
408694.6 
330773.9 
284316.9 
367514.3 
1386447.5
2292297.6
2462563.2
885282.7 
414235.5 
309832.8 
375849.9 
469162.6 
573784.2 
430861.9 
467109.6 
552939.8 
1394494.2
2490963.3
2823171.1
2324515.1
938499   
749409.5 
739865.3 
319026.3 
382222.2 
368294.3 
316692.6 
528644.8 
983872.5 
1713904.1
2953489.8
1337197.4
501318.3 
474639.1 
380171.4 
213486.2 
283774.1 
284208.1 
227751.7 
258901.3 
515834.5 
954668   
1046970.6
798069.1 
301529.3 
227440.2 
316413.4 
436209.5 
437435.3 
334209   
318897.7 
426686.3 
1084854.9
2413004.6
2533707.7
1757629.1
757717.9 
503850.2 
316261.4 
563168.4 
520313   
447349.3 
441613.4 
515819.9 
1500043.9
1683344.2
2400053.6
1870600.9
484543.8 
466183.5 
446114.6 
448445.3 
492482.4 
373954.1 
345085.3 
529265.9 
970894.3 
1858949.3
2854029.5
1804035  
549038.3 
680240.4 
969211.5 
252888.9 
253599.6 
193755   
184878.4 
247367.9 
628935.9 
1398919.9
1468896.6
1018971.3
439280.8 
292103.1 
183350   
302978.5 
303829.9 
232131.9 
221497.1 
296363.9 
753508.8 
1676003  
1759840  
1220798.3
526288.9 
349959.7 
219666   
748186.8 
712842.6 
513924.4 
594833.3 
727294.5 
1032237.2
1582562.4
1555085.6
981353.9 
548437.2 
808928.5 
629633.5 
363285.1 
444296.4 
333627.9 
361695.5 
428156.1 
1079794.1
1928819.4
2186056.9
1799934.2
726704.9 
580287.8 
572897.4 
399151.3 
539713.7 
336642.3 
380883.1 
470924   
1297981.8
2046384.4
3811077.8
2802184.7
1746199  
750406.1 
474689.6 
325182.4 
388100.1 
424261.9 
310229.9 
431155.8 
1205504.1
1356457.2
2471229.9
2217982.4
967292.2 
649872.4 
372633.9 
464034.6 
485845.6 
358834.3 
565573.7 
559609.3 
1130613.4
3102245.2
4351725.3
1863416.4
666325.8 
485510.8 
330936.5 
589173.6 
533415.7 
349482.5 
233015.3 
436857   
1092485.9
2559380  
2623836.3
880909.4 
312435.4 
376079   
262505.9 
337125.3 
650807.2 
422817.4 
363880   
648823.2 
1494813.7
3021690.8
3637537.1
1230671.9
590308.6 
644694.2 
519034.9 
403999.4 
460185.9 
457501.2 
491826.1 
524753.4 
1047483.8
1400708.7
1932683  
2415479.2
825974.7 
845783.9 
397376.9 
247434.5 
340695.5 
286772.9 
283599.7 
306059.6 
721411.5 
1297274.9
1030136.9
544384.5 
269163.5 
259400.1 
434829.2 
528563.1 
388392.5 
315463.2 
264096.7 
415126.6 
1147135.9
1964389.2
3529836.1
1910916.6
1002969.7
937017.7 
729491   
423442   
388854.3 
297648   
174922.1 
378290.9 
932649.8 
1369063.5
1931589.8
806828   
321693.7 
397636.2 
465869.4 
634776.1 
537900.2 
306020.1 
385933.6 
569723.9 
1249344.3
2433140.8
3630997.3
2166090.4
726129   
754989.5 
772577.3 
690901.9 
618022   
489018.8 
541116.9 
671937.7 
1419449.9
3498737.7
3817061.9
2758503.6
1059666.9
775181.2 
623934.4 
223618.6 
431686.8 
280458.9 
241365.2 
430370.8 
991524.7 
2004317.4
2412814.3
816316.9 
391557.5 
427632.1 
344280.9 
