NaN       
511.1044  
311.7496  
224.9024  
137.838   
237.6756  
542.8906  
3354.1649 
10368.6492
4926.7871 
1013.2738 
959.2687  
926.105   
855.0483  
545.6841  
472.672   
362.6603  
255.6118  
516.5913  
3957.2426 
9999.1863 
7695.4568 
1186.7519 
713.0199  
573.8802  
576.0374  
518.3494  
374.1323  
316.4159  
277.6848  
1008.461  
4464.7985 
9599.1192 
5659.5205 
1466.5054 
597.3812  
567.7964  
447.7661  
500.0764  
430.1356  
317.8035  
317.5292  
701.5665  
4943.7014 
11310.8474
13529.0321
2877.0012 
1129.6222 
1008.3115 
442.2822  
464.0917  
474.8633  
430.6748  
373.0174  
615.4533  
2474.5063 
10024.4503
8695.5841 
2956.4678 
1401.3986 
827.9509  
519.9269  
499.4654  
350.3961  
211.2133  
194.3547  
476.0223  
3772.43   
7148.1586 
7896.8074 
1372.3623 
498.2873  
591.8323  
726.7759  
590.0307  
331.8062  
294.572   
319.9765  
497.6752  
2849.4757 
8528.3094 
8912.2816 
1563.4051 
521.5134  
452.7581  
788.6464  
690.7547  
450.5236  
411.904   
440.3857  
1111.6271 
4367.5735 
10815.6403
11830.4932
1922.8574 
978.803   
950.439   
655.7261  
667.018   
505.1865  
428.9408  
429.2415  
771.1063  
2873.1195 
15090.4306
12400.7569
2501.9757 
1191.0962 
2238.5686 
773.1658  
627.6923  
352.9853  
313.3744  
340.4005  
529.4417  
3031.3571 
9072.6693 
9481.1504 
1663.1968 
554.8015  
481.6575  
811.1332  
658.516   
370.3192  
328.7631  
357.1164  
555.4407  
3180.2162 
9518.1956 
9946.7357 
1744.8705 
582.0458  
505.31    
841.9488  
537.3241  
465.4306  
357.1043  
251.6958  
508.6771  
3896.6173 
9845.9977 
7577.5616 
1168.5708 
702.0963  
565.0883  
433.8888  
484.5778  
416.8047  
307.954   
307.6882  
679.8233  
4790.4841 
10960.2967
13109.7344
2787.8359 
1094.6125 
977.0615  
878.6094  
841.2731  
658.9544  
537.0274  
511.1321  
1066.837  
3621.5556 
12181.7092
14123.5238
6021.6964 
1695.0108 
978.2931  
662.7613  
473.2807  
368.856   
310.8674  
377.3783  
871.8992  
3993.1942 
11405.3669
11275.2009
3566.035  
969.8449  
1031.1326 
1467.236  
1342.3089 
603.9174  
466.019   
492.7928  
828.4286  
6040.6064 
16663.9615
10582.0398
2867.8416 
1112.7809 
570.489   
773.0188  
694.5102  
400.3874  
333.2727  
324.0445  
714.1253  
5739.0581 
14319.9658
5708.7962 
1112.7123 
545.8896  
411.5294  
502.7186  
546.1236  
359.5446  
281.3562  
281.9624  
624.3172  
5805.3809 
14324.5334
5884.7476 
1814.6735 
854.9234  
617.3245  
736.3865  
384.7815  
341.0742  
387.0163  
342.0454  
793.8776  
3088.6769 
10324.4083
15238.2316
3102.6517 
1274.5254 
481.8327  
735.0619  
721.2628  
492.3455  
485.4173  
391.8003  
668.1729  
4784.9381 
7570.9827 
4462.7437 
822.8969  
367.5711  
481.8043  
726.547   
657.8676  
541.5373  
463.1073  
517.6988  
943.6648  
3392.8127 
10836.5657
12976.2324
5546.1916 
2620.4871 
1415.1472 
589.6277  
359.6451  
259.4552  
159.0147  
274.1908  
626.2973  
3869.4805 
11961.6319
5683.7118 
1168.9476 
1106.6456 
1068.3867 
945.1558  
688.8708  
465.1904  
396.8225  
374.1834  
659.1159  
2777.1287 
11999.6656
12228.5662
2321.4768 
1172.3102 
1028.3353 
1194.3265 
955.7404  
732.3111  
537.4469  
535.1211  
1088.1431 
7950.3459 
13170.4241
15309.555 
4465.8885 
1591.7128 
1064.9508 
473.0316  
513.8734  
338.3124  
264.7413  
265.3117  
587.4494  
5462.5557 
13478.6267
5537.2356 
1707.5116 
804.4376  
580.8697  
