NaN       
924.2264  
584.9748  
310.6928  
297.8748  
463.7853  
1363.5393 
7368.8531 
16835.2173
8894.5097 
2092.9298 
2074.5595 
2139.181  
1179.8806 
766.8466  
577.3294  
472.9625  
348.7054  
779.4519  
9428.0898 
15569.6426
10349.3541
2206.6344 
1389.6472 
1115.8776 
1084.3674 
1215.2869 
675.6215  
735.8276  
712.71    
1908.594  
10208.7016
15373.1284
10407.0444
3052.5018 
1486.6586 
1047.0377 
933.74    
535.169   
494.3659  
389.295   
482.2155  
1754.095  
15425.72  
19145.5864
19363.4124
4589.0636 
1992.8207 
1672.466  
753.1489  
504.6102  
616.3286  
712.1315  
777.757   
1657.0355 
7303.884  
14961.7323
11124.15  
3852.7515 
2313.7385 
1487.5001 
933.338   
810.7195  
430.0604  
325.6534  
275.0285  
1371.7231 
8682.554  
12320.8614
12427.5626
2436.3428 
1097.5139 
1334.4481 
905.1406  
672.1731  
405.8879  
384.9087  
560.7094  
1146.4325 
8303.5589 
13382.6992
14337.9489
2880.6104 
1083.0862 
906.0395  
1355.765  
799.8334  
900.6116  
1212.3801 
613.402   
2465.6203 
10144.2728
15987.2817
18122.7174
3204.5258 
1892.0804 
1994.5577 
1172.2927 
958.3258  
785.3236  
538.4729  
625.6338  
1744.8873 
12043.2406
24975.3258
19177.1896
4148.5024 
2406.1958 
3562.7939 
962.9155  
715.0777  
431.7957  
409.4773  
596.4993  
1219.609  
8833.5731 
14236.9137
15253.1368
3064.4791 
1152.2194 
963.8717  
1010.2009 
750.1926  
452.9996  
429.5853  
625.7913  
1279.4996 
9267.3582 
14936.0375
16002.1637
3214.9647 
1208.8007 
1011.204  
1161.8047 
755.0985  
568.4847  
465.7166  
343.3632  
767.5107  
9283.6505 
15331.1141
10190.801 
2172.8285 
1368.3576 
1098.7822 
904.8011  
518.5828  
479.0443  
377.2298  
467.2705  
1699.7313 
14947.6392
18552.2179
18763.293 
4446.8373 
1931.0584 
1620.6322 
1651.3824 
1569.0592 
1057.0548 
680.4584  
724.2881  
1945.7807 
11229.9809
18617.0521
22755.3607
8433.3284 
2958.5055 
1802.1599 
1373.5134 
846.5534  
934.1821  
499.6883  
891.5347  
1795.022  
8008.9037 
16440.4759
20479.8377
7018.1414 
2273.2947 
2044.5692 
2009.7027 
2792.8212 
1260.7825 
1004.7124 
1107.5423 
1928.0544 
12751.7783
29471.7502
16556.0341
4052.674  
1716.5383 
904.7894  
1194.4387 
1241.297  
684.0556  
564.4686  
684.082   
858.7117  
17180.9159
24694.0062
8861.6978 
2000.4172 
1152.4103 
824.7886  
825.1803  
592.0615  
417.9116  
348.828   
585.6257  
2049.9254 
18166.6741
21217.8411
9160.2252 
3046.1626 
1661.138  
1065.9547 
1391.0289 
1116.24   
747.9224  
651.2255  
463.0906  
1923.4067 
8759.8831 
19932.211 
24045.7969
5261.8145 
2632.6452 
971.3166  
1328.9509 
1177.6755 
650.6655  
747.1196  
743.3152  
1452.6698 
6933.6982 
11329.9416
6875.9094 
1427.0155 
847.2005  
976.6006  
1283.0208 
1302.0213 
1036.4072 
851.1589  
800.4761  
1573.0496 
5841.5402 
18480.6328
21022.6098
8871.6365 
4784.8189 
3118.6344 
1066.2195 
674.8471  
358.426   
343.6387  
535.0388  
1573.026  
8500.9636 
19421.6883
10261.0137
2414.4762 
2393.2835 
2467.8331 
1344.6773 
1265.6236 
926.6897  
526.5137  
530.5178  
1426.5426 
7636.9464 
21559.2834
20775.8392
4238.3185 
2684.0575 
1913.9186 
2123.1786 
1568.2975 
1462.3066 
795.1617  
861.7465  
1931.1592 
18242.6866
23952.6003
23072.4359
6486.1033 
2835.1653 
2084.3149 
776.4509  
557.0985  
393.2327  
328.2287  
551.0428  
1928.8712 
17093.8773
19964.8638
8619.2864 
2866.2775 
1563.0428 
1003.0069 
