NaN         
2196.30166  
830.12674   
702.91211   
1789.53708  
2359.71423  
7005.27289  
26881.48794 
74784.27826 
28750.14052 
4785.02236  
9277.09221  
5968.77941  
2833.81453  
2529.0333   
1528.40535  
1984.88062  
2001.02751  
6541.14874  
38933.6038  
65358.1592  
33052.23962 
4277.00903  
6525.44719  
3388.65568  
1628.29872  
2852.53037  
2559.83134  
2706.89672  
3141.80861  
15909.24606 
35520.15813 
56245.05806 
24570.21054 
7971.43393  
5370.73562  
5567.11427  
1938.22781  
2204.01242  
2708.63352  
1974.33282  
3124.32447  
12196.24427 
51496.04024 
68276.52376 
67157.30758 
13267.03741 
6862.39496  
5069.38402  
1328.23847  
2428.1547   
1313.66933  
2513.31611  
3695.63417  
8148.76749  
28012.06758 
69377.91954 
40329.46636 
11803.51406 
8976.38892  
6048.91865  
1255.79697  
1377.10149  
655.3187    
668.24421   
2003.81436  
7104.47394  
35552.60285 
49360.56934 
36027.22014 
7672.33623  
4147.82168  
3037.08799  
4346.41583  
3132.86951  
2450.00467  
1911.12234  
2659.62997  
10048.95771 
24455.28969 
52107.79681 
51582.25885 
9277.01051  
3052.83926  
4621.71988  
4848.79795  
2634.17438  
2595.50395  
2829.89283  
4517.1445   
14054.34518 
41548.72263 
86666.61262 
59256.83439 
8348.643    
7022.74033  
9534.41749  
2404.25944  
1729.64386  
1991.68952  
1656.96399  
3568.34789  
11154.43771 
22907.3681  
95588.66965 
60734.25778 
11767.28077 
10531.50769 
24465.70857 
4623.8465   
3332.83982  
2606.38788  
2033.10882  
2829.39351  
10690.38026 
26016.26495 
55433.82494 
54874.74201 
9869.15985  
3247.70126  
4916.72315  
4850.90705  
3496.50365  
2734.37825  
2132.94751  
2968.33489  
11215.34656 
27293.83058 
58155.98163 
57569.44415 
10353.79897 
3407.18424  
5158.16582  
2790.4002   
2490.28825  
1504.99002  
1954.47204  
1970.37156  
6440.93765  
38337.13693 
64356.86539 
32545.87587 
4211.48481  
6425.47666  
3336.74112  
1878.1574   
2135.7047   
2624.68635  
1913.14343  
3027.49403  
11818.25288 
49900.05223 
66160.4676  
65075.93866 
12855.85953 
6649.71259  
4912.27143  
3840.57763  
2315.19573  
2594.27138  
4538.52442  
4887.37314  
13138.25034 
28541.90601 
85993.23607 
72611.17067 
41026.464   
13282.46796 
3152.2398   
5606.5395   
3668.66106  
3748.20487  
3555.52257  
4605.26315  
12327.70114 
48610.76099 
89068.10193 
62922.16532 
21122.03202 
8269.83371  
8275.51344  
10392.36477 
6787.68718  
3334.02047  
3451.60468  
3507.13491  
8692.21124  
51575.35514 
105462.67307
56449.36572 
12900.40172 
8878.10788  
2781.64844  
6486.96596  
4437.6361   
1572.96434  
1700.11343  
2522.08602  
8427.30509  
41128.94418 
80863.91215 
27714.36528 
5484.2107   
4396.92933  
2084.49078  
1646.4893   
2710.8274   
2087.41391  
1955.54547  
2378.53278  
8947.22341  
45455.40534 
108845.73005
35250.51468 
9443.2041   
6326.53694  
2974.82393  
1820.10705  
1657.53673  
1855.48388  
4030.38569  
3734.22424  
11140.77732 
29710.88613 
77758.0509  
70741.83813 
12526.2246  
12258.57834 
2923.27084  
2573.90688  
2719.95023  
2562.91079  
3194.79342  
3123.80673  
8312.46313  
35819.38002 
49039.94447 
19700.63104 
2798.27954  
2498.69551  
2790.6037   
5360.76233  
4735.80618  
4189.58804  
4495.21266  
3875.41965  
11676.90698 
31932.38595 
68765.36857 
68663.96494 
31241.73794 
18471.41124 
12224.30834 
2533.72947  
957.66288   
810.90369   
2064.47181  
2722.24787  
8081.52483  
31011.41324 
86273.72717 
33167.15541 
5520.16712  
10702.37409 
6885.79015  
4176.27191  
4257.85374  
2262.02697  
2685.84498  
2693.33389  
11044.54185 
26735.254   
106609.00789
75026.96191 
12234.54901 
9937.29046  
5374.92841  
7200.70718  
4523.83253  
2475.50889  
3419.86026  
5029.33135  
11267.82249 
57650.27014 
86978.78462 
84737.20917 
23669.02331 
12283.84239 
7152.23335  
1549.25915  
2550.7449   
1964.14585  
1840.06463  
2238.07327  
8418.86297  
42771.12701 
102418.06248
33168.86582 
8885.55451  
5952.93591  
2799.15164  
