NaN       
4205.4903 
2800.242  
2627.638  
2180.2007 
1914.8286 
2923.556  
6699.2026 
23145.9259
52115.5982
15652.0747
6996.9652 
3545.7196 
3478.5764 
2690.0653 
1271.5884 
1230.5873 
1418.9304 
1889.5444 
6189.9065 
16671.8272
20766.6967
7131.4537 
4537.7016 
3038.0624 
2866.528  
2227.4199 
2237.9019 
2537.474  
2267.1148 
2574.0471 
9295.6088 
35526.6009
63797.6821
28243.0053
9523.9577 
4100.3357 
2750.1388 
2136.9803 
2147.0367 
2434.4454 
2175.0635 
2469.5335 
8918.1807 
34084.1201
61207.3151
27096.2591
9137.258  
3933.8504 
2731.0378 
3006.7241 
1175.0436 
1221.3781 
1469.0178 
2870.557  
6948.7663 
23570.1563
34947.0604
10658.7789
5407.807  
12950.3332
4258.4705 
2361.2885 
2393.2355 
3186.621  
2972.1858 
2905.6183 
20294.2832
49999.3692
87544.8548
20837.4013
9443.6731 
5848.9153 
6662.2501 
4335.7466 
3852.2493 
3536.0996 
3136.2663 
6490.5982 
18378.1537
31564.5628
71913.5789
32635.1158
7937.1033 
6027.9475 
4470.7236 
3000.3174 
2505.653  
2227.9832 
2338.1466 
5634.739  
10301.9875
26327.8522
52126.9438
12368.3354
5396.0449 
5429.6652 
4637.734  
3689.2256 
2766.9589 
2426.9081 
2296.8304 
2945.8704 
6803.6734 
37190.0388
60220.4657
32713.0871
9273.1077 
5497.6198 
5521.4438 
3360.0442 
2432.916  
2883.072  
2576.333  
5748.3002 
7579.3982 
24630.5838
49728.5411
19394.3574
11519.5771
6912.7122 
1869.3533 
1965.3976 
2250.9976 
2509.4557 
2253.1714 
2334.2187 
12175.3061
39759.6347
71051.4396
38730.21  
15880.7881
7575.013  
4151.9044 
2786.3568 
2326.9682 
2069.0998 
2171.4071 
5232.9108 
9567.3253 
24450.3429
48409.6326
11486.3165
5011.2386 
5042.4613 
4299.2304 
3225.603  
2960.2309 
2735.1238 
1964.5946 
2516.344  
9051.4519 
49502.9355
68770.8068
32344.6525
8840.0309 
6472.9649 
4060.8004 
2703.8997 
2537.2341 
2105.1909 
1848.9489 
2822.971  
6468.7165 
22349.5903
50322.5609
15113.565 
6756.2346 
3423.7291 
4299.2304 
3225.603  
2960.2309 
2735.1238 
1964.5946 
2516.344  
9051.4519 
49502.9355
68770.8068
32344.6525
8840.0309 
6472.9649 
6576.5682 
3784.3445 
3698.2276 
3432.2591 
3097.462  
5583.5333 
17503.4259
46322.3222
65151.7518
25193.0929
6354.176  
7008.0054 
4467.4668 
4813.0226 
3267.8576 
2536.5063 
2437.4584 
4698.2683 
7596.6228 
16228.7751
18773.4017
11958.3868
5037.5484 
3638.3262 
3146.1242 
2556.2123 
2281.2401 
1996.509  
1850.0476 
4051.8486 
11256.2083
26830.7878
46051.0552
22120.1007
4941.6852 
4269.7358 
4095.307  
3834.1003 
2563.4322 
2282.3707 
2185.0603 
2909.493  
6868.99   
18085.9052
51354.3914
18251.1306
7971.3385 
5486.8097 
4922.6634 
3189.6025 
2537.2897 
2353.6179 
2044.232  
2792.5063 
7665.979  
34396.144 
58483.2394
14990.5189
8318.6885 
5873.7702 
4210.3963 
2901.071  
2146.1785 
2061.2097 
1473.407  
1812.7808 
10908.4103
21479.4924
43022.1347
12139.5651
3454.5613 
3415.6364 
8519.8583 
5865.8012 
4322.751  
3275.4066 
2736.3569 
4023.4043 
18470.0198
45082.7417
53764.0216
20034.947 
7643.5926 
5835.1489 
3474.2939 
2549.2502 
2634.9572 
2555.5974 
2196.5447 
2425.6982 
8144.3391 
38531.2202
60857.2675
26093.383 
5825.1349 
4400.7061 
6421.0568 
3694.8588 
3610.7783 
3351.0989 
3024.2185 
5451.5035 
17089.535 
45226.9715
63611.1551
24597.3699
6203.9234 
6842.2921 
4210.4256 
3256.0215 
1539.1148 
1489.4876 
1717.4557 
2287.0811 
7492.1858 
20179.3721
25135.7512
8631.8228 
5492.3775 
3677.2328 
