NaN      
60146.14 
51018.09 
44854.25 
53791.36 
41596.22 
53408.55 
80235.64 
263391.73
685578.92
225303.81
135890.99
60539.15 
76546.55 
52564.45 
40623.34 
38614.92 
37706.34 
47563.57 
98557.41 
209138.82
269785.85
111904.41
89589.63 
58680.05 
69281.47 
58449.77 
59056.12 
43070.92 
45448.54 
64088.15 
105284.26
425779.76
747104.64
502425.08
203277.36
90673.06 
69081.33 
58280.92 
58885.52 
42946.5  
45317.25 
63903.01 
104980.12
424549.79
744946.45
500973.7 
202690.14
90411.13 
64437.61 
60266.82 
52160.5  
43604.94 
47261.42 
60087.88 
85011.24 
379985.93
553323.28
189134.53
146184.05
197457.34
65288.39 
53251.36 
49721.29 
45247.13 
39079.81 
44356.14 
170083.31
610394.87
984870.45
294425.01
179004.17
94794.44 
103708.41
75803.02 
54438.23 
55244.6  
52058.69 
84608.39 
182121.5 
401566.25
791570.45
368881.51
152515.6 
113534.28
78863.31 
61158.21 
56243.3  
49619.4  
46163.38 
74509.3  
117215.75
340178.21
600929.5 
183230.88
109628.63
102489.14
93250.17 
68005.77 
62951.24 
54140.64 
46659.67 
59464.99 
89308.05 
462571.74
715431.65
415173.71
170671.45
80777.01 
73844    
80771.54 
78664.51 
51218.56 
71415.9  
91642.23 
104304.45
328421.73
657255.94
448155.4 
198034.75
131566.46
53594.14 
51938.08 
53076.14 
52713.98 
43180.4  
47636.06 
122337.52
443143.99
925195.99
558867.15
258472.22
123558.98
76462.15 
59296.12 
54530.85 
48108.64 
44757.84 
72240.71 
113646.87
329820.78
582632.95
177652.03
106290.75
99368.64 
56167.48 
69698.44 
52566.77 
42090.36 
37757.79 
40687.21 
94654.15 
501797.38
750076.47
500153.92
207317.8 
92993.81 
48394.65 
41050.06 
36090.52 
43281.48 
33469.05 
42973.47 
64559.02 
211929.64
551628.93
181283.43
109340.29
48710.87 
51695.68 
64149.37 
48381.65 
38739.32 
34751.69 
37447.88 
87118.22 
461846.57
690358.81
460333.95
190812.11
85590.07 
91534.52 
86632.36 
73930.45 
53879.7  
62635.18 
103346.38
198328.4 
506388.44
780622.46
503696.71
158698.4 
112988.97
50756.78 
71810.12 
57777.25 
45419.37 
44301.7  
66502.94 
100604.51
259425.68
281860.74
161797.26
90508.18 
75647.89 
70749.64 
56407.08 
44889.79 
46238.22 
40514.9  
66239.9  
121064.18
335930.75
569817.65
292412.93
119606.59
95952.39 
76703.09 
64903.25 
52155.63 
41913.44 
43985.16 
51037.87 
85822.37 
246538.8 
735841.78
256041.31
170267.37
85251.64 
94523.7  
60397.36 
76674.41 
49945.36 
46447.76 
52205.22 
104679.67
388721.61
647912.09
384168.09
164080.54
125201.39
63415.7  
43594.92 
38930.4  
36626.94 
36935.89 
44456.89 
107515.19
254057.68
561518.28
194167.56
77138.69 
57388.3  
100831.06
88764.69 
73183.5  
55367.2  
55459.39 
75525.04 
185537.03
529521.69
581645.6 
315987.62
140312.86
67058.13 
76800.33 
60780.46 
59911.83 
65662.48 
62149.43 
58623.84 
84757.72 
391801.89
692842.82
385256.85
146310.39
71062.21 
82430.16 
78015.58 
66577.05 
48520.63 
56405.25 
93067.17 
178601.92
456021.17
702978.86
453597.17
142913.67
101750.67
81570.52 
56014.41 
43289.57 
41149.33 
40181.12 
50685.31 
105026.02
222865.21
287492.69
119249.03
95469.66 
62531.4  
