NaN      
407318.2 
407882.5 
405502.9 
435926.5 
395562   
496982.9 
600942.7 
1391828.4
4235342.6
1800562.2
1118337  
439058.9 
763336.3 
639363.8 
460949.9 
533518.8 
554782   
495594.4 
687066.5 
1133266.6
1741260.1
1209820.8
1082370.9
703980.7 
282247   
404999.8 
331559.2 
316989.9 
334900.3 
685514.8 
1552669.4
3352781.1
4200810.2
2073503.9
860255   
323743.1 
305380.6 
438194.4 
358734.5 
342971   
362349.4 
741701   
1679929.4
3627581.9
4545117.1
2243452.5
930763.3 
350277.7 
510691.3 
493046.9 
374382.8 
345480.8 
450639.3 
520309.7 
900841.9 
2321556.9
3572942.5
1351885.3
1015948  
1209580  
349722.9 
367051.1 
276702.5 
399015.8 
313623.8 
354004.5 
1894262.4
4528953.2
5042855  
1885030.7
1020703.4
564530   
628258.3 
494053.9 
390927.3 
432575.1 
456832.6 
607411.4 
1353833.8
2479265.3
4362420.6
2083432.6
924453.8 
621767.3 
650631.2 
528457.3 
454351.5 
448525.9 
445554.6 
815533.2 
827564.2 
1980567  
3758459.9
1210369.3
706339.8 
564820.2 
893394.8 
454811   
319318.2 
300334.1 
348139.1 
631454.1 
1019427.9
3243924.3
3435850.5
1900440.9
675432   
437817.5 
552289   
574152.4 
315072.6 
376420.4 
356671.8 
532653.1 
733378.9 
2279532.6
3602147.9
1879564.2
1295989.8
726354.6 
257314.4 
295401.9 
334124   
355867.6 
365978.9 
418994.7 
1369921.9
3377388.9
5663171.8
3888167.6
1628906.4
885272.5 
807146.3 
655582.4 
563649.8 
556422.8 
552736.7 
1011717  
1026642.1
2457009.9
4662590.7
1501534.4
876256.1 
700692.7 
427438.5 
495416.4 
332296.1 
623572.3 
572167.2 
1160081.6
1801356.4
5684809.4
5884535.2
2649013.3
1261242.3
754174.3 
475033.9 
475692   
472916.8 
508398.4 
461323.3 
579605.3 
700848.1 
1623216.9
4939459.2
2099901.8
1304258.1
512051.5 
344302.2 
399058.5 
267664.9 
502288.2 
460881.4 
934447.1 
1450994.8
4579121  
4740000.4
2133783.5
1015932.2
607488.3 
875687.6 
633964.6 
563854.2 
413660   
676014.1 
1055273.4
2367046.1
4251937.3
6055753.9
3133878  
1220592.9
902372.9 
269821.8 
296760.6 
240181   
206447.7 
226954.7 
538893.9 
805678.7 
1452841.1
1271665.5
739766   
335618.8 
340204.7 
365900.8 
383909.3 
419680.6 
306879.9 
362724.3 
638331.1 
649493   
1986192.6
4340367.3
2353326.4
959013   
459500.2 
370867.8 
471837.4 
335057.1 
452088   
548495   
740055.1 
864354.9 
3029228.2
7033253.8
2473875.1
2073854.8
592102.6 
632983.5 
471543.8 
268268.9 
338324.2 
424758.9 
586266.4 
1032455.1
2586245.2
3756475.2
1565574.8
987354   
844269   
352984.3 
311187.8 
237753.5 
226861.2 
258151.8 
413116.9 
830903.3 
1464497.6
2473543.7
1325732.8
534714.3 
280461.6 
591891.7 
435376.7 
366875.1 
319070.9 
294643.8 
790112.8 
2044948.1
3489193.2
3072400.5
1353422.4
637005.7 
420754.4 
213491.5 
252753.9 
225011.8 
299413.7 
409049.9 
431202   
1007001.4
2901750.4
3419551.3
1333989  
436441.6 
451819   
779094.1 
564034.5 
501657.7 
368030.8 
601445.7 
938870.5 
2105946.8
3782923.3
5387768.3
2788192.7
1085954.2
802835.8 
817599.1 
684813.9 
493717.1 
571444.7 
594219.4 
530824.4 
735907.6 
1213826.5
1865040  
1295822.5
1159312.7
754024.1 
