NaN       
985.8569  
1028.9776 
560.5386  
892.1344  
910.5564  
1174.1183 
2522.3422 
4332.1058 
5008.2386 
2546.6327 
2404.9212 
1684.2593 
1719.6699 
914.3799  
633.92    
601.98    
559.34    
1003.6399 
2237.3599 
3264.7898 
3570.2498 
1793.0599 
1787.1099 
926.2799  
2312.7299 
1424.1299 
1160.3299 
799.34    
678.35    
1120.6599 
1404.2999 
1989.4199 
1301.1599 
1630.4099 
2102.4799 
1392.3999 
1681.98   
1594.71   
1372.56   
1320.99   
1509.42   
2025.12   
4573.8799 
7146.4499 
6452.2299 
4024.4599 
2437.69   
1553.06   
1030.3284 
881.6779  
814.4875  
745.2541  
643.4471  
995.7117  
1903.8654 
4500.0333 
2156.3556 
2995.276  
2773.3269 
1791.8745 
1750.4703 
1517.0793 
1143.2136 
1143.2136 
1030.8382 
1694.2826 
5087.1731 
35188.8095
16300.9977
8633.504  
3915.8711 
2124.336  
1443.2445 
1079.9648 
1405.728  
1105.6261 
923.9863  
1557.7549 
4215.2132 
5078.0026 
3196.4553 
3632.7872 
3808.5044 
3040.4867 
2305.092  
1637.7239 
1425.8311 
1415.9269 
1093.1405 
1681.2946 
5810.2543 
14325.6341
5976.6096 
4950.8019 
13175.0649
6257.8121 
1316.0215 
1113.8567 
1174.12   
1036.0995 
1106.0849 
1395.7192 
4678.9762 
29848.6109
13652.0236
4787.8304 
2000.2731 
1354.9001 
2144.1299 
1810.9099 
1132.56   
687.87    
678.35    
2971.2399 
3913.3898 
8447.5997 
4893.2198 
3114.0499 
1453.8799 
958.02    
822.065   
757.3822  
647.6428  
551.1914  
437.4045  
864.4232  
985.7131  
1538.244  
1420.8075 
1176.3059 
5365.572  
3326.7744 
849.6861  
677.3743  
655.386   
685.2929  
532.7826  
671.4328  
1824.1524 
4291.9976 
12959.183 
11085.5219
13377.091 
4200.8888 
1515.5914 
1040.5254 
557.9639  
521.2227  
873.0034  
772.7966  
2698.4368 
12343.9562
10672.576 
3050.4115 
2057.9628 
963.591   
2152.0701 
1476.6901 
938.18    
475.83    
562.71    
1070.0801 
3415.5402 
4772.2302 
2505.1201 
1674.0501 
1578.8401 
858.84    
1728.0549 
1359.2207 
1208.4199 
1194.1494 
1116.7148 
2392.3879 
3932.964  
6865.36   
4267.1647 
2808.0917 
1650.6202 
1304.1935 
1207.2093 
1199.3486 
896.5575  
701.9132  
821.846   
1777.3936 
2074.2768 
3503.6678 
4868.1608 
3157.6279 
2962.9736 
2080.1748 
948.1     
967.9299  
779.5     
680.33    
668.43    
900.5     
2017.1899 
18075.3691
30940.1684
10905.1194
3937.1898 
2649.9199 
623.0888  
611.454   
459.1772  
349.1139  
358.5908  
934.5338  
3506.9605 
10562.3093
16203.4221
5078.9824 
3110.5018 
2023.7012 
749.8217  
831.4079  
583.3368  
445.9397  
441.2888  
752.1471  
1792.6601 
3476.7958 
6517.5302 
3798.4997 
4058.198  
1496.1454 
2148.3796 
1672.3066 
819.0061  
863.3894  
802.8658  
1057.0426 
2475.5793 
16212.6786
11899.7893
5932.7475 
8593.5081 
3003.6938 
1338.4366 
1132.8285 
1194.1182 
1053.7469 
1124.9243 
1419.4918 
4758.671  
30357.0083
13884.5521
4869.3793 
2034.3428 
1377.9775 
7111.7195 
4635.6386 
2031.3485 
1554.5587 
969.5981  
1656.7301 
3175.2319 
9655.9147 
6342.4545 
4649.6675 
4074.716  
2299.7959 
746.873   
561.136   
684.2426  
414.0179  
655.5685  
692.2497  
2951.2142 
21639.4963
21340.9812
10955.3474
8639.4086 
4682.6057 
1369.8321 
1159.401  
1222.1284 
1078.4644 
1151.3114 
1452.7885 
4870.2941 
31069.0858
14210.2389
4983.5992 
2082.0619 
1410.3004 
1681.9799 
1322.9799 
1176.1999 
1162.3099 
1086.9399 
2328.5999 
3828.0998 
6682.3096 
4153.3898 
2733.2198 
1606.6099 
1269.4199 
