NaN        
3111.8278  
3253.534   
3324.2454  
2698.3696  
2474.0284  
2866.9797  
8519.5795  
28341.8888 
54393.3398 
16293.015  
7419.7571  
4458.3202  
3579.8752  
2822.2189  
2002.2611  
2169.8666  
1957.2357  
1992.7205  
7361.1944  
32559.6616 
32649.1768 
13646.6986 
5294.3507  
3691.1296  
5261.1073  
4174.6666  
4272.5125  
3114.5864  
2151.0432  
4844.9695  
8357.9811  
23752.2202 
23049.1894 
9897.3535  
3784.3143  
3706.7     
3600.8211  
3138.3291  
2729.6096  
2816.4868  
2605.8394  
2993.99    
14498.8295 
38169.4297 
65052.5616 
17987.3846 
5878.8875  
4348.8772  
3825.9758  
3307.2636  
3404.372   
2993.0919  
2853.1003  
3880.6081  
7852.664   
30677.8531 
32394.303  
14091.3213 
6219.5778  
4217.4025  
5053.0094  
4019.569   
3014.72    
2644.2201  
2502.4949  
3209.6517  
7412.893   
40520.137  
65612.7716 
35642.3068 
10103.4472 
5989.8918  
2905.2586  
2784.1906  
2585.2733  
2168.9191  
2087.99    
3286.7258  
9455.9457  
21438.1313 
45971.8303 
14832.7543 
5907.0441  
5314.616   
7401.1868  
4901.8318  
4536.2203  
3673.4429  
3218.8148  
2000.2485  
5398.9184  
73172.5979 
97309.0356 
47620.1731 
14224.0929 
9327.1328  
3404.9831  
2498.3937  
2582.3909  
2504.6142  
2152.7245  
2377.3065  
7981.8628  
37762.5377 
59643.1892 
25572.8304 
5708.9258  
4312.9138  
7162.3688  
4129.0263  
2825.4323  
2419.6683  
2338.5829  
6176.5311  
20438.848  
35911.9511 
56973.0419 
15987.8207 
5670.283   
3539.1938  
2999.872   
2308.9993  
1532.8191  
1521.2484  
1532.203   
2007.391   
10070.3775 
24592.9903 
27699.3667 
10848.6369 
7991.4829  
3628.3478  
1856.5767  
1951.9646  
2235.6126  
2492.3042  
2237.7715  
2318.2649  
12092.0909 
39487.8874 
70565.8204 
38465.4986 
15772.2468 
7523.2397  
4258.4703  
2361.2884  
2393.2354  
3186.6209  
2972.1856  
2905.6182  
20294.2821 
49999.3664 
87544.8499 
20837.4001 
9443.6725  
5848.915   
4107.7636  
3176.6305  
1501.5869  
1453.1697  
1675.5793  
2231.3156  
7309.5052  
19687.3422 
24522.8709 
8421.3547  
5358.4579  
3587.5716  
4461.9955  
3610.569   
2373.4422  
2826.5744  
2791.3811  
4057.0375  
11833.7497 
59631.7439 
64573.5062 
23995.3255 
7451.413   
4885.355   
3054.637   
2855.6412  
2449.3722  
2102.9139  
2235.6302  
4365.0087  
11397.7521 
27510.9822 
30433.7878 
12426.608  
7679.0815  
4516.1283  
4026.4596  
2883.0726  
2212.7498  
2162.3293  
2296.8898  
2810.1395  
6749.345   
22068.5286 
77646.2788 
58792.5627 
16332.5919 
8108.8143  
2734.8156  
2125.0735  
2135.0739  
2420.8812  
2162.9445  
2455.7738  
8868.4905  
33894.2106 
60866.281  
26945.2845 
9086.3471  
3911.9318  
2499.3511  
2528.2085  
1938.5993  
1378.0027  
1942.2041  
2494.2153  
11521.9226 
37672.9844 
60369.1263 
30353.9282 
8061.402   
4565.357   
5511.7975  
3354.174   
2428.6655  
2878.0351  
2571.8319  
5738.2575  
7566.1565  
24587.5526 
49641.6621 
19360.4742 
11499.4517 
6900.6352  
3462.9786  
2540.9476  
2626.3755  
2547.2742  
2189.3909  
2417.798   
8117.8141  
38405.7292 
60659.0636 
26008.4004 
5806.1632  
4386.3736  
8324.5908  
5731.3623  
4223.6774  
3200.3372  
2673.6421  
3931.1915  
18046.7036 
44049.4858 
52531.7986 
19575.7641 
7468.4083  
5701.4126  
2094.733   
2194.8837  
1876.5402  
1835.5474  
1628.593   
2038.0338  
7861.0487  
44737.0994 
101268.3764
60085.2271 
15809.3901 
8018.4449  
3544.2089  
2600.5501  
2687.9818  
2607.025   
2240.7469  
2474.5118  
8308.2318  
39306.6037 
62081.9296 
26618.4736 
5942.3571  
4489.2638  
4343.0257  
3514.3008  
2310.1594  
2751.2097  
2716.9547  
3948.8652  
11518.2276 
58041.7887 
62851.7892 
23355.5405 
7252.7368  
4755.0973  
