NaN       
48402.06  
51608.14  
50960.21  
47538.85  
41791.42  
49084.66  
89959.31  
332254.21 
680586.09 
218159.51 
122919.04 
68387.3   
51579.98  
50730.8   
39120.27  
37729.41  
33147.51  
38457.42  
74388.68  
366855.47 
423458.24 
210130.03 
113751.28 
61425.98  
104921.8  
72499.1   
61982.35  
52981.26  
43668.37  
66442.62  
105167.53 
318352.2  
258400.72 
139097.63 
90578.71  
58098.19  
71244.07  
67868.45  
56814.81  
57490.96  
48481.11  
71299.31  
127599.59 
381926.23 
545886.4  
339846.52 
119113.48 
65107.59  
49108.92  
74198.85  
75745.75  
60091.23  
50968.47  
59847.41  
95502.01  
447619.6  
493346.57 
242135.82 
118227.25 
90275.67  
108551.56 
79164.81  
73280.89  
63024.56  
54316.03  
69222.58  
103962.57 
538474.95 
832826.55 
483299.4  
198676.87 
94031.67  
65882.69  
72444.23  
60533.24  
44745.03  
47165.6   
51643.46  
97439.92  
251360.82 
540481.93 
343269.05 
128704.61 
83518.39  
108096.73 
72722.92  
82150.82  
44077.78  
68613.65  
75298.18  
116217.56 
805024.88 
1079862.97
676037.16 
321193.77 
172629.46 
66635.06  
52735.57  
51981.92  
56971.42  
53923.35  
50864.41  
73539.22  
339943.12 
601138.38 
334264.38 
126944.8  
61656.44  
116568.2  
81937.06  
55779.5   
49620.18  
46879.72  
95530.76  
238250.67 
445367.3  
767312.33 
253991.68 
111334.82 
68004.73  
70626     
56748.94  
47413.6   
43321.96  
39985.92  
50237.76  
135190.92 
353978.9  
431960.29 
208030.07 
146068.93 
64652.37  
51980.86  
50374.65  
51478.45  
51127.2   
41880.6   
46202.13  
118654.95 
429804.59 
897345.99 
542044.29 
250691.76 
119839.64 
64361.47  
52495.34  
49015.39  
44604.74  
38524.99  
43726.41  
167668.59 
601728.94 
970887.99 
290244.98 
176462.8  
93448.62  
95510.81  
65587.19  
50687.7   
48181.69  
47048.02  
59347.36  
122974.83 
260952.56 
336624.79 
139628.52 
111785.29 
73217.93  
67452.67  
63675.69  
51701.2   
53090.6   
46985.15  
67833.55  
117343.25 
631096.17 
624091.97 
286952.47 
133887.45 
75475.69  
54788.26  
38233.03  
45014.99  
42567.83  
39958.86  
66389.44  
132617.07 
313616.05 
360575.48 
220460.89 
120957.15 
64209.04  
70829.2   
57905.98  
55438.26  
48760.97  
38264.96  
59103.71  
57047.64  
237057.49 
861194.17 
808993.28 
330312.92 
102397.16 
56209.84  
47421.8   
47913.75  
34944.55  
36873.57  
51996.36  
85419.82  
345446.06 
606145.19 
407630.38 
164924.14 
73565.38  
54624.93  
49396.58  
49682.37  
39314.91  
43819.28  
46894.72  
91269.52  
450970.83 
742915.15 
441282.23 
167751.44 
77918.87  
66082.73  
72282.17  
70396.6   
45835.31  
63909.84  
82010.31  
93341.69  
293903.45 
588176.04 
401052.7  
177220.61 
117738.37 
62509.59  
49470.64  
48763.65  
53444.24  
50584.88  
47715.32  
68986.3   
318896.78 
563921.08 
313569.62 
119085.47 
57839.21  
97675.96  
85987.16  
70893.52  
53634.71  
53724.01  
73161.78  
179731.4  
512952.44 
563445.35 
306100.06 
135922.33 
64959.81  
42597.84  
46036.85  
41478.02  
43991.15  
41169.72  
48608.66  
82324.53  
403562.15 
1118027.96
796013.63 
234281.65 
106462.28 
65454.25  
51801.07  
51060.77  
55961.85  
52967.8   
49963.06  
72236.06  
333919.13 
590485.85 
328341.02 
124695.26 
60563.85  
71542.2   
67536.23  
54835.75  
56309.38  
49833.77  
71946.18  
124457.55 
669358.33 
661929.49 
304349.85 
142004.79 
80051.64  
