NaN      
607724.3 
653471.3 
671322.9 
558432.4 
571381.4 
638096.5 
844766.5 
2515760.9
5150752.7
2640689  
1397589.2
576482.7 
319155.6 
342874.8 
243608.5 
244501.2 
254445.3 
325888.5 
669144.3 
2503795.5
3081789.4
1813575.9
934211.3 
351551.5 
1134307.6
741659.6 
708603.4 
526852.6 
490249.9 
1232937.2
1630242.6
3186969.3
2460406  
1366723.1
761372.3 
473888.3 
625492.7 
770559.7 
413963.4 
389682.8 
571450.6 
923364.7 
1544248.5
2779755.4
3467785.3
1605760.7
993040.8 
603369.4 
520707.3 
452607.5 
400634.9 
362789.3 
384361.6 
748521   
1138585.6
3473884.4
2548702.5
1181989.3
887440.2 
488512.1 
1124538.5
572482.1 
401933.8 
378038.1 
438211.5 
794827.3 
1283179.6
4083209.3
4324791.7
2392132.9
850183.3 
551091.9 
306349.2 
329374.9 
247331.8 
268139.5 
269946.4 
428500.3 
692138.2 
1316747.6
2639720.2
1324998.7
641760.1 
529435.6 
793674.8 
536186.4 
507921.2 
272832.2 
429697.3 
737286.8 
1483557.6
6170767.8
6031772.2
3169920.9
1703596.2
833832.1 
251468.2 
297714.8 
265037.7 
352674.6 
481813.3 
507905.8 
1186130.6
3417924.6
4027833.9
1571283.9
514077.4 
532190.3 
645058.4 
599217   
406216.6 
335435.8 
364268.7 
867865.2 
1991645.5
2289284.1
3730396.7
1576212.3
674569.6 
379967.1 
727927.9 
453906.5 
369385.6 
324780   
322292   
753182.9 
890093.4 
2487746.5
2974049.4
1556201.1
1173538.9
458544.6 
239190.9 
274595.7 
310590.5 
330802.6 
340201.8 
389483.5 
1273433.7
3139508  
5264295.4
3614310.8
1514177  
822919.7 
400903.2 
420767.3 
317196.6 
457409.8 
359521.1 
405811.4 
2171478.6
5191743.6
5780852.5
2160895.8
1170078.4
647146.2 
912777   
764534.1 
551191.5 
637967.4 
663393.4 
592618.5 
821575.7 
1355129.8
2082152.1
1446671.2
1294270.1
841801.2 
425034.5 
486548.1 
405232   
417773.1 
383163.1 
825861.3 
1017428.5
3561068.1
3468495.5
1613752.7
779419.8 
392390.2 
491917   
343315.4 
316040.6 
269234.6 
436908   
1050786.7
1549800.5
2146011  
2295473.4
1290763.7
891392.4 
413371.4 
545566.2 
435023.3 
411123.2 
365512   
478219.8 
1021377.9
942666.2 
2897926.3
7035760.5
5311837.9
1692176.8
625372.9 
276019.8 
396064.3 
324244.1 
309996.1 
327511.4 
670390.4 
1518413  
3278809  
4108128.1
2027756.4
841275.3 
316600.3 
411554.2 
346152   
411197.2 
299386.6 
346888.4 
405197.9 
549177   
1979455.8
3594012.9
2145028.1
1140383.8
517769.2 
580710.7 
603699.2 
331286.7 
395791.6 
375026.6 
560064.3 
771119.8 
2396841  
3787520.2
1976289.5
1362683.5
763733.9 
249707.8 
295630.7 
263182.4 
350205.7 
478440.4 
504350.3 
1177827.3
3393998  
3999637.7
1560284.4
510478.7 
528464.7 
646909.2 
475845.8 
400976.9 
348729.2 
322031.5 
863555.3 
2235029.9
3813520.3
3357986  
1479225.6
696216.6 
459864.4 
192337.4 
302323.6 
256200.4 
293026.9 
328595   
504931.1 
861990.8 
2784429.7
6618322.9
4868657.4
1992589.7
1002908.6
250217.1 
296233.6 
263719.1 
350920   
479416.2 
505378.9 
1180229.4
3400920  
4007794.9
1563466.6
511519.8 
529542.5 
509234.9 
582934.4 
485509.4 
500535   
459068.6 
989466.4 
1218983.5
4266524.3
4155612.8
1933441  
933824.8 
470123.6 
