NaN       
619.8564  
471.266   
450.2109  
397.3842  
332.402   
410.5398  
1123.9146 
6882.7801 
19520.7822
7840.2947 
3704.554  
1336.0685 
848.9299  
559.93    
352.86    
317.95    
322.71    
335.01    
701.55    
7108.7596 
9724.9594 
6515.6996 
1935.8699 
710.48    
1519.3399 
684.5     
545.26    
386.78    
312.99    
441.92    
965.9499  
4677.0297 
6218.1797 
3810.2498 
1654.2199 
961.9799  
661.49    
657.12    
494.88    
365.36    
259.64    
322.51    
1572.5    
7703.7999 
15808.2598
5940.4999 
1842.65   
782.28    
1319.4679 
586.0195  
435.3467  
350.6324  
281.204   
344.5241  
1285.2618 
10236.0521
11431.3127
6033.3094 
2471.9606 
1877.3896 
1104.3061 
707.7561  
492.506   
345.7773  
296.0723  
358.0891  
606.178   
8670.2434 
16333.4116
10868.0581
3797.0129 
1655.3859 
552.0267  
448.3761  
377.0958  
261.2019  
221.7145  
327.545   
1383.2221 
6071.0892 
16679.2131
7093.7988 
2700.8975 
1729.5204 
1019.8671 
598.8471  
522.209   
366.7564  
338.8308  
381.0137  
757.0753  
11242.2805
16808.9524
13428.5516
6291.4786 
2984.3411 
706.9986  
415.218   
328.7187  
294.8874  
235.9863  
289.4481  
1068.9508 
7653.1449 
20204.915 
9334.6174 
2474.5881 
1216.8796 
2173.8799 
1243.64   
639.87    
539.5     
341.36    
603.97    
2719.3399 
8590.4097 
17400.9893
8370.2497 
3092.2299 
1610.5799 
1245.6186 
769.8936  
443.568   
305.1465  
161.7166  
306.1074  
1137.801  
5386.7512 
9695.3853 
5560.0182 
2419.9929 
790.4904  
659.9394  
402.0609  
313.9278  
302.8338  
305.0106  
279.8569  
1086.7646 
6302.3318 
19114.946 
16623.325 
5779.445  
1683.525  
975.1302  
687.7847  
466.2127  
366.7817  
288.6933  
267.3409  
1509.8218 
9732.0634 
22712.644 
9101.2183 
3652.4086 
1144.3879 
1150.4101 
533.95    
452.23    
325.29    
194.78    
263.21    
1208.3301 
5857.1903 
10353.7205
3193.3901 
1860.5001 
1074.2501 
969.5921  
614.5969  
466.4571  
403.0772  
370.2725  
472.5701  
1192.1152 
10963.385 
15821.5166
8530.2507 
2877.3791 
1363.2892 
471.8708  
431.9626  
250.2938  
183.6413  
186.7836  
487.0173  
1904.2058 
6311.3105 
9427.6423 
4874.0687 
2467.5107 
1013.3481 
741.02    
428.63    
332.83    
246.94    
243.77    
358.41    
655.93    
4024.4598 
21899.4989
19265.449 
6856.8596 
2344.4599 
561.9414  
407.109   
387.1906  
394.8775  
319.3308  
329.9811  
1087.5962 
7130.2989 
15791.1919
10303.9171
3919.2007 
1384.6418 
711.0609  
422.6852  
347.6747  
287.6038  
219.1886  
322.681   
1088.39   
9085.3965 
16897.5198
10914.8828
4036.8781 
1289.9422 
1329.3734 
851.8868  
438.3512  
410.515   
298.9567  
495.844   
1117.556  
7726.081  
18699.9537
10513.9299
5018.9336 
1757.0254 
719.0405  
422.2902  
334.3176  
299.91    
240.0058  
294.3781  
1087.1577 
7783.4974 
20549.0558
9493.6096 
2516.7365 
1237.6061 
2604.2901 
1234.0358 
681.7285  
467.7705  
347.1767  
428.1079  
1859.265  
8153.4416 
13011.4414
7063.6436 
2726.4898 
1594.6253 
491.0887  
705.7063  
352.5581  
279.5892  
301.053   
334.6159  
913.8908  
6210.3081 
21668.7606
19122.5932
6662.9548 
2222.2834 
735.9069  
432.1957  
342.1596  
306.945   
245.6355  
301.2833  
1112.6589 
7966.0731 
21031.0704
9716.299  
2575.7711 
1266.6364 
943.7399  
598.21    
454.02    
392.33    
360.4     
459.97    
1160.3299 
10671.0694
15399.6691
8302.8095 
2800.6598 
1326.9399 
