NaN       
1257.5429 
866.8335  
759.7512  
746.5854  
472.0825  
892.9509  
3835.5797 
12169.9306
31838.15  
13815.7436
6733.6794 
2578.6492 
1659.7899 
1069.6999 
479.01    
429.82    
507.38    
511.74    
2339.9299 
10334.0194
16364.049 
11525.8993
4289.5097 
1539.3899 
2488.2999 
1199.0199 
852.51    
773.56    
592.67    
572.64    
2220.3299 
7622.3796 
9628.2895 
6462.4296 
3458.6198 
2005.5099 
1061.57   
1177.01   
983.62    
611.91    
462.35    
897.93    
3845.5999 
12616.4298
25966.3596
10105.7198
3685.1399 
1564.58   
1618.8117 
806.5519  
772.7565  
473.6283  
411.1191  
908.3693  
2601.5062 
14771.9135
15550.3676
9793.9197 
4802.8881 
3081.6431 
1870.6577 
1600.2986 
985.0338  
803.93    
725.0471  
1003.8284 
3361.381  
20264.0351
28441.6526
18119.1394
7411.2986 
3350.5727 
1263.7945 
526.1663  
479.5718  
352.8181  
371.1832  
903.6702  
4762.3625 
11336.2163
26347.5041
12649.9598
5203.4424 
3172.8047 
2135.6017 
1197.7141 
2730.6947 
2155.2105 
757.874   
1230.1924 
3837.9129 
22691.6016
28376.3756
23731.6765
11132.3155
5336.2386 
1362.1132 
964.3794  
980.903   
768.0459  
718.2789  
1151.7748 
4814.135  
20464.697 
31617.5921
16512.1047
5010.0862 
2615.7447 
3148.0099 
1841.6799 
934.62    
729.53    
541.89    
1611.1899 
5746.9898 
16423.5593
29029.0788
13920.3794
5763.0498 
2962.9499 
1657.0587 
904.0929  
593.5497  
412.3914  
229.2918  
396.7933  
2319.1445 
10232.4637
15266.7793
10655.8232
5051.4472 
1938.1433 
985.7701  
660.1491  
597.5592  
654.9965  
478.1313  
578.9461  
2883.6163 
10700.0372
31716.6539
31135.7307
13235.4551
3449.8906 
2242.8324 
1390.5898 
614.5157  
495.8462  
1108.4322 
1369.4314 
6145.3216 
19995.0463
35186.4986
14549.6304
6961.5987 
2527.4821 
1636.7801 
772.77    
574.02    
439.34    
275.11    
411.58    
2983.3801 
9448.9804 
14433.7107
6234.5303 
3719.0602 
2169.7501 
1648.1956 
1142.2044 
977.9551  
748.0861  
801.2742  
992.4208  
3438.0276 
16782.3553
24079.6314
15121.5228
5201.5686 
2610.2569 
694.4489  
507.0705  
378.4839  
310.6518  
264.2508  
1308.2884 
3528.6773 
11732.7049
15529.38  
9381.5684 
5250.2529 
2059.953  
1952.9499 
706.52    
422.68    
334.02    
345.92    
814.03    
2120.7599 
12231.6294
36382.4981
29342.6685
10634.1194
4451.3598 
998.8435  
652.683   
614.2185  
688.383   
1005.357  
855.248   
4077.8319 
15038.718 
27199.0436
18110.0095
7749.1515 
3019.0244 
983.7446  
1027.3517 
824.0505  
435.866   
432.9543  
625.9864  
3840.4165 
16772.3558
30416.7238
21561.0488
8224.256  
3224.8946 
2149.6102 
1468.178  
605.3886  
555.7574  
440.5785  
942.6773  
2857.2818 
13794.3684
27989.7833
15537.908 
11086.3769
3529.8352 
1385.3135 
980.8052  
997.6103  
781.1277  
730.513   
1171.3925 
4896.1319 
20813.2625
32156.1197
16793.3476
5095.4207 
2660.2975 
4376.0691 
2136.3479 
961.397   
703.9686  
584.9707  
834.7836  
3824.9535 
13732.0144
21725.2905
11275.3355
4556.7678 
3123.9947 
544.1676  
828.2424  
448.171   
378.7139  
510.408   
869.9993  
3984.3654 
20624.425 
38775.2285
36257.5089
13713.388 
4251.4718 
1417.8085 
1003.8117 
1021.011  
799.4504  
747.6485  
1198.8696 
5010.9793 
21301.4745
32910.3985
17187.2654
5214.9428 
2722.6995 
1604.2499 
1111.7499 
951.8799  
728.14    
779.91    
965.9599  
3346.3598 
16334.889 
23437.5986
14718.3391
5062.8797 
2540.6598 
