NaN         
92.87538    
949.16598   
2428.02781  
2896.48715  
2899.54897  
2940.37331  
7584.14235  
43792.27288 
121782.07739
37180.77051 
15222.37695 
7650.4819   
3582.99978  
2030.99988  
1078.99994  
2430.99985  
2151.99987  
3582.99978  
5741.99966  
62739.99623 
82865.99502 
43271.9974  
12792.99923 
4587.99972  
8069.99955  
4675.99974  
3309.99982  
2880.99984  
2993.99983  
3515.9998   
9906.99945  
47250.99737 
56304.99687 
21739.99879 
9139.99949  
3824.99979  
2283.99997  
3305.99995  
2463.99996  
2843.99996  
2742.99996  
3955.99994  
19588.9997  
62823.99904 
119587.99818
29282.99955 
7379.99989  
2133.99997  
4145.37675  
2348.84151  
3720.36785  
2675.29763  
3094.14699  
3537.63455  
9983.60301  
66999.47214 
67436.80015 
22741.05643 
13356.9829  
6848.39235  
9778.64615  
3932.15977  
3457.11913  
3334.0008   
3134.61448  
3462.56685  
6868.47747  
59057.57501 
134528.02195
86621.91694 
21705.87059 
4724.25735  
2094.31311  
1824.5608   
2478.53595  
1818.58843  
2267.51201  
4043.29841  
14406.3658  
38690.04577 
117498.53053
37022.75753 
10154.03424 
6068.9292   
4123.4385   
4811.34386  
5735.87269  
2369.22992  
2820.51181  
4267.20972  
8504.46711  
102650.65528
152076.00629
91054.10849 
31886.26041 
14892.30235 
1727.82885  
1502.41726  
2360.94141  
4590.55606  
3696.7501   
4085.83011  
8074.63522  
52276.86823 
122604.30467
41305.20403 
8979.22174  
3623.24632  
11818.99953 
5422.99978  
3357.99987  
2995.99988  
4216.99983  
5543.99978  
22449.9991  
54653.99782 
126939.99493
39923.99841 
9341.99963  
3896.99984  
7329.22348  
2950.71373  
3146.7809   
3155.51656  
2336.30525  
2935.18366  
12019.30531 
45752.56356 
77099.04382 
35833.70052 
13242.2985  
3168.13474  
2346.61982  
1829.3649   
3934.33281  
3946.31555  
2762.02146  
3330.20302  
10805.43536 
50278.57646 
138514.47747
88107.08656 
25560.18196 
8876.2143   
5903.41537  
2554.13865  
5491.30113  
3371.57938  
2573.53226  
3429.76021  
15031.01867 
69135.31632 
164246.43603
48645.96567 
19986.08644 
6057.59458  
3519.00017  
2406.00011  
1607.00008  
2101.0001   
1669.00008  
2492.00012  
12517.00059 
42562.002   
66456.00312 
13716.00064 
11096.00052 
4662.00022  
2840.74226  
3076.01531  
2440.0589   
3249.64476  
2597.25007  
3632.86244  
11294.1337  
86543.49552 
117598.51047
47290.91005 
9810.57788  
4030.46361  
1704.97194  
1550.33495  
1985.4993   
2399.84713  
3111.57379  
4160.32978  
15872.09923 
50331.36638 
64505.43251 
24702.26785 
12819.00995 
3098.68737  
4080.99979  
2599.99986  
2463.99987  
2586.99987  
3083.99984  
4434.99977  
8166.99957  
43545.99773 
148048.99228
126556.9934 
29136.99848 
7556.99961  
1887.42475  
1711.41095  
3481.49317  
3641.59612  
2828.15384  
3279.62425  
9340.66421  
64990.85587 
126717.00391
62915.48418 
22340.82423 
4188.53163  
3763.71563  
1677.64791  
4823.8484   
3154.99423  
2635.18719  
2734.84944  
6624.6085   
55242.19993 
112551.90304
73552.69599 
19598.28869 
5698.33581  
7594.18204  
4628.51513  
2226.28425  
3238.23164  
3468.08099  
4213.56585  
11002.25811 
49686.10814 
123674.20904
53923.06574 
19870.78194 
5659.78613  
1757.25815  
1528.00723  
2401.15421  
4668.74485  
3759.71511  
4155.42213  
8212.16669  
53167.27559 
124692.56626
42008.73619 
9132.16061  
3684.95937  
13024.93494 
4590.44117  
3633.97301  
3045.14414  
2684.57483  
3478.43331  
16628.608   
71109.92318 
111027.06637
39975.72308 
9833.34108  
5665.0791   
2052.92449  
1366.32109  
3327.76403  
3685.82082  
2713.9524   
3703.52693  
8300.22847  
45639.45252 
153400.77381
137068.85946
30688.61434 
7283.11112  
1798.47776  
1563.84935  
2457.47755  
4778.25854  
3847.90589  
4252.89493  
8404.79763  
54414.40836 
127617.45159
42994.12562 
9346.37163  
3771.39663  
2764.99983  
2993.99982  
2374.99986  
3162.99981  
2527.99985  
3535.99979  
10992.99934 
84235.99497 
114462.99316
46029.99725 
9548.99943  
3922.99977  
