NaN       
2205.8551 
1513.5958 
961.6272  
487.7221  
576.7734  
1096.8237 
3500.902  
4891.4987 
2567.7286 
1715.8883 
1618.2987 
880.3043  
806.9112  
685.5258  
383.2526  
447.2608  
452.7309  
1325.0081 
9991.1995 
7555.846  
5497.1141 
2529.0243 
1578.6897 
1900.6691 
1368.2753 
1023.8661 
1332.7076 
1048.1944 
875.9898  
1476.8374 
3996.2543 
4814.226  
3030.4157 
3444.0823 
3610.6719 
2882.5488 
941.5829  
750.6349  
726.2685  
759.4099  
590.405   
744.0509  
2021.4415 
4756.1937 
14360.7687
12284.4639
14823.8751
4655.2312 
2015.21   
1368.6    
1287.27   
1186.12   
967.93    
1299.17   
2304.79   
3746.78   
4272.4    
2092.56   
1166.28   
1273.39   
697.6109  
598.5831  
484.5784  
390.3721  
489.7507  
694.3996  
718.1289  
686.0071  
981.8221  
316.5128  
1503.6945 
2237.34   
1077.03   
900.3     
575.8     
526.61    
503.21    
707.31    
1065.12   
2066.78   
4869.42   
4327.93   
3326.28   
2296.86   
2144.13   
1810.91   
1132.56   
687.87    
678.35    
2971.24   
3913.39   
8447.6    
4893.22   
3114.05   
1453.88   
958.02    
1690.5068 
1602.7944 
1379.5182 
1327.6868 
1517.072  
2035.3864 
4597.0674 
7182.6791 
6484.9397 
4044.8621 
2450.0479 
1560.9333 
1376.5778 
932.2623  
785.8773  
686.3038  
850.9395  
1309.1354 
2566.6991 
8463.7637 
7366.8656 
4078.1615 
6666.6813 
7618.7744 
7111.7198 
4635.6388 
2031.3486 
1554.5588 
969.5982  
1656.7302 
3175.232  
9655.9151 
6342.4547 
4649.6676 
4074.7161 
2299.796  
965.9165  
1008.165  
549.2009  
874.0897  
892.139   
1150.3701 
2471.3242 
4244.4827 
4906.9397 
2495.1234 
2356.2782 
1650.1927 
1679.0415 
1320.6687 
1174.1451 
1160.2794 
1085.0411 
2324.5319 
3821.4122 
6670.6358 
4146.1339 
2728.445  
1603.8032 
1267.2023 
965.9165  
1008.165  
549.2009  
874.0897  
892.139   
1150.3701 
2471.3242 
4244.4827 
4906.9397 
2495.1234 
2356.2782 
1650.1927 
1062.8533 
1085.0835 
873.8468  
762.6738  
749.3335  
1009.4921 
2261.3407 
20263.1234
34685.0151
12225.0218
4413.728  
2970.6532 
2757.4735 
1857.8227 
1451.9129 
1225.5416 
1042.097  
1313.3628 
5054.3826 
8836.3908 
5567.624  
2533.0503 
2517.4361 
1332.8731 
965.95    
1008.2    
549.22    
874.12    
892.17    
1150.41   
2471.41   
4244.63   
4907.11   
2495.21   
2356.36   
1650.25   
1338.4367 
1132.8285 
1194.1183 
1053.7469 
1124.9243 
1419.4919 
4758.6712 
30357.0095
13884.5527
4869.3795 
2034.3429 
1377.9775 
1376.53   
932.23    
785.85    
686.28    
850.91    
1309.09   
2566.61   
8463.47   
7366.61   
4078.02   
6666.45   
7618.51   
1338.4367 
1132.8285 
1194.1183 
1053.7469 
1124.9243 
1419.4919 
4758.6712 
30357.0095
13884.5527
4869.3795 
2034.3429 
1377.9775 
965.9165  
1008.165  
549.2009  
874.0897  
892.139   
1150.3701 
2471.3242 
4244.4827 
4906.9397 
2495.1234 
2356.2782 
1650.1927 
2144.13   
1810.91   
1132.56   
687.87    
678.35    
2971.24   
3913.39   
8447.6    
4893.22   
3114.05   
1453.88   
958.02    
1376.53   
932.23    
785.85    
686.28    
850.91    
1309.09   
2566.61   
8463.47   
7366.61   
4078.02   
6666.45   
7618.51   
1338.4367 
1132.8285 
1194.1183 
1053.7469 
1124.9243 
1419.4919 
4758.6712 
30357.0095
13884.5527
4869.3795 
2034.3429 
1377.9775 
1376.53   
932.23    
785.85    
686.28    
850.91    
1309.09   
2566.61   
8463.47   
7366.61   
4078.02   
6666.45   
7618.51   
