NaN       
4210.4256 
3256.0215 
1539.1148 
1489.4876 
1717.4557 
2287.0811 
7492.1858 
20179.3721
25135.7512
8631.8228 
5492.3775 
3677.2328 
2789.7286 
2639.3513 
2190.5413 
1993.232  
1821.9548 
3084.1802 
10624.1439
52080.7818
69179.2122
22165.6366
10357.0123
8000.6188 
2754.3451 
2639.566  
2450.9814 
2056.2548 
1979.5294 
3115.997  
8964.7572 
20324.5288
43583.8264
14062.2678
5600.203  
5038.5486 
2057.3726 
2163.0771 
2477.4028 
2761.8565 
2479.7951 
2568.9942 
13399.8972
43758.6548
78197.7863
42625.6907
17478.0762
8336.9071 
6646.9176 
5499.6231 
3242.066  
3386.544  
2956.6804 
3369.585  
18288.2418
66602.5666
73552.9196
26955.6886
7180.9148 
6414.7294 
3854.1855 
2411.4731 
2243.2242 
1512.2244 
1900.1426 
2908.9762 
8207.8902 
18437.0159
17883.3109
5666.9565 
6205.8526 
5892.2637 
3146.1242 
2556.2123 
2281.2401 
1996.509  
1850.0476 
4051.8486 
11256.2083
26830.7878
46051.0552
22120.1007
4941.6852 
4269.7358 
7162.3691 
4129.0265 
2825.4324 
2419.6684 
2338.583  
6176.5313 
20438.8488
35911.9525
56973.0442
15987.8213
5670.2832 
3539.1939 
3619.0756 
3154.2389 
2743.4474 
2830.765  
2619.0498 
3009.1681 
14572.3318
38362.931 
65382.3479
18078.5723
5908.6907 
4370.924  
2731.1326 
3006.8284 
1175.0844 
1221.4205 
1469.0688 
2870.6566 
6949.0074 
23570.9742
34948.2731
10659.1488
5407.9947 
12950.7826
8324.5912 
5731.3626 
4223.6776 
3200.3373 
2673.6422 
3931.1917 
18046.7043
44049.4876
52531.8007
19575.7648
7468.4086 
5701.4128 
3048.8866 
3187.7266 
3257.0078 
2643.7912 
2423.9876 
2808.9909 
8347.2587 
27768.6333
53293.1562
15963.4653
7269.6818 
4368.1442 
4335.4386 
3508.1614 
2306.1236 
2746.4035 
2712.2083 
3941.9666 
11498.1057
57940.3917
62741.9894
23314.7392
7240.0665 
4746.7903 
3048.8866 
3187.7266 
3257.0078 
2643.7912 
2423.9876 
2808.9909 
8347.2587 
27768.6333
53293.1562
15963.4653
7269.6818 
4368.1442 
4513.8026 
3232.0257 
2480.5702 
2424.0471 
2574.8941 
3150.265  
7566.2528 
24739.5955
87044.2048
65908.5272
18309.409 
9090.2655 
6981.5998 
4635.7303 
2944.129  
2790.1732 
2652.4151 
3469.6161 
11118.7741
34983.7183
55093.4408
23219.4189
7585.1089 
4186.86   
3048.9924 
3187.8372 
3257.1208 
2643.8829 
2424.0717 
2809.0884 
8347.5484 
27769.5969
53295.0055
15964.0193
7269.9341 
4368.2958 
3462.9787 
2540.9477 
2626.3756 
2547.2743 
2189.3909 
2417.7981 
8117.8144 
38405.7308
60659.0661
26008.4014
5806.1635 
4386.3738 
2731.0378 
3006.7241 
1175.0436 
1221.3781 
1469.0178 
2870.557  
6948.7663 
23570.1563
34947.0604
10658.7789
5407.807  
12950.3332
3462.9787 
2540.9477 
2626.3756 
2547.2743 
2189.3909 
2417.7981 
8117.8144 
38405.7308
60659.0661
26008.4014
5806.1635 
4386.3738 
3048.8866 
3187.7266 
3257.0078 
2643.7912 
2423.9876 
2808.9909 
8347.2587 
27768.6333
53293.1562
15963.4653
7269.6818 
4368.1442 
7162.3691 
4129.0265 
2825.4324 
2419.6684 
2338.583  
6176.5313 
20438.8488
35911.9525
56973.0442
15987.8213
5670.2832 
3539.1939 
2731.0378 
3006.7241 
1175.0436 
1221.3781 
1469.0178 
2870.557  
6948.7663 
23570.1563
34947.0604
10658.7789
5407.807  
12950.3332
3462.9787 
2540.9477 
2626.3756 
2547.2743 
2189.3909 
2417.7981 
8117.8144 
38405.7308
60659.0661
26008.4014
5806.1635 
4386.3738 
2731.0378 
3006.7241 
1175.0436 
1221.3781 
1469.0178 
2870.557  
6948.7663 
23570.1563
34947.0604
10658.7789
5407.807  
12950.3332
