NaN      
439045.5 
367740.7 
265123   
306862.2 
319092.1 
285049.4 
395177.7 
651817.1 
1001514.7
695848.5 
622543.6 
404906.2 
542416.7 
639590.2 
443365.3 
434820.6 
414970.1 
799640.9 
1088895.4
3500701.6
4505535.9
1809319.9
908367.7 
1038318.6
352174.2 
378644.2 
284328.8 
308248.9 
310326.1 
492597.2 
795671.2 
1513712.3
3034580.8
1523197.6
737757.3 
608630.8 
274453.5 
315077.9 
356379.2 
379571   
390355.8 
446902.9 
1461169  
3602348.3
6040381.5
4147148.7
1737403.8
944238.2 
926763.7 
800675.3 
654539.3 
629952.1 
832466.4 
894013.4 
2080228.3
6110861.4
6192741.4
3104306  
1081672.9
802122.6 
364560   
294313.8 
225282.1 
132394   
243504.6 
377863.3 
501569.1 
1187851  
1208059.2
598833.2 
448974   
439548.1 
443254.5 
465070.1 
508403.8 
371756.3 
439406.5 
773278.3 
786799.9 
2406086.2
5257948.3
2850834.5
1161754.5
556641.5 
628529   
583862.2 
395807.4 
326840.4 
354934.5 
845626.4 
1940610.2
2230621.8
3634806.5
1535822.3
657284   
370230.5 
654937.1 
806832.9 
433450.2 
408026.6 
598350.9 
966830.9 
1616942.1
2910609.1
3631027.1
1681349.9
1039787  
631772.3 
421082.9 
406534.4 
308691.7 
284861.1 
371567.9 
429013.6 
742775.8 
1914205.1
2946016.5
1114676.9
837684.8 
997341.1 
571559.3 
420420.8 
354272.4 
308110.3 
284522.3 
762971.2 
1974700.8
3369333.7
2966858.5
1306930.1
615123.5 
406300.8 
402520.9 
432821   
444644.9 
369872.9 
378449.5 
422637.7 
559523.7 
1666292.3
3411556.2
1749037.4
925681.1 
381828.3 
467413.4 
535060.3 
445636.5 
459428   
421367.1 
908205.4 
1118873.1
3916131.4
3814328.6
1774655.1
857133.4 
431514.2 
436688.3 
469560.5 
482387.9 
401269   
410573.7 
458512.7 
607018.2 
1807733.3
3701141.6
1897502.1
1004256.2
414239.3 
499197.1 
398049.5 
376180.8 
334446.2 
437574.6 
934568.3 
862546.5 
2651623.8
6437772.3
4860370.6
1548354.1
572220.8 
582094   
535783.8 
395717.6 
623706.9 
524848.3 
667418   
1655964.4
3899205.8
4065226.9
1807247.5
798733.3 
454940.4 
344994.3 
370964.1 
381098.1 
317012.2 
324363.1 
362236.1 
479559   
1428152.8
2923990.9
1499072.3
793386.6 
327259   
269459.8 
319015.1 
284000.1 
377907.1 
516285.1 
544244.5 
1270993.6
3662463.8
4316009.7
1683703.1
550857.6 
570266.4 
479222.1 
462665   
351313   
324192.1 
422870.6 
488247.8 
845331.4 
2178500.9
3352775.2
1268581.2
953344.6 
1135044.8
213346.8 
252582.7 
224859.3 
299210.8 
408772.7 
430909.7 
1006319  
2899783.8
3417233.8
1333084.9
436145.8 
451512.8 
344979.5 
370948.2 
381081.8 
316998.6 
324349.2 
362220.6 
479538.4 
1428091.7
2923865.8
1499008.2
793352.7 
327245   
634320.2 
589241.8 
399454.3 
329851.8 
358204.8 
853417.8 
1958490.6
2251174.4
3668296.9
1549973.1
663340.1 
373641.7 
456663.8 
440886.1 
334775.8 
308931.5 
402964.9 
465264.7 
805539.4 
2075953  
3194951.1
1208865.7
908468.1 
1081615.2
228988.9 
271101.4 
241345.4 
321148.2 
438742.9 
462503   
1080099.8
3112389.1
3667777.2
1430823.5
468122.9 
484616.6 
429731.4 
414884.1 
315031.9 
290711.7 
379199.4 
437825   
758031.4 
1953520.4
3006523.8
1137570.9
854889.8 
1017825.2
