NaN       
1179.1613 
547.2946  
463.5322  
333.4197  
199.648   
269.7882  
1238.5289 
6003.5743 
10612.4827
3273.2    
1906.9981 
1101.0979 
712.4632  
575.8578  
295.2486  
432.4344  
307.9302  
458.7717  
1789.2499 
12319.2264
16748.9199
7452.4254 
2825.6404 
1863.5983 
523.3517  
425.0852  
357.5076  
247.6337  
210.1976  
310.5307  
1311.3708 
5755.7268 
15812.8124
6725.3119 
2560.5995 
1639.6806 
731.3144  
445.5453  
347.8803  
335.5864  
337.9987  
310.1245  
1204.3024 
6983.9534 
21182.3012
18421.2018
6404.5143 
1865.6047 
1235.7    
747.97    
494.68    
404.43    
347.7     
403.24    
1695.87   
12805.29  
18767.6   
9669.42   
3060.5    
2126.28   
806.8032  
357.8996  
252.4583  
145.056   
212.4927  
324.5365  
1201.6369 
7125.9504 
7777.1732 
3199.0039 
2936.7319 
2033.9503 
768.79    
399.27    
304.26    
240.4     
247.93    
383.01    
1051.24   
5760      
13079.01  
8273.06   
2181.82   
1664.13   
2173.88   
1243.64   
639.87    
539.5     
341.36    
603.97    
2719.34   
8590.41   
17400.99  
8370.25   
3092.23   
1610.58   
664.8434  
660.4513  
497.3888  
367.2122  
260.9563  
324.145   
1580.4718 
7742.8546 
15888.4003
5970.6155 
1851.9914 
786.2458  
816.4283  
603.991   
447.2855  
356.0424  
302.6905  
363.5826  
811.8582  
8180.1239 
15439.8758
6230.2962 
2876.1298 
3877.8246 
2604.2902 
1234.0359 
681.7285  
467.7705  
347.1767  
428.1079  
1859.2651 
8153.4419 
13011.4419
7063.6439 
2726.4899 
1594.6254 
607.3189  
461.734   
441.1047  
389.3465  
325.6787  
402.236   
1101.1818 
6743.566  
19125.9463
7681.7134 
3629.624  
1309.0446 
942.0913  
597.1649  
453.2268  
391.6446  
359.7704  
459.1664  
1158.3029 
10652.4274
15372.7664
8288.3048 
2795.7672 
1324.6218 
607.3189  
461.734   
441.1047  
389.3465  
325.6787  
402.236   
1101.1818 
6743.566  
19125.9463
7681.7134 
3629.624  
1309.0446 
830.7094  
480.5093  
373.1141  
276.8284  
273.2747  
401.7902  
735.3205  
4511.5607 
24550.1072
21597.2448
7686.7804 
2628.2218 
1976.8723 
1315.3109 
578.6203  
418.5921  
376.0491  
422.6949  
1847.0984 
9775.0623 
14257.6527
7727.9409 
2907.7318 
1069.4194 
607.34    
461.75    
441.12    
389.36    
325.69    
402.25    
1101.22   
6743.8    
19126.61  
7681.98   
3629.75   
1309.09   
719.0406  
422.2902  
334.3176  
299.9101  
240.0058  
294.3781  
1087.1577 
7783.4977 
20549.0567
9493.61   
2516.7366 
1237.6062 
816.4     
603.97    
447.27    
356.03    
302.68    
363.57    
811.83    
8179.84   
15439.34  
6230.08   
2876.03   
3877.69   
719.0406  
422.2902  
334.3176  
299.9101  
240.0058  
294.3781  
1087.1577 
7783.4977 
20549.0567
9493.61   
2516.7366 
1237.6062 
607.3189  
461.734   
441.1047  
389.3465  
325.6787  
402.236   
1101.1818 
6743.566  
19125.9463
7681.7134 
3629.624  
1309.0446 
2173.88   
1243.64   
639.87    
539.5     
341.36    
603.97    
2719.34   
8590.41   
17400.99  
8370.25   
3092.23   
1610.58   
816.4     
603.97    
447.27    
356.03    
302.68    
363.57    
811.83    
8179.84   
15439.34  
6230.08   
2876.03   
3877.69   
719.0406  
422.2902  
334.3176  
299.9101  
240.0058  
294.3781  
1087.1577 
7783.4977 
20549.0567
9493.61   
2516.7366 
1237.6062 
816.4     
603.97    
447.27    
356.03    
302.68    
363.57    
811.83    
8179.84   
15439.34  
6230.08   
2876.03   
3877.69   
