NaN        
842.33381  
822.80712  
760.10309  
741.47554  
717.10605  
1378.48097 
3832.47615 
6334.04748 
1363.75685 
1270.58067 
1550.74996 
1188.5262  
1166.32753 
996.25317  
1296.76543 
1087.35847 
1017.90701 
2131.76003 
8387.54382 
7065.29873 
1998.28412 
1523.27175 
2105.07326 
1993.50032 
1000.90619 
1238.90261 
995.05615  
935.05172  
810.21195  
1301.09909 
3062.59107 
5433.73665 
1987.0203  
1041.35314 
1848.72205 
1586.37007 
1589.52299 
1492.2394  
912.25856  
796.52694  
942.7338   
1687.90495 
2836.54945 
3638.77768 
2661.24069 
886.08132  
1073.89972 
1708.98202 
1485.12628 
901.4144   
624.93123  
632.6801   
658.50053  
1467.75923 
4757.60937 
4854.34372 
2385.20046 
803.47046  
1055.60562 
649.01262  
836.63218  
815.19049  
722.9952   
594.9139   
765.9528   
1083.67733 
2231.29311 
5921.41315 
3922.11345 
1647.18419 
2931.17651 
1149.06197 
1678.99472 
1449.12693 
1015.05324 
889.93845  
1105.85719 
1974.72747 
4667.08655 
6886.02468 
7627.12538 
2868.5054  
1737.88849 
1234.05277 
1281.05716 
990.34248  
834.83758  
777.26304  
1079.5144  
2063.05555 
5881.35444 
13560.89307
5303.45019 
1969.19627 
4243.35725 
5752.35204 
2066.80873 
1589.5446  
1242.24999 
1117.89455 
1064.77801 
1666.98708 
9328.06774 
11403.04551
3228.24749 
985.121    
1290.56397 
810.53233  
1630.77374 
1277.33895 
811.52703  
438.80643  
581.27806  
1373.13156 
6372.81533 
6226.09418 
1468.49962 
658.2071   
818.29063  
528.01002  
970.30549  
1201.02566 
964.63432  
906.46439  
785.44135  
1261.32061 
2968.95852 
5267.61109 
1926.27116 
1009.51586 
1792.2011  
1537.86999 
821.27196  
863.72495  
738.57726  
670.14244  
595.6979   
1462.39899 
2424.74475 
2645.83695 
1098.05497 
609.75864  
3666.30869 
2696.47749 
546.48654  
612.17109  
459.71571  
372.63231  
428.73668  
1387.97967 
7573.47188 
15949.43815
10993.709  
2311.33576 
1865.91608 
1440.01984 
1932.24431 
1358.20788 
1106.61902 
812.74161  
772.59682  
1585.51211 
2888.89423 
2861.67683 
840.96088  
706.79059  
1201.43732 
943.82984  
1967.16482 
1382.7541  
1126.6184  
827.42989  
786.55958  
1614.16629 
2941.1038  
2913.39451 
856.15916  
719.56407  
1223.15031 
960.88721  
1290.92709 
1011.14668 
642.40808  
347.36094  
460.14206  
1086.9765  
5044.7464  
4928.60134 
1162.47024 
521.03941  
647.76217  
417.97487  
947.5608   
965.9109   
954.64275  
603.6637   
488.80369  
1328.05448 
3062.27089 
3049.64543 
1535.45681 
986.11583  
1298.64846 
1674.41995 
1469.39105 
1370.62685 
1171.35729 
768.48805  
1047.07094 
2331.46192 
8121.87188 
5645.11819 
2402.56671 
1120.00275 
1066.26641 
807.90343  
832.55949  
926.98988  
913.62603  
1023.89251 
855.69864  
1444.53104 
4478.24484 
6391.1485  
1565.42113 
501.83152  
618.47685  
604.24471  
1418.21456 
860.80157  
596.77522  
604.17497  
628.83207  
1401.62997 
4543.25733 
4635.63336 
2277.73628 
767.27045  
1008.04577 
619.77164  
1671.75382 
1341.34227 
1070.39913 
1053.79851 
1130.49141 
1573.02054 
4823.39346 
3718.27754 
888.60849  
501.74983  
571.00599  
706.09825  
1626.51734 
1390.18226 
1032.57209 
1071.5776  
928.31583  
1371.64416 
1967.32505 
5565.65961 
3681.72314 
2116.21688 
3835.11684 
3729.02401 
1003.61029 
1023.04583 
1011.11116 
639.37122  
517.71709  
1406.61069 
3243.40833 
3230.03605 
1626.28114 
1044.44591 
1375.46527 
1773.46414 
860.57153  
838.5163   
743.68294  
611.93673  
787.86973  
1114.6856  
2295.1392  
6090.84811 
4034.34057 
1694.31662 
3015.04903 
1181.94116 
2025.82093 
1558.02165 
1217.61439 
1095.72509 
1043.66193 
1633.92833 
9143.07873 
11176.90671
3164.2267  
965.58463  
1264.97023 
794.45831  
