NaN      
3511.925 
3483.522 
3861.439 
3514.77  
4648.336 
10237.728
17578.548
38745.627
15242.651
5053.239 
3984.88  
3515.655 
2999.003 
3297.902 
3297.674 
2864.239 
3825.586 
9751.161 
23804.552
30449.048
24326.114
5981.761 
4256.118 
4982.211 
2975.148 
3499.829 
3289.357 
3182.271 
4062.514 
8248.622 
18579.285
26675.235
14877.117
5820.562 
5605.247 
4442.999 
4316.554 
3324.093 
2989.437 
2751.979 
4006.9   
15636.295
24257.345
34975.941
25799.447
4665.365 
3636.521 
4760.916 
3702.784 
3349.638 
2559.118 
2871.226 
3593.197 
5923.899 
18568.282
46337.764
17310.977
5514.463 
3822.298 
3467.192 
4562.17  
3485.757 
3522.326 
3025.695 
3686.907 
9115.216 
17723.148
34548.091
28980.867
6633.486 
5298.047 
3493.151 
4883.912 
4586.274 
3760.518 
3717.16  
4709.278 
9504.534 
21077.945
37193.53 
29150.568
15485.554
7433.559 
5054.523 
2795.02  
3530.998 
1486.005 
1599.121 
2668.467 
8443.533 
17343.147
33190.547
18333.98 
4261.67  
3863.045 
12036.393
7213.634 
5496.218 
3758.938 
3688.112 
4864.275 
10303.418
28016.83 
49734.734
29180.174
9372.719 
5470.314 
3928.672 
3974.707 
3527.061 
1795.392 
1798.829 
2877.677 
6205.28  
17248.469
26210.867
12163.534
3183.44  
3619.018 
3152.524 
2884.189 
3392.829 
3188.792 
3084.98  
3938.311 
7996.437 
18011.261
25859.693
14422.279
5642.61  
5433.878 
4307.163 
2861.208 
2527.07  
1806.537 
1856.183 
2593.824 
5502.746 
23423.697
32273.998
13542.705
4042.379 
5320.169 
3142.779 
3050.311 
2719.798 
2942.646 
3454.326 
4281.923 
7872.363 
24122.853
52015.913
34800.19 
11741.239
7073.863 
3962.465 
4454.697 
4056.108 
4470.268 
3373.768 
3232.716 
11790.516
17258.592
27671.96 
10004.273
3273.974 
2236.555 
2850.274 
4535.205 
4129.412 
4551.057 
3434.741 
3291.14  
12003.601
17570.498
28172.062
10185.075
3333.143 
2276.975 
2901.786 
3146.394 
2792.036 
1421.239 
1423.96  
2277.981 
4912.125 
13653.958
20748.629
9628.702 
2520.024 
2864.829 
2495.55  
3421.642 
3249.114 
3187.209 
2396.658 
2836.708 
7794.85  
16580.291
23777.693
17747.583
4075.864 
2376.002 
3102.761 
4181.344 
3449.244 
3234.662 
3255.241 
4186.629 
8571.501 
24271.948
46104.104
15892.973
5095.44  
4301.818 
4151.968 
5469.648 
4096.803 
3589.576 
3638.505 
4306.344 
10611.194
25064.633
45804.522
14609.546
2770.358 
2768.174 
2944.309 
3535.957 
3198.722 
2443.818 
2741.864 
3431.308 
5657     
17731.696
44250.036
16531.038
5266.011 
3650.086 
3310.98  
4422.046 
2733.477 
2870.455 
3282.771 
4555.448 
7786.265 
26570.391
57775.521
17718.37 
3405.841 
2607.684 
3258.495 
2945.95  
3938.663 
3512.957 
3618.905 
4248.929 
11209.689
18463.936
40207.326
36847.398
18660.249
11309.36 
8012.302 
3624.037 
3441.304 
3375.737 
2538.423 
3004.504 
8255.926 
17561.037
25184.175
18797.377
4316.957 
2516.546 
3286.293 
4692.712 
3585.498 
3623.113 
3112.272 
3792.404 
9376.039 
18230.277
35536.648
29810.124
6823.297 
5449.645 
3593.104 
7070.577 
5387.221 
3684.393 
3614.972 
4767.809 
10099.086
27461.216
48748.423
28601.489
9186.845 
5361.83  
3850.76  
