NaN      
30724.53 
57158.82 
56093.82 
44500.8  
47072.67 
106470.47
191443.63
466748.22
182674.89
63893.73 
55853.2  
51869.49 
66576.08 
90138.82 
72405.69 
53520.93 
70358.18 
148395.63
315491.27
423343.8 
323243.62
146303.89
98207.95 
77507.8  
46354.25 
52819.29 
46236.51 
45010.92 
58983.37 
135399.2 
259778.37
427205.43
194851.24
73600.02 
75171.71 
58422.95 
84932.3  
81098.7  
71696.93 
63253.03 
73390.17 
228174.6 
404471.03
610594.83
383021.65
83228.28 
89151.26 
101365.96
57138.06 
69195.41 
51295.35 
49471.63 
54204.78 
121138.83
264030.9 
677310.88
277623.87
98176.33 
95149.44 
62490.33 
57303.75 
59849.53 
50583.72 
60662.41 
58502.1  
144692.16
244932.36
418240.55
386575.77
90535.34 
97762.33 
52969.76 
79460.06 
87169.28 
65616.04 
67677.09 
80936.91 
194561.8 
325971.2 
535108.23
414913.22
220335.33
125817.84
79843.33 
53824.37 
61983.92 
51571.91 
43112.89 
58275.86 
142720.17
227519.95
529000.17
273539.72
66632.29 
92203.03 
151470.92
71876.79 
70782.29 
53219.32 
58396.61 
52540.21 
130481.57
399853.48
682436.59
300497.24
101759.27
85017.63 
56758.78 
63965    
54084.16 
40181.33 
38194.76 
46512.92 
113018.67
263881.92
291272.95
133425.2 
39440.13 
56530.15 
45032.26 
49220.65 
56085.47 
49095.63 
47794.25 
62630.71 
143771.86
275842.25
453622.48
206900.23
78151.22 
79820.1  
62035.64 
53776.05 
53203.88 
42732.59 
39044.9  
44944.21 
108771.09
329818.79
449211.04
194657.01
66807.43 
83982.3  
45209.03 
67432.07 
70047.63 
68037.17 
49621    
65299.79 
177372.42
328334.44
690690.03
430360.87
206250.53
149397.75
81048.34 
67318.51 
57274.68 
47072.66 
40236.76 
41359.78 
121220.06
216199.16
340428.09
98121.55 
37641.15 
43883.43 
34233.23 
64678.64 
55028.67 
45226.72 
38658.89 
39737.87 
116466.47
207721   
327078.33
94273.75 
36165.07 
42162.56 
32890.78 
55256.66 
46721.03 
34710.96 
32994.84 
40180.55 
97632.06 
227956.45
251618.41
115260.39
34070.66 
48834.01 
38901.46 
62022.18 
70465.7  
63101.88 
57448.4  
53312.67 
106012.01
217064.6 
302314.64
204252.87
91333.58 
68822.99 
64662.15 
40838.06 
87290.34 
46900.85 
46370.09 
50622.77 
130006.38
283278.84
519006.59
195723.68
92279.48 
88373.38 
71190.21 
59840.63 
58453.81 
64947.27 
45922.3  
44644.17 
128215.39
246990.74
470566.29
194481.02
68097    
53269.73 
54792.42 
47817.59 
57908.13 
42927.96 
41401.72 
45362.79 
101378.44
220961.69
566826.67
232337.35
82161.62 
79628.49 
52296.79 
57343.33 
49690.56 
56072.45 
48996.64 
46362.28 
117636.5 
271119.22
602727.68
201245.97
68544.74 
58252.12 
46762.03 
66476.26 
58878.92 
70840.31 
60154.71 
61279.18 
176544.63
241749.76
587995.64
407052   
231581.65
191476.86
113992.14
62912.66 
71477.42 
64007.87 
58273.22 
54078.11 
107534.09
220181.12
306655.14
207185.44
92644.91 
69811.12 
65590.54 
57404.02 
59954.25 
50672.23 
60768.56 
58604.47 
144945.35
245360.94
418972.4 
387252.21
90693.76 
97933.4  
53062.45 
72374.79 
71272.71 
53588.05 
58801.21 
52904.24 
131385.61
402623.87
687164.86
302579.24
102464.31
85606.67 
57152.03 
