NaN      
454484.7 
449364.5 
397764.3 
360189.9 
448703.4 
1388316.6
2335388.6
4244915.2
1279123.9
477145.6 
590615.1 
389075.5 
341574   
417743.8 
313689.2 
340079.4 
402568.1 
1015262.2
1813547  
2055411.1
1692364.3
683274.6 
545607.9 
538659.2 
297368.4 
356274.1 
343291.8 
295193.1 
492756.5 
917079.9 
1597551.5
2752984.9
1246418.5
467285.1 
442417.1 
354362.5 
475059.3 
438908.7 
377360.3 
372521.9 
435118.6 
1265358.2
1419980.7
2024559  
1577940.6
408735.7 
393247.9 
376318.8 
376973.5 
460675.7 
327304.6 
328504.1 
401972.7 
817968   
1857359.6
4140332.6
2093047.8
990731.2 
841382.1 
378904.8 
320897.6 
365526.7 
363394.2 
390658.6 
416812.8 
832018.6 
1112586  
1535134.3
1918620.3
656073.5 
671808   
315637.3 
548841.7 
742117.9 
462890.4 
523722.4 
647530.6 
1784752.8
2813822.6
5240313.9
3853064.2
2401061.2
1031824.5
652708.5 
387237.3 
425263.8 
322913.4 
297984.8 
457026.8 
838377.6 
1605222.6
2464485  
1557803.5
474100.5 
587394.9 
836924.5 
369887.2 
387273   
286030.9 
450825.2 
446070.8 
901224.7 
2472834.5
3468809.1
1485350.2
531135.8 
387006.1 
263793.2 
552718.8 
526608.4 
379658.8 
439429.7 
537284.7 
762559.4 
1169109  
1148810.7
724969.7 
405154.9 
597591.3 
465138.2 
280195.2 
335699   
323466.4 
278145.5 
464299.4 
864117.8 
1505291.8
2593998  
1174436.9
440299   
416867.2 
333897.9 
433189.4 
307260.9 
250046.5 
219851.9 
256526.8 
952464.5 
1244780.9
2072638.7
1017666.5
428318.6 
532508.8 
249002.6 
283453.7 
462656.7 
378760.9 
362117.4 
449844   
1462946.5
3664371.7
4713960.2
2425792.1
963095.3 
658748.7 
296678.5 
560831.1 
417116.4 
398525.3 
296306.9 
324199.7 
1295391.8
1894180.4
2206008.4
699480.9 
312531.3 
287037.2 
213801.2 
394086   
293100.2 
280036.6 
208209.6 
227809.3 
910248.6 
1331006.6
1550122.6
491512.7 
219610.2 
201695.9 
150234.3 
597350.6 
569131.8 
410316.1 
474913.5 
580670.2 
824135.8 
1263514.1
1241576.7
783510.7 
437871   
645846.6 
502697.9 
455788.5 
605851.6 
606778.3 
486245   
552748.7 
1101295.7
2038195.9
2235260  
1703860.6
643758.7 
485579.9 
675535.9 
338177.4 
652838.1 
424136.8 
365015.5 
650847.9 
1499478.4
3031120.4
3648888.4
1234512.4
592150.7 
646706.1 
520654.6 
388786   
338506.9 
284728.4 
307765.8 
343225.6 
1078972.3
1560865.1
2517625.7
999195.8 
304281.4 
329084.9 
318896.7 
355820.9 
434826.4 
308939   
310071.1 
379417.3 
772070.4 
1753140.1
3908011.6
1975603.3
935139.6 
794170.8 
357643.9 
363805.3 
348208   
322879.6 
361784.6 
441935   
934042.5 
2243348.7
2974308.4
992324.6 
344451   
300020.5 
307930.6 
811714.1 
596454.2 
484456.7 
405573.2 
637509.8 
1761656.3
3016712  
5420768.3
2934594.1
1540260.3
1438977.8
1120279.1
239365.8 
318174.3 
318661   
255360.6 
290286.3 
578366   
1070396.6
1173888.4
894814.2 
338081.9 
255011.3 
354770.2 
449179.9 
511650   
508665   
546828.6 
583438.2 
1164627.2
1557354.4
2148821.1
2685609.9
918346.1 
940370.7 
441816.8 
508291.7 
532182.9 
393057.9 
619515   
612981.7 
1238445  
3398120  
4766768.4
2041138.6
729876.3 
531816.1 
362499.4 
