NaN       
930.6388  
568.3255  
431.7975  
370.9587  
350.1888  
641.6655  
3994.322  
16582.5825
8062.6614 
2127.6879 
898.9962  
951.7318  
455.9049  
509.1659  
437.9539  
323.58    
323.3008  
714.3185  
5033.5599 
11516.4373
13774.9405
2929.2946 
1150.1546 
1026.6389 
473.4193  
496.7643  
508.2942  
460.9948  
399.2782  
658.7819  
2648.7143 
10730.1827
9307.7629 
3164.6065 
1500.0586 
886.2395  
789.565   
691.5594  
451.0484  
412.3838  
440.8987  
1112.922  
4372.6611 
10828.2389
11844.2741
1925.0973 
979.9431  
951.5461  
702.0852  
636.7286  
410.3769  
394.4283  
471.2256  
731.6147  
2556.4995 
13503.5874
8042.7723 
2694.3191 
825.521   
422.3258  
735.883   
384.5184  
340.841   
386.7517  
341.8115  
793.3348  
3086.5651 
10317.3493
15227.8129
3100.5304 
1273.654  
481.5032  
878.6094  
841.2731  
658.9544  
537.0274  
511.1321  
1066.837  
3621.5556 
12181.7092
14123.5238
6021.6964 
1695.0108 
978.2931  
680.9558  
692.6821  
524.6241  
445.4447  
445.7569  
800.7754  
2983.6657 
15671.05  
12877.8885
2598.2417 
1236.9248 
2324.6998 
1467.236  
1342.3089 
603.9174  
466.019   
492.7928  
828.4286  
6040.6064 
16663.9615
10582.0398
2867.8416 
1112.7809 
570.489   
861.4019  
549.7389  
476.1843  
365.3551  
257.5111  
520.43    
3986.6477 
10073.4872
7752.6394 
1195.5703 
718.3181  
578.1445  
458.9455  
481.5767  
492.7542  
446.9008  
387.0711  
638.641   
2567.7352 
10402.129 
9023.1968 
3067.855  
1454.1974 
859.1445  
993.9768  
844.743   
497.753   
365.2505  
227.8475  
645.0179  
4000.6139 
9873.1436 
7736.7088 
2218.3874 
995.7246  
453.3834  
484.9357  
483.066   
469.8729  
511.1481  
486.5555  
751.95    
4135.5183 
14133.1261
13627.2445
4445.9594 
1743.9122 
858.8325  
1096.4136 
679.1968  
553.3318  
418.6728  
398.7938  
842.112   
3071.4485 
7752.2357 
4487.2756 
1374.8108 
615.5264  
498.9573  
1116.2286 
691.4715  
563.3319  
426.2392  
406.001   
857.331   
3126.9572 
7892.338  
4568.3719 
1399.6571 
626.6505  
507.9747  
681.8892  
435.1755  
376.9494  
289.2166  
203.8468  
411.9745  
3155.8465 
7974.2133 
6137.0207 
946.4183  
568.6235  
457.6615  
556.3244  
534.4305  
374.9255  
225.9993  
207.9605  
509.3463  
4036.5189 
7648.5654 
8449.6233 
1468.4345 
533.1699  
633.2635  
503.1383  
546.5794  
359.8447  
281.591   
282.1978  
624.8383  
5810.2267 
14336.4901
5889.6596 
1816.1882 
855.637   
617.8398  
813.9235  
621.8075  
388.2149  
368.3834  
313.7561  
806.7325  
5688.3044 
15192.0859
7762.4691 
1231.1699 
707.4187  
405.993   
670.4531  
608.0411  
391.8876  
376.6575  
449.9947  
698.6522  
2441.3175 
12895.1891
7680.4086 
2572.9277 
788.3275  
403.2981  
821.2826  
510.7864  
426.8588  
409.6924  
409.732   
712.1853  
5554.3708 
16514.5765
7470.1193 
1449.2846 
560.711   
704.164   
748.6367  
677.8692  
558.0021  
477.1875  
533.4388  
972.3557  
3495.9666 
11166.0369
13370.7573
5714.8161 
2700.1595 
1458.1729 
589.2317  
566.0427  
397.1029  
239.3675  
220.2616  
539.4748  
4275.2844 
8100.9883 
8949.4299 
1555.2943 
564.7077  
670.7219  
756.9395  
395.521   
350.5938  
397.8182  
351.5921  
816.0352  
3174.8839 
10612.5694
15663.5406
3189.2488 
1310.0982 
495.2809  
1438.1386 
1315.689  
591.9409  
456.7772  
483.02    
811.9996  
5920.8124 
16333.4911
10372.1827
2810.9681 
1090.7129 
559.1754  
