NaN       
1133.9534 
777.7594  
755.2411  
495.4692  
506.3644  
1671.6709 
7988.9812 
23652.7738
10834.9727
3368.4916 
1743.9175 
1540.0661 
950.712   
544.8964  
503.3517  
396.371   
490.9804  
1785.978  
15706.1032
19493.5832
19715.3686
4672.476  
2029.0429 
1702.8653 
806.1714  
540.1354  
659.7188  
762.2664  
832.512   
1773.6927 
7818.0855 
16015.0549
11907.3025
4123.9895 
2476.6283 
1592.2218 
1357.3443 
800.7651  
901.6607  
1213.7923 
614.1166  
2468.4924 
10156.0894
16005.9046
18143.8277
3208.2586 
1894.2844 
1996.881  
1372.9664 
1218.0904 
552.8472  
530.976   
737.9798  
1112.1219 
8485.5564 
19540.0021
13464.4274
4681.2781 
1839.2562 
908.4799  
1390.0778 
1115.4768 
747.411   
650.7803  
462.774   
1922.0916 
8753.8938 
19918.583 
24029.3563
5258.2169 
2630.8452 
970.6525  
1651.3824 
1569.0592 
1057.0548 
680.4584  
724.2881  
1945.7807 
11229.9809
18617.0521
22755.3607
8433.3284 
2958.5055 
1802.1599 
1217.3978 
995.1984  
815.5397  
559.1912  
649.7057  
1812.0235 
12506.6163
25936.2765
19915.0511
4308.1202 
2498.7766 
3699.876  
2009.7027 
2792.8212 
1260.7825 
1004.7124 
1107.5423 
1928.0544 
12751.7783
29471.7502
16556.0341
4052.674  
1716.5383 
904.7894  
1188.648  
772.5448  
581.6194  
476.4769  
351.2966  
785.2438  
9498.1471 
15685.3359
10426.2571
2223.0312 
1399.9732 
1124.1693 
781.5244  
523.6218  
639.5493  
738.9616  
807.0596  
1719.4656 
7579.0633 
15525.4269
11543.2607
3997.9068 
2400.9103 
1543.5428 
1319.1978 
990.8211  
659.292   
490.2968  
320.9767  
829.8996  
8094.1085 
18620.8462
12089.4956
4165.2486 
2084.5555 
1100.8215 
784.3472  
705.5429  
672.9438  
807.2675  
1388.129  
1764.3861 
14038.0352
26993.8934
21244.6767
6982.4485 
3154.1809 
1691.3452 
1775.0946 
1177.4905 
848.5183  
824.1245  
743.4227  
1073.228  
6943.9401 
12429.6276
6832.1685 
2263.593  
1278.9314 
1020.7191 
1807.175  
1198.7707 
863.8531  
839.0185  
756.8582  
1092.6239 
7069.4346 
12654.2622
6955.6429 
2304.5018 
1302.0449 
1039.166  
940.9385  
611.5496  
460.4122  
377.1811  
278.0878  
621.6022  
7518.7716 
12416.5754
8253.4673 
1759.7605 
1108.2245 
889.897   
998.6763  
867.474   
460.1668  
348.4508  
294.2819  
1467.7505 
9290.3761 
13183.3832
13297.5541
2606.8989 
1174.3454 
1427.8661 
825.869   
592.5557  
418.2605  
349.1192  
586.1146  
2051.6365 
18181.8377
21235.5516
9167.8712 
3048.7052 
1662.5246 
1066.8444 
1459.0182 
1938.2805 
1225.6237 
753.1922  
469.3051  
1856.0105 
10490.7296
23580.4157
13148.9795
3055.4885 
1546.7914 
1065.7411 
1311.108  
1163.2098 
527.9389  
507.0531  
704.7304  
1062.0157 
8103.2433 
18659.6358
12857.7934
4470.3652 
1756.3893 
867.5488  
1527.4462 
1160.4354 
946.0778  
641.7764  
603.2363  
1539.6464 
9869.9067 
24068.0484
10561.7703
2388.3337 
1142.909  
1285.0101 
1322.0293 
1341.6075 
1067.9178 
877.0372  
824.8135  
1620.876  
6019.1443 
19042.5115
21661.7739
9141.3667 
4930.2949 
3213.4523 
1057.7494 
918.7862  
487.3863  
369.0621  
311.689   
1554.5699 
9839.9144 
13963.1981
14084.1223
2761.1005 
1243.8095 
1512.3263 
1429.8534 
1147.395  
768.7974  
669.4017  
476.0157  
1977.0903 
9004.3772 
20488.5321
24716.9309
5408.6753 
2706.1241 
998.4267  
1969.8474 
2737.4356 
1235.7794 
984.7875  
1085.5781 
1889.8183 
12498.8922
28887.283 
16227.7041
3972.3036 
1682.4968 
886.8462  
