NaN         
3187.80732  
2357.78339  
3378.454    
2413.38774  
3542.54673  
8867.05221  
29654.73884 
98248.66519 
32028.7994  
6771.71867  
7501.2249   
4753.58416  
1973.45771  
2244.07332  
2757.86659  
2010.21898  
3181.11328  
12417.92746 
52432.05022 
69517.54165 
68377.98221 
13508.18371 
6987.12824  
5161.52691  
1421.74794  
2599.09949  
1406.15311  
2690.25636  
3955.81093  
8722.44979  
29984.14831 
74262.20228 
43168.70567 
12634.49458 
9608.33669  
6474.76925  
4854.44609  
2637.24281  
2598.52734  
2833.18924  
4522.40632  
14070.71646 
41597.12087 
86767.56667 
59325.86002 
8358.36796  
7030.9208   
9545.52371  
3488.72516  
2581.33518  
1240.74029  
2776.80552  
3119.71051  
11371.27342 
21595.11648 
116490.96191
49832.56561 
16315.04241 
9096.80611  
4032.223    
1818.86261  
1656.40344  
1854.21526  
4027.63004  
3731.67108  
11133.16017 
29690.57225 
77704.88629 
70693.47063 
12517.66019 
12250.19692 
2921.27214  
3840.57763  
2315.19573  
2594.27138  
4538.52442  
4887.37314  
13138.25034 
28541.90601 
85993.23607 
72611.17067 
41026.464   
13282.46796 
3152.2398   
2496.76573  
1796.19364  
2068.32176  
1720.71733  
3705.64364  
11583.61585 
23788.75199 
99266.53926 
63071.06906 
12220.03866 
10936.71798 
25407.05116 
10392.36477 
6787.68718  
3334.02047  
3451.60468  
3507.13491  
8692.21124  
51575.35514 
105462.67307
56449.36572 
12900.40172 
8878.10788  
2781.64844  
2854.87175  
2547.82578  
1539.76247  
1999.62966  
2015.89654  
6589.75403  
39222.90763 
65843.8159  
33297.84081 
4308.79019  
6573.93582  
3413.83576  
1378.28086  
2519.63726  
1363.16281  
2608.00719  
3834.86998  
8455.77845  
29067.44336 
71991.78498 
41848.90942 
12248.22035 
9314.58114  
6276.81622  
6542.19825  
3438.06797  
3316.56237  
3304.30124  
3105.22371  
8540.05012  
41438.58262 
77875.79071 
42503.1265  
12385.47514 
8632.00861  
2552.56364  
1875.44316  
2219.69756  
4085.36052  
4244.71602  
4184.12927  
10621.68235 
35849.31288 
123142.86333
77764.36334 
24207.37981 
16211.51125 
3756.60311  
6283.17115  
4752.16633  
3043.36186  
2631.18991  
3470.61542  
8923.08322  
29793.79814 
70153.06305 
27075.17682 
6554.34213  
5196.95255  
2688.04959  
6396.72381  
4838.0499   
3098.36304  
2678.74211  
3533.33815  
9084.34572  
30332.24681 
71420.90488 
27564.49318 
6672.79553  
5290.87452  
2736.62939  
2259.92803  
2016.8692   
1218.8822   
1582.91493  
1595.79186  
5216.47595  
31049.01238 
52122.23108 
26358.70551 
3410.85575  
5203.95419  
2702.4062   
1343.70903  
1473.50547  
701.19428   
715.02464   
2144.09137  
7601.8226   
38041.46259 
52816.05568 
38549.30545 
8209.43807  
4438.18991  
3249.69931  
1647.86361  
2713.09012  
2089.15627  
1957.17776  
2380.51814  
8954.69163  
45493.34683 
108936.58324
35279.93817 
9451.08631  
6331.81768  
2977.30701  
4944.06886  
2697.52936  
2098.63196  
2375.01289  
3349.13987  
10205.23981 
46159.52716 
104077.40057
36880.84799 
4908.26801  
4270.59493  
2386.89161  
3331.54215  
2465.03424  
1184.83927  
2651.69775  
2979.1533   
10858.9456  
20622.15782 
111242.51187
47587.38086 
15579.97521 
8686.95343  
3850.55294  
372.45008   
1108.10763  
1133.36261  
3332.63313  
3736.94582  
8965.61748  
44589.84744 
132085.54626
38007.52128 
6619.31679  
4960.8392   
5133.50945  
5523.7491   
4879.79199  
4316.96683  
4631.88355  
3993.24657  
12031.92763 
32903.24717 
70856.08707 
70751.6004  
32191.60094 
19033.00964 
12595.97198 
1423.19123  
1560.6653   
742.67087   
757.31931   
2270.91726  
8051.48063  
40291.66626 
55940.19641 
40829.54871 
8695.03738  
4700.71482  
3441.9234   
1870.90744  
1703.79967  
1907.27166  
4142.87641  
3838.4489   
11451.72375 
30540.13652 
79928.32929 
72716.28941 
12875.83977 
12600.72333 
3004.86125  
10186.26922 
6653.07758  
3267.90205  
3383.15439  
3437.58337  
8519.83219  
50552.54163 
103371.19651
55329.89357 
12644.56819 
8702.04222  
2726.48435  
