NaN       
1174.3038 
1273.3411 
1022.7163 
901.4443  
697.3066  
901.4443  
1459.2895 
3702.7865 
3013.5708 
2354.6605 
3171.2214 
2294.0295 
1038.8013 
868.3443  
555.3623  
507.9182  
485.3488  
682.2044  
1027.3141 
1993.4207 
4696.5823 
4174.3122 
3208.2153 
2215.3341 
1202.9061 
931.6377  
800.5572  
548.5702  
445.2826  
687.7334  
1096.3039 
3465.6236 
2992.7572 
1484.976  
2733.5135 
1047.3578 
1141.1814 
1113.1018 
1097.0549 
1153.214  
860.3957  
1169.2508 
2492.9444 
5088.1663 
2773.7199 
1325.6855 
1239.4548 
1020.8447 
1463.8    
996.1     
807.27    
775.54    
688.26    
864.79    
1509.42   
31844.63  
20887.93  
6799.34   
3155.7    
2201.65   
1669.4727 
1446.8812 
1090.315  
1090.315  
983.1394  
1615.8849 
4851.7801 
33560.5571
15546.7198
8234.0155 
3734.6764 
2026.0389 
1476.8164 
1004.9575 
814.4484  
782.4363  
694.3801  
872.4799  
1522.8421 
32127.799 
21073.6698
6859.8011 
3183.7611 
2221.2275 
1787.11   
1469.75   
898.51    
735.87    
777.52    
1120.66   
1295.21   
2376.2    
3867.77   
1920      
1765.29   
2368.26   
2530.1647 
1806.6965 
1343.5939 
1176.6404 
987.822   
1953.769  
3834.0068 
7614.3432 
5173.6225 
3613.383  
2297.6163 
2150.5438 
1681.98   
1322.98   
1176.2    
1162.31   
1086.94   
2328.6    
3828.1    
6682.31   
4153.39   
2733.22   
1606.61   
1269.42   
670.6021  
575.4083  
465.8174  
375.2584  
470.7894  
667.5151  
690.3257  
659.4476  
943.8097  
304.2587  
1445.4772 
2150.7188 
2281.5534 
1978.3156 
1576.803  
1472.2338 
1108.3611 
2501.1296 
9860.2323 
20063.4194
8885.7088 
5286.6771 
6823.7421 
3180.7868 
2267.4555 
1610.984  
1402.5508 
1392.8083 
1075.2922 
1653.8432 
5715.3872 
14091.7319
5879.0263 
4869.9676 
12959.9487
6155.6375 
1501.2374 
1124.043  
834.8944  
812.7004  
628.5278  
747.6073  
737.4493  
2983.6668 
4392.7231 
3764.3851 
5175.3193 
4242.2209 
1977.7937 
1672.7372 
1330.8196 
1257.1077 
1293.9585 
2295.1441 
8893.9454 
20744.3468
9704.7146 
4498.1613 
3286.09   
2360.6601 
1681.98   
1594.71   
1372.56   
1320.99   
1509.42   
2025.12   
4573.88   
7146.45   
6452.23   
4024.46   
2437.69   
1553.06   
1920      
1568.93   
1340.83   
825.12    
1003.64   
1799.01   
4310.08   
4284.3    
4058.18   
2820.5    
2037.03   
1301.16   
2530.1647 
1806.6965 
1343.5939 
1176.6404 
987.822   
1953.769  
3834.0068 
7614.3432 
5173.6225 
3613.383  
2297.6163 
2150.5438 
1443.2444 
1079.9647 
1405.728  
1105.6261 
923.9862  
1557.7548 
4215.213  
5078.0023 
3196.4552 
3632.787  
3808.5042 
3040.4866 
1606.61   
1392.4    
1049.26   
1049.26   
946.12    
1555.04   
4669.09   
32296.86  
14961.32  
7923.97   
3594.05   
1949.75   
1681.98   
1322.98   
1176.2    
1162.31   
1086.94   
2328.6    
3828.1    
6682.31   
4153.39   
2733.22   
1606.61   
1269.42   
2641.9091 
1779.9623 
1391.0639 
1174.1797 
998.4232  
1258.3204 
4842.5558 
8466.062  
5334.2876 
2426.8914 
2411.9316 
1277.0131 
2112.4    
1644.3    
805.29    
848.93    
789.42    
1039.34   
2434.12   
15941.16  
11700.5   
5833.39   
8449.59   
2953.39   
3992.2458 
2184.8528 
1393.9875 
1054.477  
1541.7776 
1421.9486 
3822.4855 
5581.951  
3470.9932 
2602.2456 
1116.3902 
685.0118  
1105.5439 
1078.3412 
1062.7954 
1117.2008 
833.5268  
1132.7368 
2415.0932 
4929.2701 
2687.1005 
1284.2862 
1200.7484 
988.9651  
