NaN      
50807.03 
47018.15 
42814.16 
41679.28 
43794.68 
52190.49 
88865.59 
280945.61
360857.3 
191266.02
109114.64
69727.05 
62094.3  
49506.38 
39398.09 
40581.55 
35558.4  
58136.27 
106253.49
294833.82
500107.57
256639.86
104974.22
84213.81 
49820.06 
54607.05 
54739.04 
48799.31 
41443.94 
60778.87 
143017.77
671184.33
615565.33
167976.75
110656.13
53379.5  
86245.45 
68421.35 
79080.44 
55915.45 
43587.54 
64986.22 
111100.79
406922.89
473604   
232698.56
101675.17
85989.23 
64504.82 
55000.64 
51360.62 
52189.99 
41513.74 
46632.04 
146403.43
475742.04
458077.56
273624.75
119480.51
81405.21 
83428.89 
60843.28 
56321.1  
48438.45 
41745.38 
53202.03 
79901.96 
413852.83
640081.07
371446.86
152696.02
72269.42 
79983.58 
68198.74 
63685.25 
64713.64 
51475.49 
57821.99 
181534.8 
589902.41
567999.11
339284.49
148151.38
100939.42
91894.29 
71263.69 
65536.66 
57818.27 
53791.19 
86820.85 
136583.9 
396387.58
700224.11
213507.04
127743.12
119423.93
99084.39 
72423.21 
52011.01 
52781.42 
49737.56 
80835.98 
174001.3 
383661.73
756276.92
352434.3 
145715.43
108472.16
71406.01 
67407.67 
54731.37 
56202.19 
49738.91 
71809.22 
124220.64
668084.19
660669.49
303770.51
141734.48
79899.26 
67776.04 
64312.8  
48940.98 
42648.21 
45488.81 
57001.08 
102197.18
300192.14
264926.07
119168.35
122930.33
83245.44 
116158.7 
89762.2  
75438.57 
63978.26 
43432.31 
69591.04 
122040.48
353549.86
428709.36
352863.75
174568.51
83788.73 
95799.18 
64449.65 
72804.99 
39063.3  
60807.86 
66731.93 
102996.15
713441.8 
957013.12
599128.27
284653.39
152990.4 
53123.21 
38213.45 
47826.24 
40612.09 
33173.27 
49615.03 
60294.84 
281931.13
549623.96
438780.65
202641.47
99191.89 
120775.71
99154.39 
78861.03 
47333.37 
42978.74 
50296.16 
148898.62
382850.91
383272.97
208513.58
106883.4 
47614.05 
75271.39 
71704.95 
60026.47 
60740.84 
51221.68 
75329.75 
134812.62
403515.98
576744.58
359057.57
125846.79
68788.03 
40659.97 
70584.1  
39450.34 
39003.89 
34143.29 
45520.57 
88026.31 
310045.95
329263.36
217837.53
116524.64
77180.18 
114029.35
83346.84 
59855.86 
60742.48 
57239.51 
93028.52 
200246.01
441529.66
870346.61
405592.17
167693.77
124833.08
71589.72 
78719.64 
65776.88 
48621.03 
51251.27 
56117.03 
105880.57
273134.73
587300.71
373004.43
139853.54
90753.1  
84024.59 
61277.71 
56723.25 
48784.31 
42043.45 
53581.9  
80472.48 
416807.83
644651.38
374099.06
153786.3 
72785.44 
69014.83 
65150.38 
52898.57 
54320.14 
48073.29 
69404.54 
120060.84
645711.95
638545.54
293598.1 
136988.2 
77223.66 
81926.97 
65524.18 
51247.85 
56233.35 
40568.38 
52303.22 
142244.52
466715.02
578731.07
275003.27
128333.95
70445.75 
63939.9  
69938.31 
68113.88 
44349.03 
61837.46 
79351    
90314.94 
284373.18
569103.52
388047.94
171473.95
113920.52
165920.76
84453.92 
56188.47 
52808.62 
59093.97 
62474.83 
356960.76
657180.14
733237.81
409703.92
147681.05
70733.1  
84193.58 
66793.53 
77199.03 
54585.16 
42550.55 
63440.13 
108457.58
397241.74
462336.43
227162.4 
99256.21 
83943.45 
