NaN      
257721.5 
271449.2 
261557.8 
224910.9 
319296.6 
374027.9 
589172.9 
1704243  
1878675.5
875640.6 
502860.8 
336566.3 
340086.4 
356824.4 
390072.1 
285229.5 
337134   
593296.7 
603671.2 
1846066.3
4034153.6
2187298.8
891354.5 
427082.4 
218664.1 
266483.3 
325345.8 
368706   
271813.2 
498708   
964708.7 
2732419.6
3431802.1
1118200.9
683226   
289424.1 
698501.7 
534654.2 
449713.8 
486100.2 
461044.4 
912238.1 
1193313  
3230873.7
3122048.3
1182008.2
775398.5 
627876.2 
463002.3 
417140.8 
325177.3 
426419.9 
387915.3 
585056.3 
2000086.4
3931693.3
3055558.6
2138617.7
928303   
625875.2 
1054015.4
536580.1 
376727.4 
354330.2 
410730   
744981.3 
1202707.6
3827139.2
4053571.2
2242115.2
796865.8 
516531.3 
591732.8 
533120.3 
415587.7 
544979.3 
495769.1 
747722.1 
2556179.1
5024839  
3905108.8
2733226.8
1186403.1
799890   
707366.3 
574538.8 
493970.9 
487637.3 
484407   
886647.7 
899727.8 
2153272.5
4086197.7
1315913.6
767932.6 
614072.5 
761616.3 
598924.9 
473908   
524396.2 
553802.7 
736344.3 
1641206.9
3005529.4
5288415  
2525674.8
1120684  
753747.5 
470064.4 
538094.9 
448163.9 
462033.7 
423756.9 
913356.3 
1125218.9
3938341.9
3835961.8
1784720.1
861994.7 
433961.5 
549206.5 
443381.1 
339385.5 
199450.5 
366837.6 
569247.8 
755609.5 
1789487  
1819930.5
902136.9 
676375.3 
662175.3 
788093.8 
524158.5 
374112.6 
406198.7 
363213.3 
680257.9 
1246351.9
3184962.8
2930478.1
1954461.9
923606.5 
564963.5 
677407.3 
457639.1 
433514.5 
232864.3 
366749.8 
629279.8 
1266227.4
5266796.2
5148162.4
2705551  
1454032  
711681.9 
436775.1 
282150.2 
229170.3 
191854.7 
256476.6 
446084.3 
690749.7 
2083471.4
2746217.5
1791996.4
1015474.4
660614.5 
672302.3 
535100.9 
350586.6 
233751.5 
372706.4 
586648.8 
1242762.7
2138602.2
1748174.2
770849.9 
562808.4 
328267.2 
470163.6 
579206   
311163.5 
292912.5 
429541.8 
694064.8 
1160764  
2089456.5
2606627.4
1207000.8
746438.2 
453534.2 
260911.5 
442795   
287675.7 
247576   
375434.6 
544414.7 
995139.4 
2010856.7
1656441.8
987800.2 
654358.4 
440215.6 
675854.2 
531482.8 
420543.4 
465346.4 
491441.6 
653428.1 
1456398.3
2667090.9
4692911.4
2241270.5
994489.1 
668871.6 
348889.3 
375112.5 
281676.8 
305373.8 
307431.6 
488002.6 
788249.7 
1499593.4
3006276.2
1508990.2
730875.9 
602953.9 
1108266.8
564198.5 
396118   
372568   
431870.7 
783326.3 
1264612.3
4024126.5
4262213.2
2357519.5
837881.4 
543117.7 
418309.5 
478849.7 
398820.3 
411163   
377100.5 
812794.2 
1001330.3
3504723.6
3413615.7
1588219.3
767087.6 
386181.6 
453552.8 
417469.1 
308333   
485976.5 
408948.4 
520035.1 
1290285.1
3038161.6
3167521  
1408161.1
622352.6 
354477.9 
463448.9 
481795.4 
264390.6 
315870.1 
299298.2 
446971.6 
615409.1 
1912851.5
3022713.5
1577221.2
1087519.4
609514.6 
756182.4 
505063.9 
342076.5 
308612.8 
714792.4 
502857   
2336568.6
3801004.8
3551342.2
2353495.1
842220.9 
380246.4 
600920.5 
459962.7 
386888.5 
418191.7 
396636.2 
784797.9 
1026606.4
2779518.6
2685896.2
1016880.9
667074.8 
540161.5 
