NaN       
844.7257  
766.9077  
571.3565  
393.9384  
415.507   
716.3098  
980.4092  
3155.1355 
2475.7222 
933.8363  
411.482   
327.0063  
1287.27   
983.8     
767.6     
706.12    
585.12    
779.5     
852.89    
971.9     
625.79    
186.29    
243.45    
670.41    
4393.7853 
2404.605  
1534.1945 
1160.5362 
1696.8493 
1564.968  
4206.9505 
6143.3827 
3820.1051 
2863.979  
1228.6765 
753.9102  
826.1251  
701.8492  
392.3784  
457.9108  
463.5112  
1356.5587 
10229.1059
7735.7628 
5628.0092 
2589.2444 
1616.2809 
1945.9271 
1080.9901 
831.4701  
718.0201  
759.6701  
612.1001  
714.0501  
791.4101  
1225.7901 
681.7201  
1249.3901 
1124.6301 
758.8801  
1822.4372 
1250.5052 
794.4789  
402.9471  
476.5196  
906.1757  
2892.3813 
4041.267  
2121.4105 
1417.6356 
1337.0089 
727.2914  
900.0831  
803.7724  
794.3957  
471.1799  
340.6027  
744.9598  
1181.3661 
1682.5496 
1885.4071 
1805.2886 
1803.5783 
1960.4119 
1080.9901 
831.4701  
718.0201  
759.6701  
612.1001  
714.0501  
791.4101  
1225.7901 
681.7201  
1249.3901 
1124.6301 
758.8801  
2021.1962 
1573.3066 
770.5212  
812.2771  
755.3364  
994.466   
2329.0258 
15252.8932
11195.3256
5581.5307 
8084.7751 
2825.8761 
1440.1943 
988.2209  
627.8427  
318.4319  
376.5731  
716.112   
2285.7255 
3193.6407 
1676.4601 
1120.2969 
1056.581  
574.7473  
965.9164  
1008.165  
549.2009  
874.0896  
892.139   
1150.37   
2471.3241 
4244.4825 
4906.9394 
2495.1233 
2356.2781 
1650.1926 
3916.9728 
3683.9819 
2238.2673 
1690.6527 
1364.0718 
1525.3694 
5563.8123 
15819.2194
16287.1892
7923.5498 
4086.2318 
2578.7933 
806.9112  
685.5258  
383.2526  
447.2608  
452.7309  
1325.0081 
9991.1995 
7555.846  
5497.1141 
2529.0243 
1578.6897 
1900.6691 
7041.3202 
4589.7501 
2011.24   
1539.17   
960       
1640.33   
3143.8001 
9560.3302 
6279.6701 
4603.6401 
4034.3801 
2277.03   
749.8217  
831.4079  
583.3368  
445.9397  
441.2888  
752.1471  
1792.6601 
3476.7958 
6517.5302 
3798.4997 
4058.198  
1496.1454 
1338.4366 
1132.8285 
1194.1182 
1053.7469 
1124.9243 
1419.4918 
4758.671  
30357.0083
13884.5521
4869.3793 
2034.3428 
1377.9775 
608.8082  
597.44    
448.6533  
341.1125  
350.3722  
913.1151  
3426.5839 
10320.23  
15832.0532
4962.5764 
3039.2117 
1977.3197 
2144.1299 
1810.9099 
1132.56   
687.87    
678.35    
2971.2399 
3913.3898 
8447.5997 
4893.2198 
3114.0499 
1453.8799 
958.02    
1442.469  
981.5845  
795.5062  
764.2386  
678.2304  
852.188   
1487.4242 
31380.5787
20583.5436
6700.2576 
3109.714  
2169.5668 
1509.9725 
929.809   
757.575   
521.886   
442.8921  
731.6746  
916.8621  
1298.8847 
849.5224  
1064.4884 
1372.7011 
909.0926  
985.8569  
1028.9776 
560.5386  
892.1344  
910.5564  
1174.1183 
2522.3422 
4332.1058 
5008.2386 
2546.6327 
2404.9212 
1684.2593 
2524.9601 
1802.9801 
1340.8301 
1174.22   
985.79    
1949.7501 
3826.1202 
7598.6803 
5162.9802 
3605.9501 
2292.8901 
2146.1201 
1080.9901 
831.4701  
718.0201  
759.6701  
612.1001  
714.0501  
791.4101  
1225.7901 
681.7201  
1249.3901 
1124.6301 
758.8801  
1103.2934 
1095.5041 
990.436   
867.8467  
679.097   
1151.9426 
2317.4921 
3364.3568 
3054.97   
2113.1832 
1299.8228 
1371.8204 
855.5335  
682.0359  
659.8962  
690.009   
536.4491  
676.0535  
1836.7059 
4321.5345 
13048.3661
11161.8107
13469.1501
4229.7987 
