NaN       
3641.4602 
2734.7846 
2945.6272 
2515.8574 
2269.0882 
3353.2603 
12755.9774
33808.6255
68818.7594
28093.5772
6725.9354 
3456.8872 
4342.1534 
3093.5022 
2857.109  
2293.875  
1943.0736 
3077.8524 
7008.6481 
12891.384 
11735.5802
3394.9342 
2473.798  
2794.8866 
15857.1533
7049.5775 
3382.445  
2405.9307 
2481.125  
3242.9586 
32943.5274
60639.568 
66260.8502
34902.249 
8895.8483 
4827.9948 
2856.1565 
2702.1984 
2242.7016 
2040.694  
1865.3385 
3157.6195 
10877.1218
53320.9084
70826.4797
22693.4358
10603.6293
8191.1263 
2507.4979 
2594.4544 
2128.7688 
1920.2438 
2073.6871 
2734.0926 
8015.234  
15793.8171
12402.314 
5324.6793 
2181.9861 
2586.4609 
3478.5768 
2690.0656 
1271.5886 
1230.5874 
1418.9305 
1889.5447 
6189.9072 
16671.829 
20766.6989
7131.4545 
4537.702  
3038.0627 
2897.3589 
2397.6514 
2184.0828 
1586.3534 
1353.3339 
2296.5439 
5757.0091 
14633.3158
29316.9042
8834.3022 
2882.4595 
2893.063  
2507.4979 
2594.4544 
2128.7688 
1920.2438 
2073.6871 
2734.0926 
8015.234  
15793.8171
12402.314 
5324.6793 
2181.9861 
2586.4609 
5185.5009 
3155.6079 
2284.8893 
2707.6564 
2419.5803 
5398.5545 
7118.2424 
23131.9774
46702.8916
18214.3403
10818.6878
6492.1198 
2748.9707 
2125.8439 
1004.8822 
972.4807  
1121.3202 
1493.2265 
4891.6194 
13175.0346
16411.0354
5635.684  
3585.9522 
2400.8512 
3048.8864 
3187.7264 
3257.0076 
2643.791  
2423.9874 
2808.9908 
8347.2582 
27768.6316
53293.153 
15963.4644
7269.6814 
4368.144  
6451.1782 
4034.4134 
3026.064  
3189.1769 
2814.5606 
2962.4597 
9631.4537 
59464.6186
64978.4795
25642.0978
7621.5853 
5592.4802 
2789.7286 
2639.3513 
2190.5413 
1993.232  
1821.9548 
3084.1803 
10624.144 
52080.7819
69179.2123
22165.6367
10357.0123
8000.6188 
8242.1852 
5674.6272 
4181.867  
3168.6569 
2647.1756 
3892.2764 
17868.0581
43613.4371
52011.783 
19381.9823
7394.4781 
5644.9739 
2499.3511 
2528.2085 
1938.5993 
1378.0027 
1942.2041 
2494.2153 
11521.9226
37672.9844
60369.1263
30353.9282
8061.402  
4565.357  
3462.9786 
2540.9476 
2626.3755 
2547.2742 
2189.3909 
2417.798  
8117.8141 
38405.7292
60659.0636
26008.4004
5806.1632 
4386.3736 
2672.1359 
2076.3686 
2086.1398 
2365.3966 
2113.3716 
2399.4895 
8665.2321 
33117.3837
59471.2767
26327.7211
8878.0957 
3822.2736 
7162.3688 
4129.0263 
2825.4323 
2419.6683 
2338.5829 
6176.5311 
20438.848 
35911.9511
56973.0419
15987.8207
5670.283  
3539.1938 
4172.6653 
2753.3962 
2381.8671 
2472.2671 
2270.0644 
2363.4939 
11521.4271
38689.4888
52311.6539
25439.6543
6039.5949 
5617.2855 
3434.957  
2725.6239 
2789.5071 
2033.5016 
1404.4079 
3163.2622 
5456.8941 
15507.7342
15048.7281
6461.9444 
2470.7644 
2420.0903 
3111.8278 
3253.534  
3324.2454 
2698.3696 
2474.0284 
2866.9797 
8519.5795 
28341.8888
54393.3398
16293.015 
7419.7571 
4458.3202 
6662.2504 
4335.7468 
3852.2495 
3536.0997 
3136.2664 
6490.5985 
18378.1545
31564.5641
71913.5819
32635.1171
7937.1036 
6027.9477 
2507.4979 
2594.4544 
2128.7688 
1920.2438 
2073.6871 
2734.0926 
8015.234  
15793.8171
12402.314 
5324.6793 
2181.9861 
2586.4609 
4217.6651 
3164.4067 
2904.0692 
2683.2329 
1927.3222 
2468.6038 
8879.7272 
48563.7626
67466.0826
31731.0077
8672.3173 
6350.1594 
1869.3534 
1965.3977 
2250.9978 
2509.4558 
2253.1715 
2334.2188 
12175.3068
39759.6368
71051.4432
38730.212 
15880.7889
7575.0134 
