NaN      
58979.5  
48478.24 
47620.69 
68697.82 
42416.81 
57118    
108404.08
346505.63
782139.27
496062.85
195107.69
77041.97 
64355.22 
50810    
62153.73 
48174.49 
40305.21 
57442.4  
79617.88 
208623.86
203452.92
101028.89
79786.6  
44985.12 
184469.85
93895.43 
62470.06 
58712.36 
65700.38 
69459.2  
396867.14
730649.52
815210.05
455506.72
164191.04
78640.7  
45696.26 
86984.25 
53720.36 
47692.32 
31943.15 
62777.38 
101376.55
536615.54
795610.86
418653.77
172277.71
103299.1 
43588.85 
47570.49 
43131.71 
42463.66 
33866.76 
38391.62 
82206.02 
206256.72
162147.89
103299.68
60265.25 
46054.45 
79116.12 
54328.97 
41987.02 
39911.17 
38972.1  
49160.22 
101865.86
216159.34
278842.22
115660.9 
92597.04 
60649.87 
45279.21 
41780    
38919.05 
35432.18 
26365.74 
27217.49 
49458.09 
132422.66
251952.17
158091.31
66539.54 
51402.66 
62148.03 
67824.96 
61496.25 
60543.76 
48286.48 
54737.94 
117207.56
294076.34
231186.93
147282.43
85924.88 
65663.43 
60578.46 
66261.52 
64533    
42017.51 
58586.55 
75179.37 
85566.91 
269423.15
539184.68
367647.53
162459.25
107931.5 
44576.42 
30610.59 
23656.76 
22487.17 
21958.06 
27698.36 
57394.32 
121790.73
157108.17
65166.86 
52171.98 
34171.98 
53634.37 
57187.03 
56469.05 
52677.84 
46309.12 
54390.75 
99683.99 
368171.2 
754158.07
241742.75
136206.7 
75780.03 
98461.61 
67790.66 
53193.64 
51110.33 
47582.75 
49071.54 
88481.31 
639953.97
720199.97
321318.37
139262.23
106186.47
44652.11 
84996.68 
52492.87 
46602.56 
31213.26 
61342.93 
99060.12 
524353.99
777431.33
409087.62
168341.2 
100938.73
91012.18 
80120.83 
66056.92 
49975.57 
50058.78 
68170.44 
167469.52
477957.1 
525005.21
285216.88
126649.26
60528.04 
50816.11 
45952.31 
46218.17 
36573.61 
40763.89 
43624.89 
84905.58 
419526.04
691114   
410513   
156054.66
72485.83 
67784.95 
53645.61 
52878.95 
57954.54 
54853.88 
51742.15 
74808.25 
345809.34
611511.91
340032.61
129135.42
62720.41 
56918.23 
48019.44 
48517.58 
35384.94 
37338.27 
52651.65 
86496.33 
349799.56
613784.17
412767.56
167002.61
74492.5  
111645.4 
78476.77 
53423.88 
47524.67 
44899.94 
91496.4  
228189.1 
426558.97
734907.92
243265.34
106633.03
65132.82 
74487.63 
63512.57 
59309.22 
60266.94 
47938.43 
53848.85 
169060.92
549368.18
528969.94
315971.09
137971.39
94003.53 
75165.17 
51937.8  
44403.68 
37955.37 
31283.69 
47598.98 
75341.2  
228065.06
185116.28
99648.47 
64889.89 
41621.1  
51198.83 
54590.16 
53904.78 
50285.73 
44206.21 
51920.86 
95157.32 
351452.49
719911.64
230765.18
130021.54
72338.85 
100533.82
73482.63 
52771.84 
53553.52 
50465.13 
82018.47 
176546.62
389274.01
767339.89
357589.78
147846.99
110058.91
45284.79 
49421.35 
44809.87 
44115.82 
35184.43 
39885.35 
85404.47 
214281.7 
168456.69
107318.83
62610.03 
47846.32 
55314.73 
68640.26 
51768.69 
41451.33 
37184.54 
40069.49 
93217.08 
494178.95
738688.6 
492560.45
204170.25
91581.95 
49571    
48039.25 
49091.88 
48756.91 
39938.99 
44060.18 
113154.03
409878.6 
855744.51
516914.8 
239069.54
114283.81
