NaN      
311001.1 
325310.7 
312279.5 
367113.7 
314524.4 
645192   
1288861.4
2754958.8
4902623.7
2416607.9
778153.9 
401159.6 
294040.2 
355927.5 
299594.1 
296279   
271931   
403432.3 
656010.3 
874406.6 
1125082.7
691593.5 
404274.9 
566281.5 
1087063  
726063.3 
491757.9 
443651.7 
1027562.2
722890.7 
3358974.5
5464200  
5105293.3
3383307.5
1210749.2
546629.8 
558286.3 
658302.9 
456337   
447542.3 
427111   
823036.2 
1120753.5
3603122.7
4637355.7
1862255.7
934944.1 
1068697  
326660.5 
438137.4 
351865.4 
326167   
350441.4 
398799.4 
684186.9 
1798897.8
1432199.6
1288442  
681950.4 
507331.9 
333165.1 
279056.1 
201185.8 
232859.1 
242139.6 
216306.7 
299876.4 
494624.5 
759988.8 
528037.3 
472410.6 
307258.8 
343876.9 
401841.2 
402455.9 
322510.1 
311798.2 
391007.1 
654361.4 
1204591  
2235660.4
1050149.1
480463.6 
558541.1 
374853.5 
502776.9 
403776.9 
374287.2 
402142.8 
457635.2 
785126.6 
2064293.5
1643495.4
1478528.9
782560.1 
582179.8 
671194.3 
697764.8 
382906.3 
457462   
433461.6 
647331   
891272.1 
2770305.6
4377674.1
2284225.8
1575010.5
882735.4 
315728.4 
264451.4 
190656.5 
220672.1 
229466.9 
204986   
284182   
468737.7 
720213.8 
500401.8 
447686.4 
291178   
542265.7 
583085.3 
599014   
498283.1 
509837.4 
569366.5 
753775.8 
2244785.7
4595959.9
2356257.7
1247053.5
514389.1 
788016.9 
597097   
440040.2 
418423.1 
404734.2 
490679.9 
641488.5 
4043504.6
4610197.4
2314626  
1036144.7
1277468.3
718359   
847052.4 
587178.6 
575862.3 
549572.9 
1059018.4
1442097.5
4636215.2
5966985  
2396204.3
1203012.6
1375115.3
690101.7 
507616.8 
427749.1 
372013   
343532.7 
921212.8 
2384257.4
4068139.7
3582190.5
1577989.9
742701.2 
490568.4 
504995.5 
424744   
504557.4 
367360.8 
425647.6 
497196   
673864.8 
2428881  
4410014.9
2632045.7
1399302  
635326.1 
266437.2 
315436.7 
280814.5 
373668.1 
510493.9 
538139.6 
1256736.8
3621381.7
4267596.7
1664816.9
544678.6 
563869.7 
231022.7 
331497.3 
271385.3 
259460.1 
274120   
561102.3 
1270879  
2744292.5
3438414.7
1697188.4
704129.3 
264987.7 
608806.8 
565541.6 
383387.6 
316584.7 
343797.2 
819092   
1879717.1
2160628.6
3520752.3
1487630.8
636659.5 
358613.3 
526173.1 
474054.4 
369543.6 
484599.5 
440841.4 
664879.8 
2272972.8
4468122.9
3472450.8
2430404.9
1054958.2
711267.9 
887900.1 
580547.7 
554672.3 
412403.6 
383752.1 
965104.2 
1276102.2
2494658.6
1925927.8
1069827.6
595978.1 
370944.7 
501927.9 
539711   
554454.9 
461217.1 
471911.9 
527012.8 
697704.4 
2077801.8
4254078.1
2180981.7
1154288.3
476125   
854379.9 
671873   
531629.2 
588266.8 
621254.9 
826029.9 
1841103.2
3371598  
5932535.3
2833297.9
1257181.5
845552.7 
309868.3 
415614.8 
333777.6 
309400.2 
332426.8 
378298.9 
649016   
1706424.7
1358576.8
1222209.1
646894.4 
481252.3 
308877.1 
357999.6 
240125   
450608.1 
413461.6 
838302.4 
1301702.7
4107977.8
4252304.4
1914239.7
911403.5 
544984.2 
324671.7 
372729.4 
421587.8 
449023.2 
461781.4 
528675.2 
1728527  
4261489.5
7145622.9
4905975  
2055306  
1117010.6
