NaN       
1052.3827 
649.1745  
562.0765  
444.1399  
417.3264  
580.2198  
1614.8657 
6838.48   
18259.4805
11626.6347
3606.736  
1516.0787 
946.12    
675.17    
450.64    
416.53    
285.62    
325.69    
1397.75   
4242.6501 
5744.1301 
2118.35   
917.55    
862.81    
3215.6627 
1316.5975 
861.6117  
596.9735  
518.2835  
627.3037  
3316.7706 
9152.4301 
14873.8057
11297.6717
3307.9719 
1184.7161 
729.428   
589.5699  
302.279   
442.7314  
315.2626  
469.6958  
1831.8548 
12612.5669
17147.7384
7629.8795 
2892.9235 
1907.9735 
550.0201  
339.97    
244.17    
215.41    
179.5     
242.78    
1108.9601 
5099.5005 
5502.1506 
3284.6303 
1101.6201 
1073.4601 
974.2016  
452.1648  
382.9619  
275.4653  
164.9455  
222.8941  
1023.25   
4960.0435 
8767.8395 
2704.2581 
1575.527  
909.707   
620.0034  
433.1661  
297.1313  
167.912   
131.2648  
214.9673  
1020.9485 
3711.1508 
9416.7996 
3273.0342 
1152.3852 
981.912   
550.0201  
339.97    
244.17    
215.41    
179.5     
242.78    
1108.9601 
5099.5005 
5502.1506 
3284.6303 
1101.6201 
1073.4601 
1250.6749 
801.4554  
412.4009  
386.2127  
281.2586  
466.4902  
1051.3971 
7268.6995 
17592.9225
9891.5086 
4721.8143 
1653.0101 
769.8699  
357.3265  
302.6384  
217.6885  
130.3494  
176.1437  
808.6307  
3919.7106 
6928.8492 
2137.0597 
1245.0717 
718.9026  
607.3189  
461.7339  
441.1047  
389.3465  
325.6787  
402.236   
1101.1817 
6743.5656 
19125.9452
7681.713  
3629.6238 
1309.0445 
1270.4819 
868.2219  
621.2958  
350.8769  
352.8648  
472.1463  
735.7984  
11591.6087
17679.1412
10374.8893
3140.343  
1865.8854 
712.4632  
575.8578  
295.2486  
432.4344  
307.9302  
458.7717  
1789.2499 
12319.2265
16748.9199
7452.4254 
2825.6405 
1863.5983 
2578.5101 
1221.82   
674.98    
463.14    
343.74    
423.87    
1840.86   
8072.7302 
12882.6403
6993.7201 
2699.5001 
1578.84   
711.0609  
422.6852  
347.6747  
287.6038  
219.1886  
322.681   
1088.39   
9085.3965 
16897.5198
10914.8828
4036.8781 
1289.9422 
719.0405  
422.2902  
334.3176  
299.91    
240.0058  
294.3781  
1087.1577 
7783.4974 
20549.0558
9493.6096 
2516.7365 
1237.6061 
549.0622  
397.7784  
378.3165  
385.8272  
312.012   
322.4182  
1062.6694 
6966.8784 
15429.2709
10067.7599
3829.3759 
1352.907  
2173.8799 
1243.64   
639.87    
539.5     
341.36    
603.97    
2719.3399 
8590.4097 
17400.9893
8370.2497 
3092.2299 
1610.5799 
1059.3741 
701.2993  
448.1823  
380.5524  
263.0895  
252.9199  
1272.0294 
12739.8648
16240.498 
10259.5237
2789.1643 
1680.9326 
991.9713  
446.9074  
355.9982  
252.5272  
204.35    
288.5279  
630.665   
3053.6149 
4059.8259 
2487.6976 
1080.0339 
628.073   
619.8564  
471.266   
450.2109  
397.3842  
332.402   
410.5398  
1123.9146 
6882.7801 
19520.7822
7840.2947 
3704.554  
1336.0685 
1475.7001 
858.84    
643.44    
442.71    
374.48    
509.16    
2229.4201 
7084.9603 
18916.3608
11036.0305
3814.2202 
1830.7401 
550.0201  
339.97    
244.17    
215.41    
179.5     
242.78    
1108.9601 
5099.5005 
5502.1506 
3284.6303 
1101.6201 
1073.4601 
964.1641  
553.0054  
421.8616  
305.3057  
281.3686  
338.9648  
798.5764  
8855.5233 
12743.3076
9159.073  
3759.3677 
2440.0814 
664.481   
404.8278  
316.0882  
304.9178  
307.1097  
281.7828  
1094.2435 
6345.7035 
19246.492 
16737.7241
5819.2183 
1695.1107 
