NaN       
1516.902  
995.5438  
768.9406  
706.2369  
591.9189  
850.3873  
3185.6183 
12178.1911
30542.5368
19839.9298
6142.011  
2504.9954 
1631.82   
1050.46   
572.64    
614.29    
519.08    
678.95    
1942.04   
6086.1601 
8487.9802 
3568.7101 
2006.9    
1680.82   
5116.1131 
2416.0633 
1316.8302 
904.7078  
1169.1244 
1143.6257 
6842.661  
15425.489 
23452.8771
18421.6043
6110.2711 
2453.8735 
1380.1487 
1007.3414 
833.7198  
742.8145  
509.8653  
1137.6003 
6166.5109 
20846.2791
28984.7246
12002.7813
5123.6132 
3610.9997 
1060.5801 
667.2501  
690.4601  
473.0601  
847.7501  
687.6801  
2100.7202 
9280.981  
8882.8909 
6489.6107 
2665.8203 
1808.5502 
1386.0742 
654.4047  
486.0973  
372.0462  
232.9714  
348.5382  
2526.4153 
8001.6787 
12222.897 
5279.5863 
3149.4112 
1837.4091 
1143.3609 
721.4451  
377.5937  
267.1277  
191.6159  
639.6162  
2426.1686 
6602.9301 
15305.2376
6078.5584 
2593.7455 
2291.3285 
1060.5801 
667.2501  
690.4601  
473.0601  
847.7501  
687.6801  
2100.7202 
9280.981  
8882.8909 
6489.6107 
2665.8203 
1808.5502 
2022.3539 
1381.2623 
569.5498  
522.8568  
414.4964  
886.8711  
2688.1316 
12977.7462
26332.7971
14618.0688
10430.0669
3320.8701 
1095.3553 
517.1481  
384.1419  
294.0123  
184.1073  
275.4349  
1996.5182 
6323.385  
9659.2336 
4172.2316 
2488.8452 
1452.026  
1232.1072 
849.3005  
744.3841  
731.4846  
462.5339  
874.8896  
3757.9994 
11923.7755
31194.1757
13536.2995
6597.4807 
2526.4922 
2960.7632 
1924.8585 
1039.6896 
691.0014  
501.0304  
829.4084  
3987.7124 
19067.1577
28600.2395
17802.2378
6743.5757 
3832.1877 
1348.0495 
983.9128  
814.3293  
725.5383  
498.007   
1111.1423 
6023.0915 
20361.4407
28310.604 
11723.6231
5004.4493 
3527.0158 
4332.7501 
2115.2    
951.88    
697       
579.18    
826.52    
3787.0901 
13596.0803
21510.2305
11163.7202
4511.6601 
3093.0701 
983.7446  
1027.3517 
824.0505  
435.866   
432.9543  
625.9864  
3840.4165 
16772.3558
30416.7238
21561.0488
8224.256  
3224.8946 
1385.3135 
980.8052  
997.6103  
781.1277  
730.513   
1171.3925 
4896.1319 
20813.2625
32156.1197
16793.3476
5095.4207 
2660.2975 
975.9508  
637.7241  
600.1412  
672.6058  
982.315   
835.6465  
3984.3714 
14694.0431
26575.6643
17694.9432
7571.5474 
2949.8309 
3148.0099 
1841.6799 
934.62    
729.53    
541.89    
1611.1899 
5746.9898 
16423.5593
29029.0788
13920.3794
5763.0498 
2962.9499 
1656.9079 
917.4824  
693.2976  
513.664   
373.7136  
536.5358  
2790.1792 
27158.6815
30630.4318
18447.8362
5891.5368 
3392.1967 
1624.6015 
782.8356  
556.6005  
505.0544  
386.952   
373.8745  
1449.6449 
4976.6226 
6286.2736 
4219.2957 
2258.1197 
1309.3898 
1257.5429 
866.8335  
759.7512  
746.5854  
472.0825  
892.9509  
3835.5797 
12169.9306
31838.15  
13815.7436
6733.6794 
2578.6492 
2803.8701 
1504.4801 
1384.0801 
703.15    
647.22    
970.72    
5495.2802 
13838.0706
30631.9413
17445.0607
7223.1003 
3858.1002 
1060.5801 
667.2501  
690.4601  
473.0601  
847.7501  
687.6801  
2100.7202 
9280.981  
8882.8909 
6489.6107 
2665.8203 
1808.5502 
1821.3274 
1256.2553 
671.906   
610.6114  
473.4245  
1133.0775 
1690.37   
12895.4552
22798.5497
18119.1249
7729.9508 
4189.4504 
992.554   
664.6921  
601.6716  
659.5041  
481.4217  
582.9303  
2903.4609 
10773.6731
31934.9229
31350.0019
13326.5394
3473.6322 
