NaN         
7418.93354  
3855.32469  
4507.87372  
3995.59224  
3679.48204  
4187.69779  
15686.58739 
53232.55069 
165482.16374
79908.79549 
15370.47719 
4592.23753  
3067.00006  
2483.00005  
2586.00005  
3245.00006  
2500.00005  
3039.00006  
11050.00022 
30644.00061 
38009.00075 
8611.00017  
4077.00008  
3684.00007  
25665.9488  
8702.33133  
5018.82829  
5392.2761   
5291.43411  
3865.24025  
32817.97304 
80383.25607 
135334.38378
84303.904   
18134.93597 
4346.17897  
3259.49587  
3524.40546  
2920.04899  
2752.8437   
3451.88268  
4829.81543  
13935.45285 
85905.24261 
129052.26525
46290.68352 
15629.66547 
10809.92266 
2096.00022  
1693.00018  
2699.00029  
2605.00028  
1845.0002   
4175.00044  
13755.00146 
49556.00525 
48625.00515 
21837.00231 
6383.00068  
6298.00067  
2979.99437  
2037.47271  
1360.85563  
1779.18959  
1413.35908  
2110.30008  
10599.76968 
36042.7736  
56276.92689 
11615.11871 
9396.42441  
3947.92093  
1316.68752  
1106.12065  
581.85212   
597.32234   
1411.22775  
2285.29512  
9650.83824  
27140.78019 
61162.36997 
20774.7851  
5955.17483  
3528.06937  
2096.00022  
1693.00018  
2699.00029  
2605.00028  
1845.0002   
4175.00044  
13755.00146 
49556.00525 
48625.00515 
21837.00231 
6383.00068  
6298.00067  
7144.6089   
4354.50852  
2094.48893  
3046.52936  
3262.77171  
3964.1241   
10350.92796 
46744.70644 
116352.73545
50730.83751 
18694.43801 
5324.72861  
2354.9623   
1610.12768  
1075.42609  
1406.01756  
1116.91733  
1667.68004  
8376.54537  
28483.06496 
44473.25232 
9178.93236  
7425.59299  
3119.87333  
90.99684    
929.96767   
2378.91731  
2837.90135  
2840.90125  
2880.89986  
7430.7417   
42906.50855 
119318.85241
36428.73372 
14914.48156 
7495.73944  
9292.73183  
4546.97304  
3551.03635  
3574.12763  
3393.41331  
3886.36181  
6302.91383  
82444.88387 
121322.55752
48506.73491 
13990.30013 
7430.37038  
3183.68721  
3442.43558  
2852.13511  
2688.81864  
3371.59952  
4717.48459  
13611.34502 
83907.27657 
126050.79484
45214.06455 
15266.15401 
10558.50775 
12896.00027 
4545.0001   
3598.00008  
3015.00006  
2658.00006  
3444.00007  
16464.00035 
70406.0015  
109928.00234
39580.00084 
9736.00021  
5609.00012  
3763.71563  
1677.64791  
4823.8484   
3154.99423  
2635.18719  
2734.84944  
6624.6085   
55242.19993 
112551.90304
73552.69599 
19598.28869 
5698.33581  
1757.25815  
1528.00723  
2401.15421  
4668.74485  
3759.71511  
4155.42213  
8212.16669  
53167.27559 
124692.56626
42008.73619 
9132.16061  
3684.95937  
1844.16655  
1672.18685  
3401.70026  
3558.13378  
2763.33492  
3204.458    
9126.58399  
63501.31977 
123812.75608
61473.51387 
21828.79121 
4092.53399  
11818.99953 
5422.99978  
3357.99987  
2995.99988  
4216.99983  
5543.99978  
22449.9991  
54653.99782 
126939.99493
39923.99841 
9341.99963  
3896.99984  
4214.67403  
3719.00393  
2650.80036  
3336.658    
2606.45612  
2639.96066  
14128.07613 
77067.33975 
106320.74478
58108.69731 
12679.49749 
5616.93757  
5268.87202  
3052.94245  
2161.08629  
1880.99384  
1954.77111  
2295.5829   
6468.24227  
30849.99651 
36761.31836 
14193.96255 
5967.47091  
2497.32782  
92.87538    
949.16598   
2428.02781  
2896.48715  
2899.54897  
2940.37331  
7584.14235  
43792.27288 
121782.07739
37180.77051 
15222.37695 
7650.4819   
7299.0003   
3513.00014  
2125.00009  
2955.00012  
3424.00014  
3504.00014  
15129.00062 
46235.00191 
139073.00573
61959.00255 
17050.0007  
8032.00033  
2096.00022  
1693.00018  
2699.00029  
2605.00028  
1845.0002   
4175.00044  
13755.00146 
49556.00525 
48625.00515 
21837.00231 
6383.00068  
6298.00067  
2434.91134  
2244.59192  
1916.92859  
2192.59744  
3207.96135  
3523.85234  
8007.15001  
68677.84166 
127657.24114
65949.60297 
17857.65151 
8193.54532  
2362.76889  
1841.9543   
3961.40827  
3973.47347  
2781.02925  
3353.12096  
10879.79666 
50624.58567 
139467.7122 
88713.4256  
25736.08309 
8937.299    
