NaN       
3901.49   
3669.42   
2229.42   
1683.97   
1358.68   
1519.34   
5541.8199 
15756.6898
16222.8098
7892.2299 
4070.08   
2568.6    
1077.0299 
900.3     
575.8     
526.61    
503.21    
707.31    
1065.1199 
2066.7799 
4869.4198 
4327.9298 
3326.2798 
2296.8599 
2015.21   
1368.6    
1287.27   
1186.12   
967.93    
1299.17   
2304.7899 
3746.7799 
4272.3999 
2092.56   
1166.28   
1273.39   
1628.9252 
1244.911  
971.3292  
893.5318  
740.4171  
986.3876  
1079.2561 
1229.8526 
791.8813  
235.7334  
308.0642  
848.344   
1080.9901 
831.4701  
718.0201  
759.6701  
612.1001  
714.0501  
791.4101  
1225.7901 
681.7201  
1249.3901 
1124.6301 
758.8801  
1080.9901 
831.4701  
718.0201  
759.6701  
612.1001  
714.0501  
791.4101  
1225.7901 
681.7201  
1249.3901 
1124.6301 
758.8801  
1080.9901 
831.4701  
718.0201  
759.6701  
612.1001  
714.0501  
791.4101  
1225.7901 
681.7201  
1249.3901 
1124.6301 
758.8801  
1150.4101 
890.98    
765.62    
524.63    
425.85    
657.72    
1048.4601 
3314.3802 
2862.1502 
1420.1701 
2614.2201 
1001.6501 
2524.9601 
1802.9801 
1340.8301 
1174.22   
985.79    
1949.7501 
3826.1202 
7598.6803 
5162.9802 
3605.9501 
2292.8901 
2146.1201 
900.0831  
803.7724  
794.3957  
471.1799  
340.6027  
744.9598  
1181.3661 
1682.5496 
1885.4071 
1805.2886 
1803.5783 
1960.4119 
576.3534  
494.5385  
400.3499  
322.5183  
404.6231  
573.7003  
593.305   
566.7666  
811.1635  
261.4971  
1242.3249 
1848.4495 
1376.5299 
932.2299  
785.85    
686.28    
850.9099  
1309.0899 
2566.6098 
8463.4695 
7366.6096 
4078.0198 
6666.4496 
7618.5095 
1690.5067 
1602.7943 
1379.5181 
1327.6867 
1517.0719 
2035.3862 
4597.067  
7182.6785 
6484.9392 
4044.8618 
2450.0477 
1560.9332 
1466.1709 
997.7134  
808.5775  
776.7961  
689.3748  
866.1907  
1511.8648 
31896.2087
20921.7622
6810.3529 
3160.8113 
2205.216  
1062.8854 
949.1546  
938.0819  
556.4045  
402.2091  
879.7042  
1395.0454 
1986.8804 
2226.4297 
2131.8198 
2129.8001 
2315.001  
771.7099  
855.6778  
600.3652  
458.9573  
454.1706  
774.1032  
1844.9902 
3578.288  
6707.7853 
3909.3828 
4176.6621 
1539.8198 
1139.8139 
1235.9424 
992.6786  
874.9684  
676.8263  
874.9684  
1416.4295 
3594.0339 
2925.0608 
2285.503  
3078.0811 
2226.6528 
697.6109  
598.5831  
484.5784  
390.3721  
489.7506  
694.3996  
718.1288  
686.0071  
981.822   
316.5128  
1503.6944 
2237.3399 
3781.4936 
2069.5136 
1320.3983 
998.8108  
1460.3865 
1346.8834 
3620.695  
5287.2776 
3287.7581 
2464.872  
1057.4555 
648.8498  
831.07    
754.51    
562.12    
387.57    
408.79    
704.73    
964.56    
3104.13   
2435.7    
918.74    
404.83    
321.72    
1287.27   
983.8     
767.6     
706.12    
585.12    
779.5     
852.89    
971.9     
625.79    
186.29    
243.45    
670.41    
1404.9471 
951.475   
802.0731  
700.4476  
868.4762  
1336.1148 
2619.5951 
8638.1898 
7518.6863 
4162.2066 
6804.0722 
7775.7865 
1603.3052 
1389.5358 
1047.1016 
1047.1016 
944.1738  
1551.8412 
4659.4856 
32230.4246
14930.5442
7907.6702 
3586.657  
1945.7393 
1080.9901 
831.4701  
718.0201  
759.6701  
612.1001  
714.0501  
791.4101  
1225.7901 
681.7201  
1249.3901 
1124.6301 
758.8801  
2095.0944 
1205.9091 
592.3273  
718.039   
812.459   
1019.0228 
1977.0594 
15769.2453
7447.9    
2563.2871 
1500.9917 
908.8528  
