NaN       
6425.6782 
4018.4664 
3014.1027 
3176.5709 
2803.4354 
2950.7498 
9593.3829 
59229.5693
64721.6353
25540.7407
7591.459  
5570.3744 
3146.124  
2556.2122 
2281.24   
1996.5089 
1850.0475 
4051.8484 
11256.2078
26830.7865
46051.053 
22120.0996
4941.685  
4269.7356 
6646.9174 
5499.623  
3242.0659 
3386.5439 
2956.6803 
3369.5849 
18288.2414
66602.565 
73552.9178
26955.688 
7180.9146 
6414.7292 
5494.6071 
3914.5506 
3615.4161 
2902.6939 
2458.7861 
3894.7471 
8868.818  
16312.8945
14850.3281
4295.9858 
3130.3704 
3536.6792 
2507.4979 
2594.4544 
2128.7688 
1920.2438 
2073.6871 
2734.0926 
8015.234  
15793.8171
12402.314 
5324.6793 
2181.9861 
2586.4609 
2507.4979 
2594.4544 
2128.7688 
1920.2438 
2073.6871 
2734.0926 
8015.234  
15793.8171
12402.314 
5324.6793 
2181.9861 
2586.4609 
2507.4979 
2594.4544 
2128.7688 
1920.2438 
2073.6871 
2734.0926 
8015.234  
15793.8171
12402.314 
5324.6793 
2181.9861 
2586.4609 
2635.0961 
2464.5352 
2333.6838 
1987.7421 
2079.1615 
2854.352  
12631.2884
54565.8748
44078.2116
9481.9705 
5610.8778 
2385.1754 
6662.2504 
4335.7468 
3852.2495 
3536.0997 
3136.2664 
6490.5985 
18378.1545
31564.5641
71913.5819
32635.1171
7937.1036 
6027.9477 
2897.3589 
2397.6514 
2184.0828 
1586.3534 
1353.3339 
2296.5439 
5757.0091 
14633.3158
29316.9042
8834.3022 
2882.4595 
2893.063  
3184.2577 
1992.3151 
1853.3109 
1249.3722 
1569.8632 
2403.343  
6781.2091 
15232.3261
14774.8652
4681.936  
5127.1622 
4868.0808 
2731.0376 
3006.7239 
1175.0435 
1221.378  
1469.0177 
2870.5568 
6948.7659 
23570.1549
34947.0583
10658.7783
5407.8067 
12950.3324
3619.0754 
3154.2387 
2743.4472 
2830.7648 
2619.0496 
3009.1679 
14572.3307
38362.9282
65382.3431
18078.571 
5908.6903 
4370.9237 
4241.2284 
2798.6386 
2421.0048 
2512.8901 
2307.365  
2402.3297 
11710.7414
39325.2152
53171.2129
25857.666 
6138.8345 
5709.586  
3421.418  
2831.326  
2579.1283 
1873.2847 
1598.1178 
2711.9307 
6798.3069 
17280.1135
34619.5925
10432.2046
3403.8237 
3416.345  
2572.3103 
2602.0101 
1995.1896 
1418.2284 
1998.8995 
2567.0247 
11858.2624
38772.7072
62131.3788
31239.9984
8296.7247 
4698.6256 
3018.3997 
3094.3424 
2700.6611 
2523.6644 
2322.1252 
2911.7152 
7729.1955 
19668.9778
29444.0918
15115.3445
8147.2624 
4963.4799 
3854.1853 
2411.473  
2243.224  
1512.2243 
1900.1425 
2908.976  
8207.8898 
18437.0149
17883.3099
5666.9561 
6205.8523 
5892.2634 
13647.3951
6067.1905 
2911.0877 
2070.6545 
2135.3702 
2791.0393 
28352.7142
52189.1999
57027.1338
30038.48  
7656.176  
4155.1943 
3582.5928 
2690.5744 
2898.0086 
2475.1864 
2232.4064 
3299.0519 
12549.7659
33262.0796
67706.2442
27639.4201
6617.2048 
3401.0036 
4342.1534 
3093.5022 
2857.109  
2293.875  
1943.0736 
3077.8524 
7008.6481 
12891.384 
11735.5802
3394.9342 
2473.798  
2794.8866 
2787.4173 
3068.7949 
1199.3012 
1246.5922 
1499.3442 
2929.8168 
7092.2166 
24056.7385
35668.5073
10878.8187
5519.4457 
13217.6798
4628.1941 
3681.6368 
2761.2672 
2421.9159 
2292.1058 
2939.8107 
6789.6781 
37113.538 
60096.5908
32645.7955
9254.0327 
5486.3111 
2507.4979 
2594.4544 
2128.7688 
1920.2438 
2073.6871 
2734.0926 
8015.234  
15793.8171
12402.314 
5324.6793 
2181.9861 
2586.4609 
6069.8052 
4303.6298 
3914.7049 
3634.7459 
2996.9642 
3412.0338 
8044.8432 
58550.6829
46377.4916
9181.9715 
4873.4235 
3052.3226 
