NaN      
106023.65
72997.11 
57279.02 
55035.71 
51237.2  
52840.33 
95276.84 
689103.66
775512.71
345996.24
149957.84
114341.8 
76804.44 
61234.44 
48731.49 
50195.32 
43982.19 
71908.75 
131424.94
364679.94
618583.04
317437.83
129842.61
104164.06
91136.18 
75733.88 
53097.31 
55699.88 
56423.61 
65410.09 
181576.42
652126.32
764645.14
362318.94
139824.16
83602.32 
62085.84 
49018.27 
59961.98 
46475.7  
38883.91 
55416.79 
76810.29 
201267.1 
196278.5 
97466.28 
76973.06 
43398.8  
64985.85 
70922    
64304.31 
63308.32 
50491.35 
57237.4  
122559.52
307504.53
241743.45
154007.68
89848.4  
68661.77 
56989.7  
62195.45 
56392.03 
55518.59 
44278.68 
50194.65 
107479.26
269667.82
211998.27
135057.9 
78793.06 
60213.33 
54143.94 
59089.74 
53576.11 
52746.28 
42067.63 
47688.2  
102112.31
256202.04
201412.21
128313.82
74858.55 
57206.59 
46946.07 
51456.91 
51581.29 
45984.2  
39053.15 
57272.7  
134767.46
632465.49
580055   
158286.62
104272.67
50300.18 
104818.55
76614.44 
55020.97 
55835.96 
52615.95 
85514.08 
184071.01
405864.8 
800043.77
372830.19
154148.2 
114749.6 
55369.83 
51090.8  
47592.29 
43328.35 
32241.42 
33282.99 
60479.98 
161933.47
308100.51
193322.46
81368.09 
62857.9  
58948.07 
55935.93 
42566.32 
37093.19 
39563.8  
49576.57 
88885.78 
261091.49
230418.9 
103646.42
106918.4 
72402.55 
49020.42 
45847.53 
39680.7  
33172.13 
35953.77 
45711.39 
64671.66 
289071.4 
420936.47
143882.66
111208.4 
150214.17
74682.97 
71144.41 
59557.23 
60266.01 
50821.27 
74740.88 
133758.74
400361.56
572235.99
356250.7 
124863.01
68250.3  
79945.37 
68166.16 
63654.82 
64682.72 
51450.9  
57794.37 
181448.07
589620.58
567727.74
339122.4 
148080.6 
100891.2 
60505    
55829.12 
52006.14 
47346.76 
35231.59 
36369.75 
66089.07 
176951.67
336674.69
211251.77
88914.41 
68687.54 
53628.71 
48495.71 
48776.28 
38597.9  
43020.12 
46039.47 
89604.98 
442746.19
729366.14
433234.29
164692.06
76497.82 
50334.5  
46580.86 
42415.96 
41291.64 
43387.37 
51705.09 
88039.1  
278332.67
357501.14
189487.15
108099.82
69078.55 
66485.87 
63088.56 
48009.35 
41836.37 
44622.89 
55916.02 
100251.78
294477.75
259882.99
116899.89
120590.26
81660.79 
156227.73
79520.15 
52905.96 
49723.57 
55641.73 
58825.08 
336107.26
618787.95
690402.36
385769.18
139053.59
66600.9  
67678.65 
55628.51 
54644.47 
78830.36 
48673.05 
65542.59 
124393.07
397613.27
897500.41
569229.34
223884.98
88405.23 
52169.47 
41189.06 
50384.84 
39052.59 
32673.36 
46565.6  
64542.13 
169120.67
164928.85
81898.94 
64678.9  
36467.13 
58509.22 
54722.15 
47361.63 
39593.2  
42913.27 
54559.67 
77190.04 
345026.45
502416.41
171733.77
132734.82
179290.86
90090.65 
65701.59 
60818.32 
52306.24 
45078.73 
57450.19 
86282.1  
446898.8 
691191.26
401106.72
164888.73
78040.11 
56591.11 
61760.45 
55997.62 
55130.29 
43968.99 
49843.59 
106727.54
267781.75
210515.54
134113.29
78241.98 
59792.19 
74678.46 
62612.11 
54056.5  
43592.76 
43726.08 
51337.34 
79133.56 
650679.67
574863.36
142526.15
81135.21 
51869.69 
