NaN      
659348.7 
499602.4 
368190   
350102.5 
338648.8 
410561.2 
536745.5 
3383276.8
3857439.4
1936691.4
866961.9 
1068881.9
553486.1 
580727   
634837.1 
464207.2 
548681.1 
965582.5 
982466.7 
3004448.3
6565531  
3559799.6
1450667.5
695070.9 
872965.5 
754196.4 
616543.6 
593383.7 
784142.1 
842116.4 
1959472  
5756128.6
5833255.5
2924102.4
1018882.3
755559.7 
386359.1 
467677   
393656.7 
389300.8 
357308.4 
530096.7 
861975.9 
1148941.5
1478321.6
908731.1 
531203.9 
744075.2 
271453.2 
364089.9 
292398.3 
271043.1 
291215   
331400.2 
568555.8 
1494874.8
1190150.5
1070688.6
566697.3 
421590.2 
324468.9 
435198   
349504.7 
323978.8 
348090.3 
396123.8 
679596.7 
1786829.1
1422591.1
1279797.9
677375.2 
503928.2 
181203.6 
243041.6 
195185.2 
180929.9 
194395.2 
221220.2 
379529   
997876.4 
794463.2 
714718.6 
378288.4 
281424.8 
319562.3 
389446.8 
475470.1 
538838.1 
397236   
728826.9 
1409854.4
3993240.6
5015339.4
1634172.6
998487.1 
422973.1 
596331.8 
468947.4 
371061.4 
410592.7 
433617.5 
576544.3 
1285035.3
2353275.2
4140733.3
1977557.7
877475.3 
590170.7 
340174.3 
397514.5 
398122.5 
319037.6 
308441   
386797   
647315.7 
1191620.9
2211588.4
1038841.8
475290.3 
552527.1 
348416.4 
281280.9 
215306.1 
126531.3 
232721.7 
361130.7 
479358.5 
1135250.1
1154563.4
572315.4 
429092.3 
420083.9 
438705.9 
423548.6 
321611   
296783   
387118.6 
446968.5 
773862.2 
1994317.8
3069312.2
1161328  
872743.3 
1039081.5
623661.3 
768303.6 
412751.3 
388541.8 
569777.4 
920661.1 
1539727  
2771616.5
3457631.9
1601059.1
990133.2 
601602.7 
436695.9 
393440.2 
306701.7 
402192   
365875.1 
551815.2 
1886447.6
3708306.5
2881951.1
2017107.9
875559.7 
590314.9 
232853.9 
272104.1 
272520.3 
218385.6 
211132   
264767.8 
443096.4 
815680.7 
1513862.5
711101.4 
325342.7 
378212.4 
615278.2 
517501.1 
614744.5 
447586.4 
518602.1 
605775.5 
821025.9 
2959309.1
5373090.3
3206841.6
1704886.8
774070.9 
467142.6 
492025.4 
474096.4 
407670.6 
578752.9 
677958.1 
1067927.2
3089089.1
3405263.2
1587175  
911479   
610055.8 
683993.8 
552196.6 
422678.2 
248400   
456867.6 
708953.7 
941052.7 
2228666.4
2266581.4
1123541.1
842372.7 
824687.7 
997975.3 
666560.5 
451457.1 
407293.3 
943350.8 
663647.9 
3083697.7
5016394.5
4686901.1
3106036.6
1111525.1
501832.1 
361816.2 
378463.9 
363303.5 
427097.2 
365915.3 
750611.2 
1499451.2
3205097.3
5703673.7
2811462.5
905298.1 
466705.9 
272962.8 
330413.9 
278118.6 
275041.1 
252438.5 
374513.5 
608986.2 
811727.5 
1044434.6
642018.7 
375295.7 
525689.3 
362827.6 
350291.9 
265985.3 
245451.6 
320162.8 
369661.1 
640015.4 
1649381.8
2538445.8
960465.4 
721794.1 
859362.6 
1390791.9
708026.9 
497098.4 
467545   
541965.4 
983015.9 
1586993.8
5049977.6
5348758.6
2958510.5
1051478.5
681572.1 
220461.4 
295696.5 
237472   
220128.3 
236511   
269147.5 
461754   
1214066.3
966583.7 
869562.4 
460244.6 
342395.5 
656606.5 
727887.5 
436624.2 
340340.6 
465941.3 
598101.6 
1388982.2
3991328.5
3960787.3
1135655.5
587904.7 
380946.7 
