NaN       
1265.46   
864.79    
618.84    
349.49    
351.47    
470.28    
732.89    
11545.7899
17609.2598
10333.8799
3127.93   
1858.51   
768.79    
399.27    
304.26    
240.4     
247.93    
383.01    
1051.2399 
5759.9997 
13079.0094
8273.0596 
2181.8199 
1664.1299 
1235.7    
747.97    
494.68    
404.43    
347.7     
403.24    
1695.87   
12805.2897
18767.5996
9669.4198 
3060.4999 
2126.2799 
1197.2303 
854.3673  
570.2447  
527.0815  
361.4266  
412.1316  
1768.7278 
5368.6946 
7268.6834 
2680.5827 
1161.0776 
1091.809  
550.0201  
339.97    
244.17    
215.41    
179.5     
242.78    
1108.9601 
5099.5005 
5502.1506 
3284.6303 
1101.6201 
1073.4601 
550.0201  
339.97    
244.17    
215.41    
179.5     
242.78    
1108.9601 
5099.5005 
5502.1506 
3284.6303 
1101.6201 
1073.4601 
550.0201  
339.97    
244.17    
215.41    
179.5     
242.78    
1108.9601 
5099.5005 
5502.1506 
3284.6303 
1101.6201 
1073.4601 
759.67    
414.55    
359.6     
303.47    
255.47    
373.69    
1267.0401 
11389.0906
14503.1408
5119.3403 
2485.2901 
769.39    
1475.7001 
858.84    
643.44    
442.71    
374.48    
509.16    
2229.4201 
7084.9603 
18916.3608
11036.0305
3814.2202 
1830.7401 
620.0034  
433.1661  
297.1313  
167.912   
131.2648  
214.9673  
1020.9485 
3711.1508 
9416.7996 
3273.0342 
1152.3852 
981.912   
666.5661  
295.6901  
208.5764  
119.8426  
175.5576  
268.1261  
992.7705  
5887.3302 
6425.3586 
2642.9586 
2426.2743 
1680.4127 
816.4     
603.97    
447.27    
356.03    
302.68    
363.57    
811.83    
8179.8395 
15439.3391
6230.0796 
2876.0298 
3877.6898 
664.8434  
660.4512  
497.3888  
367.2122  
260.9562  
324.1449  
1580.4717 
7742.854  
15888.3991
5970.615  
1851.9912 
786.2457  
1076.7812 
712.8227  
455.5467  
386.8055  
267.4124  
257.0757  
1292.9308 
12949.1999
16507.3537
10428.1031
2834.9944 
1708.5529 
732.1464  
511.515   
350.8749  
198.2831  
155.0073  
253.8494  
1205.6123 
4382.4044 
11120.0611
3865.0435 
1360.8226 
1159.5151 
731.8176  
435.0239  
357.8238  
295.9993  
225.587   
332.1004  
1120.1615 
9350.6109 
17390.7802
11233.5023
4154.7198 
1327.5973 
549.1066  
419.0428  
419.2406  
356.4638  
262.2937  
289.3648  
697.231   
5418.5175 
10795.83  
7341.088  
3374.3101 
1430.1579 
806.8031  
357.8995  
252.4582  
145.056   
212.4927  
324.5365  
1201.6368 
7125.95   
7777.1728 
3199.0037 
2936.7317 
2033.9502 
2767.5471 
1133.1243 
741.5426  
513.7828  
446.0586  
539.8864  
2854.5653 
7877.0021 
12801.081 
9723.2957 
2846.9927 
1019.6211 
1035.37   
638.68    
552.99    
436.96    
410.58    
570.84    
1588.76   
6727.93   
17964.3   
11438.68  
3548.43   
1491.57   
946.12    
675.17    
450.64    
416.53    
285.62    
325.69    
1397.75   
4242.6501 
5744.1301 
2118.35   
917.55    
862.81    
833.2538  
616.4384  
456.5034  
363.3799  
308.9285  
371.0755  
828.5894  
8348.7046 
15758.0697
6358.6937 
2935.4027 
3957.741  
1011.4651 
648.2538  
451.1002  
316.7072  
271.181   
327.9839  
555.2156  
7941.3208 
14960.233 
9954.3614 
3477.7914 
1516.2147 
550.0201  
339.97    
244.17    
215.41    
179.5     
242.78    
1108.9601 
5099.5005 
5502.1506 
3284.6303 
1101.6201 
1073.4601 
1526.5605 
952.1353  
441.642   
347.8071  
407.8015  
473.9055  
1073.116  
15324.6576
15112.1925
5059.6967 
1977.0594 
993.4441  
