NaN       
2949.06   
1917.25   
1035.58   
688.27    
499.05    
826.13    
3971.95   
18991.7898
28487.1897
17731.8698
6716.9199 
3817.04   
1512.0199 
676.97    
737.07    
368.34    
558.16    
752.14    
2011.0699 
7917.5296 
22665.2289
15734.8892
4827.8298 
3154.7498 
1839.5    
1425.94   
628.97    
760.47    
493.89    
1160.35   
4850.2499 
17241.5496
29338.8993
16062.3596
6487.2298 
4008.4499 
2064.9224 
1329.2633 
724.6248  
777.3291  
656.8494  
859.1506  
2457.4781 
7701.4918 
10740.7805
4515.8837 
2539.5527 
2126.9276 
1060.5801 
667.2501  
690.4601  
473.0601  
847.7501  
687.6801  
2100.7202 
9280.981  
8882.8909 
6489.6107 
2665.8203 
1808.5502 
1060.5801 
667.2501  
690.4601  
473.0601  
847.7501  
687.6801  
2100.7202 
9280.981  
8882.8909 
6489.6107 
2665.8203 
1808.5502 
1060.5801 
667.2501  
690.4601  
473.0601  
847.7501  
687.6801  
2100.7202 
9280.981  
8882.8909 
6489.6107 
2665.8203 
1808.5502 
841.8     
708.11    
628.17    
411.58    
404.24    
485.16    
2334.3801 
17707.871 
23750.4013
8750.9905 
5299.9003 
1979.1301 
2803.8701 
1504.4801 
1384.0801 
703.15    
647.22    
970.72    
5495.2802 
13838.0706
30631.9413
17445.0607
7223.1003 
3858.1002 
1143.3609 
721.4451  
377.5937  
267.1277  
191.6159  
639.6162  
2426.1686 
6602.9301 
15305.2376
6078.5584 
2593.7455 
2291.3285 
1167.31   
536.7056  
281.2504  
251.9177  
333.1381  
655.5152  
2122.9445 
9302.0794 
11293.8332
5383.7251 
5054.8602 
3787.015  
1563.1899 
928.2799  
750.56    
480.8     
474.45    
885.6299  
3663.1198 
14569.3791
25708.3085
11266.4593
6189.8996 
6658.9996 
1066.9516 
1182.9768 
988.6064  
615.012   
464.6939  
902.482   
3865.0951 
12680.3883
26097.9951
10156.9504
3703.8216 
1572.5116 
1684.1334 
932.558   
704.6895  
522.1043  
379.8543  
545.3519  
2836.0261 
27604.9394
31133.7357
18750.9618
5988.3436 
3447.9356 
1350.166  
851.9363  
445.8908  
315.4444  
226.2743  
755.3066  
2865.0013 
7797.2335 
18073.569 
7178.0163 
3062.8886 
2705.772  
1012.4614 
1057.3414 
848.1056  
448.5895  
445.5928  
644.2598  
3952.5232 
17261.9624
31304.6271
22190.4436
8464.3327 
3319.0334 
1010.1457 
491.6313  
592.4777  
639.5579  
593.2591  
845.939   
2234.5259 
8778.8124 
14999.601 
10524.2587
5986.7331 
2796.4015 
1412.8972 
649.6217  
340.4219  
304.918   
403.2262  
793.4273  
2569.5852 
11259.1193
13669.9129
6516.3928 
6118.3388 
4583.755  
4403.1621 
2079.3751 
1133.3246 
778.6331  
1006.2022 
984.2569  
5889.1086 
13275.885 
20184.6242
15854.4795
5258.7802 
2111.9163 
1492.38   
979.45    
756.51    
694.82    
582.35    
836.64    
3134.12   
11981.32  
30048.7901
19519.2001
6042.72   
2464.5    
1631.82   
1050.46   
572.64    
614.29    
519.08    
678.95    
1942.04   
6086.1601 
8487.9802 
3568.7101 
2006.9    
1680.82   
1595.4605 
947.4434  
766.0546  
490.7256  
484.2445  
903.9129  
3738.7414 
14870.1502
26239.0322
11499.0447
6317.6843 
6796.4684 
1713.3883 
1465.7587 
902.2203  
736.3422  
664.0911  
919.4348  
3078.7838 
18560.4021
26050.513 
16595.8316
6788.2177 
3068.8842 
1060.5801 
667.2501  
690.4601  
473.0601  
847.7501  
687.6801  
2100.7202 
9280.981  
8882.8909 
6489.6107 
2665.8203 
1808.5502 
2932.3784 
1368.2184 
812.8657  
628.7366  
722.3732  
791.4228  
3138.5455 
26253.9015
24695.6527
8848.8778 
4238.0436 
1933.0132 
