NaN         
9255.99991  
4528.99996  
3536.99997  
3559.99997  
3379.99997  
3870.99996  
6277.99994  
82118.9992  
120842.99882
48314.99953 
13934.99986 
7400.99993  
5752.99972  
2883.99986  
3256.99984  
3109.99985  
3173.99985  
3880.99981  
12913.99938 
47928.99768 
104541.99495
55972.9973  
11619.99944 
9407.99955  
5496.99987  
3305.99992  
2109.99995  
4493.99989  
3634.99991  
3563.99991  
10398.99975 
92307.9978  
134497.99679
46084.9989  
10403.99975 
8198.9998   
3881.01452  
3142.01469  
3272.35199  
4106.25762  
3163.52667  
3845.58303  
13982.7879  
38777.24457 
48096.99415 
10896.45128 
5159.0793   
4661.77291  
2096.00022  
1693.00018  
2699.00029  
2605.00028  
1845.0002   
4175.00044  
13755.00146 
49556.00525 
48625.00515 
21837.00231 
6383.00068  
6298.00067  
2096.00022  
1693.00018  
2699.00029  
2605.00028  
1845.0002   
4175.00044  
13755.00146 
49556.00525 
48625.00515 
21837.00231 
6383.00068  
6298.00067  
2096.00022  
1693.00018  
2699.00029  
2605.00028  
1845.0002   
4175.00044  
13755.00146 
49556.00525 
48625.00515 
21837.00231 
6383.00068  
6298.00067  
2231.00012  
3924.00021  
3459.00019  
3883.00021  
3730.0002   
3631.0002   
13209.00071 
92468.005   
100685.00544
23125.00125 
11911.00064 
2340.00013  
7299.0003   
3513.00014  
2125.00009  
2955.00012  
3424.00014  
3504.00014  
15129.00062 
46235.00191 
139073.00573
61959.00255 
17050.0007  
8032.00033  
1316.68752  
1106.12065  
581.85212   
597.32234   
1411.22775  
2285.29512  
9650.83824  
27140.78019 
61162.36997 
20774.7851  
5955.17483  
3528.06937  
2528.24385  
732.01652   
685.19719   
1756.09648  
1824.46756  
2473.99288  
8011.30766  
45144.98205 
53585.83849 
14224.90167 
14623.23756 
7612.22861  
2534.99985  
1396.99992  
1777.99989  
1488.99991  
2526.99985  
3607.99979  
6252.99963  
52852.99687 
103682.99386
32040.9981  
15204.9991  
28578.99831 
2295.57862  
3322.75959  
2476.49112  
2858.41751  
2756.90549  
3976.05473  
19688.30539 
63142.48292 
120194.24498
29431.44861 
7417.41252  
2144.8182   
4283.92745  
3780.11274  
2694.35699  
3391.4843   
2649.2841   
2683.33917  
14360.22162 
78333.67179 
108067.75417
59063.5104  
12887.84066 
5709.23228  
1554.84307  
1306.18997  
687.09449   
705.36288   
1666.48324  
2698.64735  
11396.43139 
32049.86257 
72225.09959 
24532.41958 
7032.31571  
4166.20811  
3873.58333  
1726.62061  
4964.66274  
3247.09257  
2712.11169  
2814.68321  
6817.98935  
56854.79081 
115837.43789
75699.79382 
20170.38795 
5864.67756  
1545.9295   
2165.09256  
1294.70359  
2493.46658  
2889.09792  
2909.86857  
8440.79483  
42345.41235 
76000.78211 
35478.24121 
14306.02957 
7799.87204  
3060.15438  
886.02353   
829.35401   
2125.55696  
2208.31246  
2994.48969  
9696.78548  
54642.91533 
64859.62122 
17217.64107 
17699.7818  
9213.74523  
22089.29545 
7489.62641  
4319.43436  
4640.84071  
4554.05146  
3326.60345  
28244.65631 
69181.52557 
116474.9923 
72555.81542 
15607.7596  
3740.52143  
7299.00002  
3793.00001  
4435.00001  
3931.00001  
3620.00001  
4120.00001  
15433.00004 
52372.00013 
162807.00042
78617.0002  
15122.00004 
4518.00001  
3067.00006  
2483.00005  
2586.00005  
3245.00006  
2500.00005  
3039.00006  
11050.00022 
30644.00061 
38009.00075 
8611.00017  
4077.00008  
3684.00007  
2587.33253  
1425.83966  
1814.70502  
1519.73891  
2579.16737  
3682.48353  
6382.0869   
53944.09706 
105823.43131
32702.45424 
15518.89194 
29168.98473 
8956.53821  
3601.5762   
3166.47306  
3053.70551  
2871.08194  
3171.46278  
6291.03252  
54092.50107 
123218.01512
79339.46042 
19881.01997 
4327.08074  
2096.00022  
1693.00018  
2699.00029  
2605.00028  
1845.0002   
4175.00044  
13755.00146 
49556.00525 
48625.00515 
21837.00231 
6383.00068  
6298.00067  
7327.4747   
3286.85045  
3559.59755  
2577.708    
3751.01642  
4682.32377  
7328.4665   
99491.19778 
105343.85454
21240.55199 
7813.46043  
2355.5431   
