NaN        
996.45126  
962.72423  
1014.81077 
954.7252   
1141.67771 
1789.57423 
8723.25491 
38911.16312
7996.46614 
1880.99944 
1035.89208 
832.32499  
842.33381  
822.80712  
760.10309  
741.47554  
717.10605  
1378.48097 
3832.47615 
6334.04748 
1363.75685 
1270.58067 
1550.74996 
1188.5262  
804.84336  
896.13014  
883.21117  
989.80685  
827.2122   
1396.44221 
4329.16286 
6178.38544 
1513.30784 
485.12541  
597.88759  
584.12924  
1615.79807 
1428.92903 
1052.89008 
877.9601   
972.22182  
1776.7022  
3528.34404 
6434.41233 
3068.18547 
1061.43944 
1710.09814 
1150.5701  
1710.50377 
1339.78923 
851.20334  
460.26008  
609.69728  
1440.26524 
6684.38816 
6530.49368 
1540.29592 
690.38746  
858.29761  
553.82492  
970.30549  
1201.02566 
964.63432  
906.46439  
785.44135  
1261.32061 
2968.95852 
5267.61109 
1926.27116 
1009.51586 
1792.2011  
1537.86999 
6149.37653 
4575.57354 
2005.02784 
1635.86492 
1142.90523 
2425.86607 
6760.30914 
14374.96815
4242.49963 
2086.10029 
2409.82745 
1613.38622 
988.52633  
981.59355  
698.8272   
283.1684   
534.30261  
1032.76626 
2441.13546 
3045.59509 
1805.57102 
780.62118  
445.80443  
614.40939  
1967.16482 
1382.7541  
1126.6184  
827.42989  
786.55958  
1614.16629 
2941.1038  
2913.39451 
856.15916  
719.56407  
1223.15031 
960.88721  
1587.67358 
1490.50318 
911.19715  
795.60018  
941.63693  
1685.94107 
2833.24912 
3634.54397 
2658.14434 
885.05036  
1072.65024 
1706.99362 
670.37048  
656.60716  
531.55135  
456.52466  
641.56201  
1129.97723 
1699.17712 
1134.97753 
729.86478  
157.81553  
988.31041  
1744.32015 
1117.0727  
1138.11277 
920.17054  
915.46416  
921.26072  
1844.58431 
6074.2724  
5557.42887 
1868.07677 
2629.44887 
2925.44324 
1510.97849 
1593.94598 
1248.49281 
793.20032  
428.89686  
568.15106  
1342.12214 
6228.89808 
6085.49033 
1435.3365  
643.34282  
799.81118  
516.08597  
1469.39105 
1370.62685 
1171.35729 
768.48805  
1047.07094 
2331.46192 
8121.87188 
5645.11819 
2402.56671 
1120.00275 
1066.26641 
807.90343  
1553.21807 
1020.5233  
501.26816  
647.82946  
821.0929   
1279.29686 
3608.96934 
20127.82027
4271.40407 
986.01362  
761.09571  
546.65709  
1281.05716 
990.34248  
834.83758  
777.26304  
1079.5144  
2063.05555 
5881.35444 
13560.89307
5303.45019 
1969.19627 
4243.35725 
5752.35204 
2153.80538 
1513.94697 
1233.50965 
905.93474  
861.18674  
1767.31508 
3220.1497  
3189.81141 
937.38978  
787.83483  
1339.2003  
1052.05422 
565.57619  
553.9644   
448.45768  
385.15938  
541.27115  
953.33586  
1433.55675 
957.5545   
615.77017  
133.14534  
833.81482  
1471.64289 
1403.03397 
1098.95683 
698.19618  
377.52651  
500.10179  
1181.37187 
5482.843   
5356.61166 
1263.42165 
566.28759  
704.01523  
454.2727   
1538.33372 
1444.18307 
882.88003  
770.87546  
912.37384  
1633.54738 
2745.20074 
3521.59388 
2575.53765 
857.54581  
1039.31568 
1653.94568 
808.90096  
788.16998  
699.03062  
575.19473  
740.56434  
1047.75748 
2157.33411 
5725.1405  
3792.11009 
1592.58621 
2834.019   
1110.97488 
1418.21456 
860.80157  
596.77522  
604.17497  
628.83207  
1401.62997 
4543.25733 
4635.63336 
2277.73628 
767.27045  
1008.04577 
619.77164  
1671.75382 
1341.34227 
1070.39913 
1053.79851 
1130.49141 
1573.02054 
4823.39346 
3718.27754 
888.60849  
501.74983  
571.00599  
706.09825  
1082.42288 
1074.83157 
765.20627  
310.06554  
585.05408  
1130.865   
2673.0101  
3334.88517 
1977.07569 
854.76957  
488.14978  
672.76992  
2284.91928 
1969.88966 
1620.15206 
1365.64241 
1051.68943 
1556.46109 
3421.98623 
8385.8309  
5858.13166 
1951.68754 
3474.00229 
2294.0422  
