NaN      
3883.751 
3269.972 
3639.717 
3654.695 
4358.152 
7793.317 
22202.59 
59264.183
34872.745
11395.421
4545.086 
4467.508 
3511.925 
3483.522 
3861.439 
3514.77  
4648.336 
10237.728
17578.548
38745.627
15242.651
5053.239 
3984.88  
3515.655 
5287.562 
3960.419 
3470.078 
3517.378 
4162.985 
10257.944
24230.225
44279.677
14123.191
2678.132 
2676.021 
2846.293 
4395.126 
4721.663 
3399.506 
3133.609 
4162.226 
8974.347 
17977.969
26706.67 
28252.132
7652.26  
5971.279 
5347.648 
4169.034 
3699.503 
1883.17  
1886.775 
3018.369 
6508.662 
18091.762
27492.341
12758.22 
3339.082 
3795.955 
3306.653 
2884.189 
3392.829 
3188.792 
3084.98  
3938.311 
7996.437 
18011.261
25859.693
14422.279
5642.61  
5433.878 
4307.163 
7895.728 
6237.834 
4950.273 
3883.281 
4501.01  
10716.531
41743.62 
57486.359
25541.146
7253.759 
4944.343 
4910.999 
3536.626 
2796.219 
2227.62  
2214.941 
2196.678 
4376.351 
22345.523
24824.746
18524.518
3983.679 
2025.398 
2605.529 
4535.205 
4129.412 
4551.057 
3434.741 
3291.14  
12003.601
17570.498
28172.062
10185.075
3333.143 
2276.975 
2901.786 
4311.531 
3320.225 
2985.959 
2748.777 
4002.238 
15618.102
24229.121
34935.247
25769.429
4659.937 
3632.29  
4755.376 
3572.406 
2564.822 
2569.271 
1793.157 
3126.02  
7749.417 
18553.362
23513.293
8496.986 
2052.075 
4014.957 
4959.849 
4389.966 
5427.057 
3968.004 
3188.67  
4251.229 
13269.006
18204.692
21942.205
9456.526 
4590.791 
3455.178 
3246.83  
3884.946 
3447.41  
1754.847 
1758.206 
2812.691 
6065.146 
16858.947
25618.948
11888.845
3111.549 
3537.29  
3081.33  
4181.344 
3449.244 
3234.662 
3255.241 
4186.629 
8571.501 
24271.948
46104.104
15892.973
5095.44  
4301.818 
4151.968 
5461.549 
4443.474 
4352.605 
4183.974 
4786.302 
8823.79  
17653.126
72488.27 
21391.3  
3227.692 
3060.741 
2494.191 
2795.02  
3530.998 
1486.005 
1599.121 
2668.467 
8443.533 
17343.147
33190.547
18333.98 
4261.67  
3863.045 
12036.393
4965.496 
4521.202 
4982.852 
3760.622 
3603.396 
13142.478
19237.551
30844.969
11151.414
3649.385 
2493.01  
3177.101 
3013.957 
2163.882 
2167.635 
1512.845 
2637.352 
6538.006 
15653.046
19837.626
7168.712 
1731.288 
3387.327 
4184.511 
3419.633 
3034.502 
1544.663 
1547.62  
2475.806 
5338.704 
14839.697
22550.484
10464.88 
2738.868 
3113.617 
2712.269 
4177.542 
3217.043 
2893.165 
2663.353 
3877.861 
15132.741
23476.157
33849.57 
24968.597
4515.121 
3519.41  
4607.594 
4410.951 
3370.217 
3405.574 
2925.404 
3564.7   
8813.081 
17135.692
33402.951
28020.26 
6413.611 
5122.437 
3377.366 
3535.957 
3198.722 
2443.818 
2741.864 
3431.308 
5657     
17731.696
44250.036
16531.038
5266.011 
3650.086 
3310.98  
4422.046 
2733.477 
2870.455 
3282.771 
4555.448 
7786.265 
26570.391
57775.521
17718.37 
3405.841 
2607.684 
3258.495 
3872.557 
3061.822 
2439.214 
2425.33  
2405.332 
4792.045 
24468.044
27182.759
20284.095
4362.075 
2217.783 
2853.019 
5063.872 
3765.007 
3225.238 
3097.365 
3732.417 
8256.148 
19231.499
48684.086
30839.18 
6024.408 
5972.948 
5487.287 
