NaN      
71660.49 
69829.97 
66170.01 
72521.35 
85604.42 
155542.79
253395.86
609301.08
382607.35
151614.73
103085.48
60893.62 
32961.86 
61321.06 
60178.51 
47741.3  
50500.45 
114223.54
205384.35
500736.34
195977.08
68546.4  
59920.37 
55646.57 
67942.21 
66367.63 
73740.22 
52139.54 
50688.37 
145573.96
280429.83
534274.39
220811.03
77316.38 
60481.71 
62210.54 
57076.85 
59466.83 
45938.86 
36917.51 
48316.53 
107993.75
204621.47
305760.35
324066.02
80358.45 
95671.85 
58259.44 
67827.61 
57350.11 
42607.74 
40501.2  
49321.66 
119843.45
279816.77
308861.85
141482.25
41821.77 
59943.8  
47751.59 
46593.14 
53091.49 
46474.79 
45242.88 
59287.33 
136096.97
261117.11
429407   
195855.39
73979.31 
75559.1  
58724.03 
71305.65 
77291.38 
61259.67 
46346.19 
57895.8  
151872.61
420401.02
624111.35
243438.88
94248.4  
74926.03 
43550.93 
44110.14 
37336.95 
32052.54 
30156.03 
37925.62 
87930.53 
239615.58
294525.37
231157.22
56962.98 
40515.35 
36659.07 
66970.9  
56978.93 
46829.59 
40028.99 
41146.21 
120594.12
215082.78
338670.22
97614.88 
37446.78 
43656.83 
34056.46 
80507.24 
76873.38 
67961.45 
59957.49 
69566.47 
216286.49
383397.7 
578782.26
363065.85
78892    
84506.4  
96084.7  
57457.72 
67132.2  
49110.77 
42796.17 
56927.11 
137408.7 
277596.93
424150.77
132922.59
42609.6  
78693.14 
64811.05 
37108.01 
64642.85 
49999.12 
39304.9  
47811.95 
138252.65
235664.77
316107.9 
121957.95
49890.65 
49965.14 
50791.02 
75131.05 
63525.37 
47195.59 
44862.23 
54632.45 
132747.78
309946.48
342119.03
156716.57
46325    
66398.34 
52893.31 
42844.01 
91578    
49204.6  
48647.77 
53109.34 
136392.24
297193.38
544499.98
205337.55
96812.21 
92714.25 
74687.05 
67246.05 
69421.02 
57617.08 
46464.11 
58123.84 
131450.93
228315.66
976534.05
306364.15
54130.28 
55167.9  
42894.49 
47190.1  
54343.92 
45215.27 
37798.89 
51092.91 
125128.79
199476.34
463796.77
239823.82
58419.34 
80838.29 
132800.95
79817.76 
67909.05 
55812.79 
47707.65 
49039.18 
143727.39
256341.57
403636.48
116340.1 
44630.1  
52031.41 
40589.42 
41808.9  
48848.49 
35735.27 
31140.47 
41422.8  
99984.92 
201992.37
308631.72
96720.63 
31004.72 
57260.77 
47159.52 
51965.88 
43938.58 
32643.76 
31029.85 
37787.61 
91817.63 
214380.61
236633.4 
108396.12
32041.6  
45925.73 
36584.71 
67644.78 
64591.49 
57103.4  
50378.21 
58451.99 
181730.88
322143.11
486311.51
305059.63
66287.6  
71005    
80733.46 
57784.78 
60351.92 
51008.33 
61171.63 
58993.19 
145906.75
246988.39
421751.38
389820.8 
91295.32 
98582.98 
53414.4  
58736.85 
71131.58 
52730.66 
50855.9  
55721.49 
124528.45
271418.8 
696262.87
285392.13
100923.42
97811.84 
64238.89 
71662.35 
62098.63 
70074.13 
61231.43 
57939.25 
147011.14
338819.54
753232.92
251498.47
85660.83 
72798.08 
58438.83 
40997.81 
34702.52 
29790.97 
28028.27 
35249.65 
81726.31 
222708.72
273744.18
214847.17
52943.77 
37656.65 
34072.47 
70514.42 
55477.44 
67704.82 
44102.61 
51149.86 
110741.42
250209.11
483308.74
286058.73
120873.99
92427.23 
85775.41 
