NaN      
242228.5 
326207.5 
290403.1 
386427.2 
620747.1 
1039643  
2684989  
4609275.3
2230907.3
700016.9 
377581.3 
467780.3 
347476.5 
343561.9 
304111   
275383.4 
343056.4 
1061438.2
1785522.7
3245452.3
977954.9 
364801.9 
451555.1 
297467.9 
516990.8 
450131.8 
378619.5 
409253.6 
456406.6 
1434770.7
2075570.9
3347829.8
1328687.4
404620.2 
437602.8 
424055.1 
265098.4 
383646.9 
272432   
367588.8 
524390   
1124115.4
1451937.3
3031432.7
2890760.1
817857.1 
1130332.2
386204.8 
531159.1 
506067.2 
364849.6 
422289   
516327   
732814.5 
1123505.9
1103999.4
696691   
389351.2 
574281.3 
446994.7 
368583.1 
441595.7 
425504.3 
365886.8 
610763.3 
1136704.9
1980137.9
3412278  
1544914.5
579191.9 
548368.4 
439226.4 
646059   
540563.2 
455511.8 
396158.1 
430151   
1832643.5
5245417.7
5331912  
1928304.4
683242.7 
530167.5 
419074.8 
286998.8 
287805.3 
219888.8 
209814.9 
280733.1 
713767.2 
1587607.3
1667022.5
1156410.9
498531.3 
331502.2 
208080.4 
760467.1 
565595   
540386.2 
401781.7 
439603.2 
1756505.2
2568441.3
2991269.1
948471.3 
423781.4 
389212.2 
289906.8 
806531.2 
745156.7 
640663   
632448.5 
738721.9 
2148260  
2410770.2
3437192.2
2678946.4
693930.4 
667636   
638894.8 
534248.8 
490610.2 
375536.9 
220696   
477282.5 
1176706.7
1727321.6
2437050.5
1017959.7
405874.8 
501690.1 
587778.6 
260171.8 
325492.3 
263434.8 
226435.5 
292695.5 
1104193.7
1825630.3
1961233.1
705056.3 
329905.2 
246756.9 
299334.1 
639956.1 
609724.6 
439581.5 
508786.3 
622085.9 
882916.5 
1353633  
1330131  
839393.8 
469101.7 
691911   
538552.3 
225929.7 
436148.4 
283357.5 
243859.7 
434818.8 
1001772.2
2025032.2
2437751  
824753.6 
395604.3 
432051.7 
347839.1 
514771.3 
649119.8 
389375.3 
303510.9 
488578.3 
996421.4 
2559020.2
4380812.5
1785494.5
411782.2 
351443.8 
272524.9 
495607.8 
544276.2 
413282.5 
381377.5 
584928.2 
1073002.1
2054452.8
3154184.5
1993763.3
606780.1 
751780.5 
1071142.3
822718   
611894   
584621.5 
434671.1 
475588.7 
1900290.7
2778690.9
3236130.8
1026112  
458471.6 
421072.7 
313638.2 
524162.8 
481348   
368447.2 
216529.5 
468272   
1154491.7
1694711.6
2391041.6
998741.7 
398212.4 
492218.8 
576682   
685752.4 
653357.5 
471038.7 
545195.9 
666603.5 
946099.5 
1450501.2
1425317.4
899462.2 
502671.4 
741425.3 
577092   
658704.1 
608578.8 
523237.4 
516528.6 
603323.4 
1754510.8
1968906.2
2807197.8
2187929  
566741.6 
545266.7 
521793.3 
459533   
523442.9 
520389.1 
559432.4 
596885.8 
1191470.5
1593249.6
2198349  
2747510.1
939512.9 
962045.1 
452000.1 
343344.7 
419580   
298106.7 
299199.1 
366113.8 
744999.2 
1691669.5
3770984.6
1906332.5
902350.7 
766324.7 
345103.8 
508836.6 
487021.4 
451595.8 
506010.3 
618112.7 
1306399.3
3137661.5
4160018.9
1387915.6
481766.6 
419623.9 
430687.4 
281102.1 
281892   
215371   
205504.1 
274965.2 
699102.2 
1554988.3
1632771.9
1132651.3
488288.5 
324691.1 
203805.1 
583161.5 
494162.7 
281137.1 
354552.8 
523398.8 
1147758.3
2235298.5
3335755.6
1989962.4
667086.3 
693600.2 
709757.9 
