NaN       
619.5377  
500.2971  
405.0757  
387.6115  
365.1191  
669.7714  
4127.395  
15403.7511
17705.4195
4089.9285 
1118.114  
766.4338  
930.6388  
568.3255  
431.7975  
370.9587  
350.1888  
641.6655  
3994.322  
16582.5825
8062.6614 
2127.6879 
898.9962  
951.7318  
786.8277  
601.1074  
375.2911  
356.1199  
303.3111  
779.8761  
5498.9392 
14686.3373
7504.0544 
1190.1839 
683.8685  
392.4774  
945.6031  
793.9848  
512.1047  
544.1549  
579.7522  
1078.2054 
3362.3355 
8599.8857 
14017.152 
3533.8367 
1977.1929 
927.027   
903.5166  
576.6161  
499.4654  
383.2176  
270.1011  
545.8743  
4181.5586 
10565.9893
8131.6731 
1254.0229 
753.4373  
606.4105  
458.9455  
481.5767  
492.7542  
446.9008  
387.0711  
638.641   
2567.7352 
10402.129 
9023.1968 
3067.855  
1454.1974 
859.1445  
1998.6296 
1302.1872 
735.7274  
538.4768  
470.4268  
867.5667  
6287.1436 
14372.1345
9985.4664 
2710.4521 
1078.899  
879.5883  
713.8744  
579.5567  
325.9161  
289.3428  
314.2964  
488.8406  
2798.8927 
8376.9175 
8754.0735 
1535.652  
512.2556  
444.7209  
1116.2286 
691.4715  
563.3319  
426.2392  
406.001   
857.331   
3126.9572 
7892.338  
4568.3719 
1399.6571 
626.6505  
507.9747  
788.6464  
690.7547  
450.5236  
411.904   
440.3857  
1111.6271 
4367.5735 
10815.6403
11830.4932
1922.8574 
978.803   
950.439   
616.6771  
376.1439  
271.3578  
166.3095  
286.7694  
655.0289  
4046.9943 
12510.3762
5944.4542 
1222.5735 
1157.4133 
1117.3994 
642.8984  
578.5145  
417.5581  
353.1425  
309.9158  
1125.5137 
4983.0305 
10713.2951
6316.4246 
1636.7236 
666.7196  
633.7009  
841.9488  
537.3241  
465.4306  
357.1043  
251.6958  
508.6771  
3896.6173 
9845.9977 
7577.5616 
1168.5708 
702.0963  
565.0883  
503.1383  
546.5794  
359.8447  
281.591   
282.1978  
624.8383  
5810.2267 
14336.4901
5889.6596 
1816.1882 
855.637   
617.8398  
1008.5699 
864.9547  
410.3221  
344.6844  
475.7068  
826.781   
3123.9768 
23255.2025
9984.3424 
1671.4234 
673.5125  
471.7515  
680.9558  
692.6821  
524.6241  
445.4447  
445.7569  
800.7754  
2983.6657 
15671.05  
12877.8885
2598.2417 
1236.9248 
2324.6998 
1222.134  
757.0769  
616.7797  
466.6799  
444.5215  
938.6729  
3423.6365 
8641.1469 
5001.8096 
1532.4536 
686.1058  
556.1703  
520.2763  
317.344   
228.9384  
140.3115  
241.9408  
552.6329  
3414.3563 
10554.7174
5015.1996 
1031.4572 
976.4831  
942.7242  
741.1059  
472.9671  
409.6845  
314.3327  
221.5493  
447.7512  
3429.9069 
8666.711  
6669.9728 
1028.6073 
618.004   
497.4058  
764.1378  
669.2883  
436.5228  
399.1033  
426.6999  
1077.0812 
4231.8432 
10479.5245
11462.8391
1863.1011 
948.3849  
920.9024  
711.4913  
371.7731  
329.5434  
373.9323  
330.4817  
767.0387  
2984.257  
9975.3679 
14723.068 
2997.7594 
1231.4371 
465.5432  
670.4531  
608.0411  
391.8876  
376.6575  
449.9947  
698.6522  
2441.3175 
12895.1891
7680.4086 
2572.9277 
788.3275  
403.2981  
821.2826  
510.7864  
426.8588  
409.6924  
409.732   
712.1853  
5554.3708 
16514.5765
7470.1193 
1449.2846 
560.711   
704.164   
781.6827  
634.6067  
356.8737  
316.8265  
344.1503  
535.2738  
3064.7494 
9172.6106 
9585.5913 
1681.518  
560.913   
486.9633  
925.7011  
674.6913  
455.6151  
388.6544  
366.4813  
645.5489  
2719.9653 
11752.6689
11976.8579
2273.6924 
1148.1798 
1007.1684 
