NaN       
1018.6074 
992.7816  
1023.4462 
857.7524  
944.4738  
2262.8455 
15782.6974
34982.1394
23518.5949
6062.8573 
1942.0599 
1395.5638 
1133.9534 
777.7594  
755.2411  
495.4692  
506.3644  
1671.6709 
7988.9812 
23652.7738
10834.9727
3368.4916 
1743.9175 
1540.0661 
1410.4471 
1873.7546 
1184.8223 
728.1183  
453.6818  
1794.2234 
10141.4904
22795.4173
12711.2465
2953.7705 
1495.2983 
1030.2623 
1636.2517 
1598.9566 
980.9978  
1083.8602 
785.5384  
2343.0284 
7758.9815 
14545.8837
20916.0272
5310.4755 
3241.2629 
1783.7976 
1246.7621 
810.3153  
610.0553  
499.7723  
368.4718  
823.6351  
9962.5203 
16452.2065
10936.0064
2331.7173 
1468.4192 
1179.131  
781.5244  
523.6218  
639.5493  
738.9616  
807.0596  
1719.4656 
7579.0633 
15525.4269
11543.2607
3997.9068 
2400.9103 
1543.5428 
3281.9219 
2205.5969 
1005.9806 
788.4605  
771.4051  
1644.8001 
12575.902 
23541.02  
16206.8445
4151.9671 
1771.4412 
1671.5272 
889.0729  
660.2409  
398.6827  
378.0759  
550.7558  
1126.0814 
8156.1567 
13145.1337
14083.4261
2829.4747 
1063.8596 
889.9557  
1807.175  
1198.7707 
863.8531  
839.0185  
756.8582  
1092.6239 
7069.4346 
12654.2622
6955.6429 
2304.5018 
1302.0449 
1039.166  
1355.765  
799.8334  
900.6116  
1212.3801 
613.402   
2465.6203 
10144.2728
15987.2817
18122.7174
3204.5258 
1892.0804 
1994.5577 
1115.1327 
705.8059  
374.8689  
359.4032  
559.5839  
1645.1892 
8890.9484 
20312.6653
10731.7415
2525.2412 
2503.0762 
2581.0459 
1210.2306 
1356.3461 
754.0413  
821.2356  
795.4347  
2130.1257 
11393.6321
17157.4971
11614.9965
3406.8076 
1659.216  
1168.568  
1161.8047 
755.0985  
568.4847  
465.7166  
343.3632  
767.5107  
9283.6505 
15331.1141
10190.801 
2172.8285 
1368.3576 
1098.7822 
825.869   
592.5557  
418.2605  
349.1192  
586.1146  
2051.6365 
18181.8377
21235.5516
9167.8712 
3048.7052 
1662.5246 
1066.8444 
1896.7423 
1218.3068 
733.5873  
607.3403  
821.5847  
1344.8935 
8899.9161 
38817.6552
15889.0348
2810.33   
1420.9534 
892.0405  
1217.3978 
995.1984  
815.5397  
559.1912  
649.7057  
1812.0235 
12506.6163
25936.2765
19915.0511
4308.1202 
2498.7766 
3699.876  
1978.636  
1312.5076 
945.8138  
918.6228  
828.6674  
1196.2898 
7740.168  
13854.8727
7615.58   
2523.1482 
1425.5803 
1137.76   
940.8119  
595.4723  
316.2683  
303.2202  
472.1081  
1388.0083 
7501.0892 
17137.3297
9054.1241 
2130.488  
2111.788  
2177.5692 
1022.6517 
664.6579  
500.3954  
409.9363  
302.2375  
675.5834  
8171.7179 
13494.8574
8970.2161 
1912.5819 
1204.4651 
967.1776  
1313.6322 
774.9771  
872.6235  
1174.7031 
594.3395  
2388.9967 
9829.0211 
15490.4478
17559.5209
3104.9393 
1833.2806 
1932.5731 
1344.002  
1078.503  
722.6371  
629.2093  
447.4347  
1858.3815 
8463.7351 
19258.3566
23232.8733
5083.9268 
2543.6426 
938.479   
1311.108  
1163.2098 
527.9389  
507.0531  
704.7304  
1062.0157 
8103.2433 
18659.6358
12857.7934
4470.3652 
1756.3893 
867.5488  
1527.4462 
1160.4354 
946.0778  
641.7764  
603.2363  
1539.6464 
9869.9067 
24068.0484
10561.7703
2388.3337 
1142.909  
1285.0101 
973.5227  
722.9548  
436.5522  
413.988   
603.0702  
1233.0438 
8930.8806 
14393.7424
15421.1599
3098.2363 
1164.9118 
974.4894  
1316.9989 
1239.5725 
907.6151  
515.6761  
519.5979  
1397.1791 
7479.7503 
21115.5151
20348.197 
4151.0785 
2628.8099 
1874.5232 
