NaN         
1746.64717  
1982.74133  
2818.33621  
5443.86337  
5563.81409  
13463.47814 
31528.95888 
100773.37238
76547.55522 
16168.70551 
6628.95627  
3305.97847  
3187.80732  
2357.78339  
3378.454    
2413.38774  
3542.54673  
8867.05221  
29654.73884 
98248.66519 
32028.7994  
6771.71867  
7501.2249   
4753.58416  
4779.47947  
2607.72788  
2028.76793  
2295.94807  
3237.6461   
9865.50462  
44622.86401 
100612.63575
35653.07458 
4744.87044  
4128.42567  
2307.43134  
6063.71434  
5119.34684  
4508.31725  
3290.97765  
5315.54694  
10287.05825 
23731.61215 
61513.59377 
83810.34566 
15957.87795 
12462.26487 
5057.34791  
2994.44907  
2672.39134  
1615.04288  
2097.39341  
2114.45559  
6911.9332   
41140.55184 
69062.98093 
34925.80303 
4519.45093  
6895.34161  
3580.74134  
1378.28086  
2519.63726  
1363.16281  
2608.00719  
3834.86998  
8455.77845  
29067.44336 
71991.78498 
41848.90942 
12248.22035 
9314.58114  
6276.81622  
11245.89004 
5173.61865  
3705.2623   
3084.32617  
3451.26377  
9789.2196   
55456.56014 
117078.89132
59206.09288 
13365.26911 
6200.35887  
4414.97426  
4269.2596   
3077.25578  
2406.51294  
1877.19669  
2612.41704  
9870.57172  
24021.16695 
51182.79531 
50666.58654 
9112.32789  
2998.6462   
4539.67654  
6396.72381  
4838.0499   
3098.36304  
2678.74211  
3533.33815  
9084.34572  
30332.24681 
71420.90488 
27564.49318 
6672.79553  
5290.87452  
2736.62939  
4848.79795  
2634.17438  
2595.50395  
2829.89283  
4517.1445   
14054.34518 
41548.72263 
86666.61262 
59256.83439 
8348.643    
7022.74033  
9534.41749  
2649.96524  
1001.59602  
848.10419   
2159.18021  
2847.13198  
8452.26775  
32434.07319 
90231.56603 
34688.71082 
5773.40681  
11193.34943 
7201.6783   
1817.29638  
3183.62537  
2856.95257  
3021.08793  
3506.48031  
17755.84228 
39643.00527 
62773.45741 
27422.09036 
8896.68329  
5994.12029  
6213.29274  
2790.4002   
2490.28825  
1504.99002  
1954.47204  
1970.37156  
6440.93765  
38337.13693 
64356.86539 
32545.87587 
4211.48481  
6425.47666  
3336.74112  
1647.86361  
2713.09012  
2089.15627  
1957.17776  
2380.51814  
8954.69163  
45493.34683 
108936.58324
35279.93817 
9451.08631  
6331.81768  
2977.30701  
5735.02518  
3357.93792  
3289.99849  
2366.71802  
4371.01907  
11944.96586 
22154.66947 
148488.01605
50921.92968 
6437.3264   
4466.00437  
1664.02052  
2496.76573  
1796.19364  
2068.32176  
1720.71733  
3705.64364  
11583.61585 
23788.75199 
99266.53926 
63071.06906 
12220.03866 
10936.71798 
25407.05116 
7003.63186  
5297.07416  
3392.32938  
2932.89568  
3868.57403  
9946.24982  
33210.10823 
78197.17397 
30179.75581 
7305.8967   
5792.86185  
2996.27518  
2235.71488  
845.02358   
715.52605   
1821.6508   
2402.05993  
7130.98438  
27363.88343 
76126.30212 
29266.06947 
4870.89087  
9443.57211  
6075.89075  
2456.18503  
2192.01845  
1324.73255  
1720.37866  
1734.37385  
5669.48592  
33745.37524 
56648.63747 
28647.75206 
3707.06178  
5655.87674  
2937.08895  
4698.11271  
2552.3126   
2514.84393  
2741.94874  
4376.76599  
13617.58077 
40257.52029 
83973.28956 
57415.32018 
8089.19369  
6804.49586  
9238.11808  
1758.57414  
1601.49988  
1792.75497  
3894.1292   
3607.98017  
10764.13765 
28706.44109 
75129.26063 
68350.24712 
12102.74668 
11844.14882 
2824.44292  
3331.54215  
2465.03424  
1184.83927  
2651.69775  
2979.1533   
10858.9456  
20622.15782 
111242.51187
47587.38086 
15579.97521 
8686.95343  
3850.55294  
372.45008   
1108.10763  
1133.36261  
3332.63313  
3736.94582  
8965.61748  
44589.84744 
132085.54626
38007.52128 
6619.31679  
4960.8392   
5133.50945  
4674.78115  
3369.55319  
2635.09892  
2055.50482  
2860.5611   
10808.14167 
26302.85084 
56044.46418 
55479.2226  
9977.875    
3283.47677  
4970.88402  
4090.30907  
4170.21165  
2215.46624  
2630.56055  
2637.8953   
10817.20508 
26184.94542 
104414.60752
73482.63469 
11982.71758 
9732.74495  
5264.29288  
