NaN        
4510.3747  
3242.4559  
2823.6872  
2744.7708  
2544.3904  
3217.0136  
10735.9002 
36144.4558 
33443.6059 
14069.0031 
6648.0998  
4931.6543  
2507.4976  
2594.4541  
2128.7686  
1920.2436  
2073.6869  
2734.0923  
8015.2332  
15793.8154 
12402.3127 
5324.6787  
2181.9859  
2586.4606  
3109.7341  
3187.9747  
2782.381   
2600.0285  
2392.3908  
2999.8214  
7963.0748  
20264.1455 
30335.0467 
15572.7229 
8393.7921  
5113.6709  
2635.096   
2464.5351  
2333.6837  
1987.742   
2079.1614  
2854.3518  
12631.2877 
54565.8719 
44078.2092 
9481.97    
5610.8775  
2385.1753  
14309.5247 
6361.5519  
3052.3247  
2171.1163  
2238.9718  
2926.4519  
29728.3005 
54721.2591 
59793.9146 
31495.8545 
8027.6301  
4356.7915  
4151.9044  
2786.3568  
2326.9682  
2069.0998  
2171.4071  
5232.9108  
9567.3253  
24450.3429 
48409.6326 
11486.3165 
5011.2386  
5042.4613  
4342.1533  
3093.5021  
2857.1089  
2293.875   
1943.0736  
3077.8523  
7008.648   
12891.3837 
11735.58   
3394.9341  
2473.798   
2794.8865  
2835.5681  
2682.7198  
2226.5352  
2025.9838  
1851.8923  
3134.858   
10798.7147 
52936.5479 
70315.9314 
22529.8516 
10527.1937 
8132.0811  
2750.1388  
2136.9803  
2147.0367  
2434.4454  
2175.0635  
2469.5335  
8918.1807  
34084.1201 
61207.3151 
27096.2591 
9137.258   
3933.8504  
3048.8866  
3187.7266  
3257.0078  
2643.7912  
2423.9876  
2808.9909  
8347.2587  
27768.6333 
53293.1562 
15963.4653 
7269.6818  
4368.1442  
14309.5247 
6361.5519  
3052.3247  
2171.1163  
2238.9718  
2926.4519  
29728.3005 
54721.2591 
59793.9146 
31495.8545 
8027.6301  
4356.7915  
2852.4849  
2733.6161  
2538.312   
2129.5209  
2050.0618  
3227.0228  
9284.1794  
21048.7098 
45136.7566 
14563.3188 
5799.7432  
5218.0766  
2803.3239  
2178.3075  
2188.5583  
2481.5252  
2217.1271  
2517.2919  
9090.6498  
34743.2743 
62391.006  
27620.2748 
9313.9638  
4009.9273  
6199.888   
4700.5376  
3619.6858  
3111.3844  
2754.8871  
3291.0505  
11435.2324 
30944.7077 
30463.4181 
10628.3851 
5503.3148  
4202.968   
3600.8212  
3138.3291  
2729.6096  
2816.4868  
2605.8394  
2993.99    
14498.8297 
38169.4303 
65052.5626 
17987.3849 
5878.8876  
4348.8773  
3045.0047  
3121.6167  
2724.4654  
2545.9087  
2342.593   
2937.3798  
7797.3226  
19842.3452 
29703.6196 
15248.5751 
8219.0744  
5007.2293  
2635.096   
2464.5351  
2333.6837  
1987.742   
2079.1614  
2854.3518  
12631.2877 
54565.8719 
44078.2092 
9481.97    
5610.8775  
2385.1753  
2129.5025  
2231.3155  
1907.688   
1866.0148  
1655.6252  
2071.8621  
7991.5305  
45479.6691 
102949.2818
61082.5531 
16071.8026 
8151.5392  
2132.8911  
2234.8661  
1910.7236  
1868.9841  
1658.2597  
2075.1589  
8004.247   
45552.0382 
103113.099 
61179.7502 
16097.3767 
8164.5103  
7287.2622  
4838.6878  
3073.0263  
2912.3301  
2768.5409  
3621.5198  
11605.5667 
36515.3454 
57505.4946 
24235.9915 
7917.1937  
4370.1656  
3108.1952  
2525.3951  
2253.7379  
1972.4395  
1827.7438  
4003.0003  
11120.5057 
26507.3213 
45495.873  
21853.4253 
4882.1092  
4218.2607  
3726.8724  
3221.5963  
3316.1893  
2915.5625  
2779.1971  
3780.0896  
7649.2582  
29883.2116 
31555.2007 
13726.317  
6058.4735  
4108.1601  
1859.251   
1954.7763  
2238.8329  
2495.8942  
2240.9949  
2321.6042  
12109.5089 
39544.7675 
70667.4666 
38520.906  
15794.9659 
7534.0765  
3757.0489  
2961.895   
2101.3562  
2277.2567  
2054.1024  
2091.3434  
7725.5115  
34171.0909 
34265.0364 
14322.0953 
5556.3765  
3873.8094  
4990.9768  
3233.8656  
2572.5005  
2386.2798  
2072.6005  
2831.2588  
7772.3623  
34873.4704 
59294.8303 
15198.5472 
8434.1296  
5955.2824  
