NaN      
257314.6 
436690.8 
283709.9 
244163   
370259   
536909.7 
981420.8 
1983135.9
1633606.8
974182.8 
645337.7 
434146.9 
437713.5 
587088.7 
471487.2 
437052.3 
469579.1 
534377.1 
916786.4 
2410459.8
1919097.1
1726466.9
913789.5 
679806.9 
294872.1 
310578.8 
299261.5 
257331.9 
365323.4 
427944.2 
674102.4 
1949910.5
2149487.5
1001864.7
575348.4 
385082.6 
290386.1 
353890   
432059.4 
489641.8 
360968.1 
662284.6 
1281133.8
3628655.2
4557435.7
1484971.6
907324.6 
384355.4 
975872.7 
651797.9 
441458.4 
398272.8 
922457.9 
648949.8 
3015401.6
4905293.9
4583097.9
3037245.6
1086907.6
490717.8 
824381.3 
669581   
575685.3 
568304   
564539.3 
1033320.1
1048563.9
2509474.2
4762150.7
1533596.6
894966.7 
715654.5 
458717.5 
555264.7 
467381.8 
462210   
424226   
629374.6 
1023409  
1364118.2
1755185.4
1078920.5
630689.1 
883427.5 
464217.2 
547381.3 
379445.9 
372133.1 
355144.4 
684357.7 
931910.7 
2996010  
3855978.6
1548472.6
777409.5 
888625.5 
310358.6 
445337.4 
364582.2 
348561.8 
368256.1 
753791.5 
1707314  
3686715.5
4619207.5
2280023.3
945935.8 
355987.6 
413883.6 
445039.1 
457196.7 
380313.9 
389132.7 
434568.2 
575318.4 
1713329.7
3507860.3
1798410.6
951811.9 
392606.8 
1076325.5
718891.6 
486900.6 
439269.5 
1017412.4
715750.3 
3325796.1
5410227.1
5054865.4
3349888.7
1198790  
541230.5 
299405   
321908.8 
241725.4 
262061.4 
263827.3 
418787.2 
676449.1 
1286900.1
2579884  
1294964.1
627212.9 
517434.5 
262079.1 
376060.5 
307867.6 
294339.3 
310969.9 
636531.3 
1441723.3
3113207.9
3900641  
1925341.6
798785.5 
300610   
535999.2 
426614.1 
279508.4 
186360.5 
297143.6 
467711.2 
990804.1 
1705020.4
1393748  
614567.2 
448704.2 
261714.1 
470163.6 
579206   
311163.5 
292912.5 
429541.8 
694064.8 
1160764  
2089456.5
2606627.4
1207000.8
746438.2 
453534.2 
305913.6 
322208.4 
310467.4 
266967.7 
379002.9 
443968.5 
699344.2 
2022924.9
2229975.1
1039379.5
596892.3 
399502   
263176.9 
320730.6 
391575.4 
443762.4 
327145.4 
600228.5 
1161091.6
3288650.2
4130404  
1345829.8
822308.3 
348341.3 
191254.6 
300621.6 
254758.1 
291377.3 
326745.1 
502088.6 
857138.1 
2768754.4
6581064.2
4841248.7
1981372.2
997262.6 
210001.1 
330088.2 
279729.2 
319937.7 
358772.3 
551302.7 
941153.8 
3040144.6
7226132.7
5315782.4
2175584.1
1095013.2
433653.7 
399153.2 
294805.3 
464654.9 
391006.3 
497219.2 
1233675.6
2904866.2
3028550.1
1346379.9
595047.7 
338925.7 
418284.7 
438871.4 
479763.9 
350814.2 
414653.5 
729717.4 
742477.3 
2270544.6
4961753.2
2690238.9
1096309.5
525284.3 
556290.2 
483536.8 
428012.7 
387580.8 
410627.2 
799671.8 
1216391.8
3711275.4
2722870.4
1262761.5
948084.2 
521895.1 
233229.2 
267751.6 
302849.2 
322557.5 
331722.4 
379775.8 
1241694  
3061257.3
5133085.4
3524225.8
1476436.9
802408.8 
255481.1 
274468   
195006.3 
195720.9 
203681.1 
260870.7 
535643.7 
2004264.8
2466943.4
1451750.5
747827.3 
281413.7 
512332.4 
381664.3 
217134.9 
273837.2 
343796.8 
474519.9 
835661.9 
2093288.7
3040464.7
1267165.2
799157.4 
683345.4 
