NaN       
742.8588  
586.9073  
377.8083  
277.1702  
235.9794  
349.3654  
1946.8965 
9215.6165 
8695.7914 
5363.0243 
2450.0474 
1269.1617 
550.02    
339.97    
244.17    
215.41    
179.5     
242.78    
1108.96   
5099.5    
5502.15   
3284.63   
1101.62   
1073.46   
565.7222  
431.7227  
431.9265  
367.2502  
270.2305  
298.1207  
718.3287  
5582.4776 
11122.5033
7563.2236 
3476.4141 
1473.4333 
759.67    
414.55    
359.6     
303.47    
255.47    
373.69    
1267.04   
11389.09  
14503.14  
5119.34   
2485.29   
769.39    
2901.82   
1188.1    
777.52    
538.71    
467.7     
566.08    
2993.06   
8259.17   
13422.15  
10195.04  
2985.12   
1069.09   
945.8773  
602.5231  
384.2444  
329.3497  
299.1488  
504.8994  
1188.8405 
5647.6449 
14189.1166
4612.4278 
2276.742  
1585.9844 
946.12    
675.17    
450.64    
416.53    
285.62    
325.69    
1397.75   
4242.65   
5744.13   
2118.35   
917.55    
862.81    
724.17    
585.32    
300.1     
439.54    
312.99    
466.31    
1818.65   
12521.65  
17024.13  
7574.88   
2872.07   
1894.22   
565.09    
409.39    
389.36    
397.09    
321.12    
331.83    
1093.69   
7170.25   
15879.67  
10361.65  
3941.16   
1392.4    
607.3189  
461.734   
441.1047  
389.3465  
325.6787  
402.236   
1101.1818 
6743.566  
19125.9463
7681.7134 
3629.624  
1309.0446 
2901.82   
1188.1    
777.52    
538.71    
467.7     
566.08    
2993.06   
8259.17   
13422.15  
10195.04  
2985.12   
1069.09   
541.9992  
440.2314  
370.2459  
256.4571  
217.6871  
321.5952  
1358.096  
5960.8085 
16376.2369
6964.9407 
2651.8359 
1698.1038 
576.0183  
417.3072  
396.8898  
404.7693  
327.3302  
338.2473  
1114.8409 
7308.9158 
16186.7676
10562.0344
4017.3783 
1419.3277 
1303.9993 
852.0464  
480.2919  
374.7967  
309.5947  
456.1997  
2197.1454 
10517.0014
9630.1234 
3754.0514 
1785.9042 
965.8513  
661.49    
657.12    
494.88    
365.36    
259.64    
322.51    
1572.5    
7703.8    
15808.26  
5940.5    
1842.65   
782.28    
553.9466  
422.7364  
422.9359  
359.6058  
264.6056  
291.9153  
703.3766  
5466.2777 
10890.9872
7405.7943 
3404.0521 
1442.7637 
759.67    
414.55    
359.6     
303.47    
255.47    
373.69    
1267.04   
11389.09  
14503.14  
5119.34   
2485.29   
769.39    
499.24    
717.42    
358.41    
284.23    
306.05    
340.17    
929.06    
6313.39   
22028.43  
19440     
6773.55   
2259.17   
500.0344  
718.5616  
358.9803  
284.6823  
306.537   
340.7113  
930.5384  
6323.4361 
22063.4826
19470.9337
6784.3284 
2262.7649 
2063.422  
1372.8967 
603.953   
436.9185  
392.5129  
441.2009  
1927.9665 
10203.0257
14881.869 
8066.279  
3035.0356 
1116.2398 
759.5216  
394.4565  
300.5919  
237.5018  
244.941   
378.3925  
1038.5665 
5690.5586 
12921.3321
8173.3217 
2155.5164 
1644.0676 
1285.29   
570.84    
424.07    
341.55    
273.92    
335.6     
1251.97   
9970.91   
11135.21  
5877.03   
2407.93   
1828.76   
660.89    
402.64    
314.38    
303.27    
305.45    
280.26    
1088.33   
6311.41   
19142.48  
16647.27  
5787.77   
1685.95   
890.9448  
587.6418  
370.3236  
333.6858  
338.6814  
351.5902  
736.2708  
7460.5834 
10206.2631
6838.1719 
2031.6792 
745.6427  
1170.3997 
620.3915  
409.6369  
327.5939  
262.432   
309.0906  
780.4726  
6469.3788 
15142.8053
5749.4347 
2815.3954 
1771.6898 
