NaN       
736.8768  
644.5757  
359.0626  
426.5946  
450.1869  
1375.8221 
11151.5939
8331.1715 
5038.5946 
2018.6935 
1292.1637 
1613.5618 
2024.1241 
1760.2078 
1096.8905 
678.2312  
697.306   
3189.3221 
4515.3284 
9628.8232 
4636.4577 
2569.5665 
1230.173  
840.7571  
2591.3117 
1797.6023 
1399.7964 
1202.8783 
1066.3506 
1403.3552 
5805.3257 
10026.2159
5251.5043 
2080.6563 
2120.4028 
1164.4131 
850.6486  
747.612   
660.6745  
519.1241  
622.0699  
739.8294  
1126.128  
4222.1903 
5174.0819 
2821.2995 
3905.5035 
1338.6789 
3705.3296 
3588.1848 
2172.2222 
1670.3829 
1405.0672 
1640.6877 
6432.7835 
18068.2117
15464.2176
6551.5539 
3464.5824 
2267.7897 
2208.1836 
1560.0882 
987.5997  
509.9363  
628.7051  
1248.4457 
4283.3971 
5912.2664 
2579.9593 
1501.3967 
1452.0063 
819.2209  
1645.2157 
1393.1442 
848.6146  
707.5514  
779.4113  
1173.0595 
1457.3435 
2641.2432 
3573.8617 
1544.9735 
1456.5964 
2026.8001 
855.343   
702.0879  
676.8539  
720.5155  
584.0034  
768.5267  
2244.3629 
5216.6907 
13093.7767
9754.0767 
12069.6608
3931.2705 
1832.4367 
1281.3455 
1200.8654 
1126.4778 
958.3766  
1343.2265 
2561.4755 
4113.5871 
3899.2951 
1663.163  
950.524   
1076.4158 
754.9128  
861.8546  
602.5238  
468.9217  
483.7771  
861.0259  
2205.9057 
4226.4122 
6586.0861 
3342.7135 
3662.0449 
1400.3048 
1951.3657 
1156.4602 
565.9953  
698.5032  
823.9865  
1079.1793 
2250.6344 
17733.7186
6962.6479 
2086.7987 
1253.0401 
786.9345  
975.1053  
896.5676  
882.921   
533.1397  
401.7913  
917.6485  
1564.2407 
2200.8509 
2050.1215 
1709.4791 
1751.2797 
1974.3594 
2538.0066 
1760.6243 
1371.0016 
1178.1343 
1044.415  
1374.4872 
5685.906  
9819.9696 
5143.4771 
2037.8558 
2076.7846 
1140.4603 
3625.7971 
2043.0991 
1298.8563 
1000.2503 
1524.725  
1468.4012 
4243.09   
6121.052  
3164.0658 
2065.7737 
908.7697  
578.3547  
797.8052  
701.1693  
619.6325  
486.8755  
583.4261  
693.8703  
1056.1715 
3959.9024 
4852.6613 
2646.0367 
3662.8887 
1255.5185 
855.343   
702.0879  
676.8539  
720.5155  
584.0034  
768.5267  
2244.3629 
5216.6907 
13093.7767
9754.0767 
12069.6608
3931.2705 
2382.5611 
1751.7071 
1298.0137 
1157.2424 
1012.8789 
2091.9104 
4412.638  
8657.2813 
4889.8497 
2974.1131 
1939.2078 
1882.5802 
2024.1241 
1760.2078 
1096.8905 
678.2312  
697.306   
3189.3221 
4515.3284 
9628.8232 
4636.4577 
2569.5665 
1230.173  
840.7571  
825.9041  
725.8647  
641.4562  
504.0234  
603.9746  
718.3086  
1093.3702 
4099.3714 
5023.5735 
2739.2309 
3791.8967 
1299.7382 
2011.3317 
1749.0832 
1089.9581 
673.9447  
692.8991  
3169.1655 
4486.7914 
9567.9689 
4607.1552 
2553.3268 
1222.3983 
835.4435  
2347.686  
1726.0662 
1279.0138 
1140.3032 
998.0527  
2061.2898 
4348.0475 
8530.5593 
4818.2739 
2930.5792 
1910.8225 
1855.0238 
1983.5957 
1401.4162 
887.1539  
458.0722  
564.7613  
1121.4699 
3847.7453 
5310.947  
2317.5592 
1348.694  
1304.327  
735.9003  
1824.3668 
1534.9546 
1307.0755 
818.8671  
1038.4186 
1943.6548 
5005.4883 
4915.2391 
3870.328  
2342.5307 
1734.8422 
1149.3482 
6553.4089 
4398.2838 
1920.4062 
1496.1844 
972.8995  
1735.8773 
3576.171  
10743.3545
5866.182  
3745.0945 
3365.438  
1970.1165 
1870.4735 
1321.495  
836.5605  
431.9489  
532.5536  
1057.5137 
3628.3127 
5008.0697 
2185.3914 
1271.7795 
1229.9427 
693.9327  
