NaN       
2832.925  
2732.7222 
2269.5264 
2042.1015 
1935.7172 
3870.4371 
13556.9761
61174.1132
64013.8213
17073.9977
9233.3448 
7801.3671 
7184.6464 
4223.0046 
2891.6406 
2448.7865 
2454.3285 
7656.68   
25763.2652
41668.2053
52076.6641
12165.2177
4993.4982 
3409.0006 
7160.1299 
4847.4048 
3080.587  
2886.978  
2846.0245 
4397.3853 
14329.0906
41500.0857
51486.2044
18063.3873
6829.3476 
4123.1432 
4309.1996 
2925.5042 
2746.9845 
2253.8386 
2052.7737 
3702.0181 
8625.7896 
27432.893 
48660.0703
12165.6071
6294.2087 
3488.6579 
6438.0297 
4105.0601 
3081.0783 
3210.9897 
2938.7033 
3653.5372 
12078.1815
68641.9561
59089.2547
19411.0661
6677.4509 
5359.1068 
4494.7378 
3543.9763 
1676.3321 
1604.2114 
1918.2053 
3017.2206 
10050.3844
24917.4206
24450.923 
6989.7682 
5147.4269 
3769.4112 
4226.835  
2892.2103 
2416.958  
2125.1802 
2312.8124 
6583.5241 
12239.2348
28791.8774
44908.1092
8870.1432 
4478.829  
4929.2921 
1887.8934 
2023.7725 
2319.3795 
2556.8897 
2380.7375 
2913.23   
15451.1836
46445.7043
65385.8843
29670.0202
14080.2249
7345.8744 
6306.4855 
5320.1664 
3138.3375 
3241.6804 
2934.9634 
3950.8512 
21803.9329
73092.8928
63590.4729
19399.8976
5981.3378 
5844.1247 
2617.4688 
2699.5559 
2071.3477 
1455.9642 
2128.0426 
3228.0136 
15162.6457
45635.3475
57609.51  
24112.9898
7411.6736 
4590.9549 
5985.8367 
4327.2322 
3938.7629 
3616.3506 
3092.1664 
4158.2499 
9969.2725 
66788.1095
41675.6513
6868.5956 
4219.2544 
2890.3774 
3226.7697 
2722.5565 
2481.6783 
1782.4279 
1576.8916 
3160.7312 
8056.7218 
18850.6139
29751.4964
7463.1097 
2818.2553 
3093.8381 
7012.841  
4747.6903 
3017.2171 
2827.5908 
2787.4798 
4306.9279 
14034.3311
40646.3997
50427.0969
17691.8107
6688.8632 
4038.3272 
13798.3008
6254.4433 
3002.9066 
2112.1748 
2258.8127 
3487.297  
36021.8699
61034.2422
52539.0742
23037.5183
6795.7783 
4034.0493 
4041.5066 
2743.7681 
2576.3383 
2113.8273 
1925.2528 
3472.044  
8089.9445 
25728.7268
45637.2448
11409.8641
5903.2044 
3271.938  
1887.8934 
2023.7725 
2319.3795 
2556.8897 
2380.7375 
2913.23   
15451.1836
46445.7043
65385.8843
29670.0202
14080.2249
7345.8744 
6806.2842 
4516.2526 
4015.2651 
3644.685  
3352.2258 
8194.4728 
23593.1971
37299.7567
66946.0684
25290.4293
7118.7317 
5913.337  
7184.6464 
4223.0046 
2891.6406 
2448.7865 
2454.3285 
7656.68   
25763.2652
41668.2053
52076.6641
12165.2177
4993.4982 
3409.0006 
4183.8497 
2840.4045 
2667.0777 
2188.2769 
1993.0607 
3594.3305 
8374.8748 
26634.9002
47244.6021
11811.7229
6111.117  
3387.1767 
7139.2394 
4196.3152 
2873.3654 
2433.3101 
2438.8171 
7608.2897 
25600.4411
41404.8618
51747.539 
12088.3334
4961.9393 
3387.4557 
6706.6564 
4450.1454 
3956.4912 
3591.3355 
3303.1572 
8074.5252 
23247.849 
36753.7772
65966.1376
24920.2377
7014.5305 
5826.7798 
4037.5911 
3183.5288 
1505.8373 
1441.0518 
1723.1103 
2710.3479 
9028.1891 
22383.1426
21964.091 
6278.8593 
4623.8971 
3386.0354 
4522.1344 
3314.5922 
2888.4052 
2776.4081 
2668.9829 
3985.9412 
13525.8662
41916.9441
30554.0633
10699.8101
5851.6699 
4747.8555 
7908.219  
5551.3529 
4093.7114 
3067.3116 
2657.3592 
4615.164  
21543.162 
48403.1593
45473.993 
14106.407 
6228.6696 
5200.8255 
3807.3318 
3001.9758 
1419.9611 
1358.8702 
1624.8432 
2555.7798 
8513.3217 
21106.6571
20711.5036
5920.783  
4360.2015 
3192.9336 
