NaN      
40354.93 
78870.8  
47694.81 
42342.91 
28963.65 
65222.92 
123997.13
567656.51
665040.87
284702.88
136682.45
87809.88 
99019    
71462.54 
47635.35 
42375.33 
40886.8  
95469.09 
280304.95
453172.15
616939.12
166141.78
84964.43 
55604.32 
89169.8  
73223.77 
56076.74 
61532.01 
45335.47 
66973.1  
214429.51
608483.87
596210.11
230488.69
125487.4 
73803.44 
55496.53 
48332.79 
41608.1  
49898.42 
39406.83 
57976.22 
102537.69
291116.34
598752.25
160083.83
112646.15
53768.17 
94511.19 
66810.66 
51332.48 
49322.06 
46894.89 
55414.96 
117632.14
735819.73
654336.34
237504.98
120092.89
98110.7  
83607.02 
58947.97 
44607.62 
42402.21 
42285.47 
61118.5  
149095.52
273626.53
278912.5 
94120.72 
87910.87 
61693.38 
74745.3  
59514.57 
53591.5  
47279.92 
44922.73 
83080.76 
153869.67
386208.49
539093.49
133729.88
93347.04 
93501.3  
48545.32 
48303.17 
48333.21 
48003.42 
40158.4  
50762.97 
153478.63
480818.73
793223.38
389815.93
210335.05
107729.67
89724.31 
76554.22 
52554.28 
55130.23 
57034.79 
75760.9  
247592.18
769055.12
712542.74
274682.66
123671.38
79226.15 
52913.62 
49128.45 
48383.25 
38286.89 
43581.41 
53441.85 
122450.46
523276.66
681157.25
329165.14
145985.74
72652.42 
80244.5  
69077.7  
58396.13 
47092.37 
48241.42 
64898.45 
117771.12
837516.87
584677.26
117933   
78324.38 
53649.35 
54417.67 
51554.8  
47024    
42810.98 
32534.24 
38483.11 
82325.91 
190638.14
286609.67
146308.64
71843.68 
59464.47 
87082.93 
71510.1  
54764.36 
60091.96 
44274.47 
65405.71 
209411.16
594243.36
582256.85
225094.5 
122550.58
72076.19 
163143.28
85260.51 
55543.33 
52202.29 
59658.36 
72269.43 
486124.06
774032.73
682409.39
310212.64
130455.06
66945.61 
63448.06 
55257.9  
47569.7  
57047.85 
45053.03 
66283.04 
117229.26
332827.41
684541.3 
183020.59
128786.06
61472.06 
50431.81 
50180.24 
50211.45 
49868.84 
41718.97 
52735.63 
159442.86
499503.48
824048.26
404964.28
218508.73
111916.07
111845.72
83936.62 
59023.6  
59897.88 
57644.55 
107349.47
272034.98
518763.02
808028.4 
306346.67
147770.36
117859.15
103540.42
74725.67 
49810.48 
44310.27 
42753.78 
99828.41 
293104.26
473864.94
645109.85
173728.16
88844.08 
58143.33 
61589.8  
53639.52 
46176.48 
55377.05 
43733.52 
64341.76 
113795.87
323079.62
664492.58
177660.32
125014.2 
59671.67 
96346.09 
69533.48 
46349.48 
41231.45 
39783.1  
92892    
272738.41
440939.24
600285.49
161656.95
82670.9  
54103.34 
102430.14
76870.54 
54054.78 
54855.46 
52791.82 
98312.4  
249134.1 
475091.68
740005.65
280557.3 
135330.52
107937.34
60068.71 
42352.05 
32049.01 
30464.5  
30380.63 
43911.5  
107119.89
196591.05
200388.83
67622.43 
63160.87 
44324.52 
48171.8  
85860.29 
46988.63 
46456.88 
41532.77 
63447.51 
144443   
440005.72
369233.34
198737.32
124025.59
88016.19 
99400.99 
89845.48 
72531.35 
54873.82 
56134.66 
87592.79 
253329.13
625297.25
542733.29
239876.28
124268.63
63632.45 
69094.79 
48715.98 
36864.78 
35042.17 
34945.7  
50509.75 
123216   
226131.32
230499.77
77783.55 
72651.58 
50984.84 
