NaN      
519481.4 
625441.8 
429088   
420818.4 
409974   
870627   
1306310.7
3846758.9
3997076.9
1368012.3
787541.6 
963012.3 
561690.2 
532758   
357439.9 
295158.2 
327206.7 
859112.8 
2172366.9
2287180  
3008928.4
1083552.9
531740.1 
320411.4 
478037.2 
449268.9 
328398.8 
517603   
444636.3 
623112.8 
1703503.1
3674071.9
3092519.6
1171720.2
593806.9 
361815.6 
472169.1 
482777.4 
475012.8 
510651.6 
473021.4 
654945.8 
872610   
1851195.8
4547905  
1647819.2
1173576.2
492890.9 
712553.1 
551283.2 
402088.6 
382335.8 
377532.3 
504405.9 
726597.6 
4195102.3
3861538  
1652343  
848158.4 
1118654.7
847484.9 
724790.1 
517151.1 
598567.9 
635390.7 
625522.1 
955516.6 
1443614  
1790765.9
1060412.3
1087845  
756904.5 
671880.5 
557205.3 
474129.2 
468050   
474635.9 
957412.2 
1070489  
2346656.7
3595225.5
986762.7 
660306.6 
564848   
260822.6 
305733.1 
342244.4 
364516.4 
382683.3 
482825   
1739402.9
3927941.3
5317406.1
3111456  
1494693  
869004.9 
809348.9 
713955.8 
577630.5 
555932.4 
749956.3 
887587.1 
2275627.3
6123110.6
5009666.2
2140272  
855140.7 
678378   
678818.2 
582963.5 
685368.6 
499006.8 
590226.4 
759790.4 
1134650.6
3746063.5
5491173  
2793168.2
1702755.6
827040.7 
504012   
570490.1 
338681.2 
263995.8 
368951.6 
521928.2 
1335536.3
3515248.5
2816282.8
688208.4 
408523.9 
283181   
212191.5 
253179   
250952.2 
201101.8 
198472.8 
274289.9 
505785.1 
852840   
1277879.6
511580.1 
268386.3 
333767.8 
494477.7 
464720   
339693   
535404.2 
459928.1 
644542.7 
1762089.5
3800429.4
3198876.5
1212017.6
614228.9 
374259.1 
797701.3 
544011.7 
364657   
328984.5 
777850.6 
603057   
3087561.8
4600606.3
3470286.7
1960039.1
804293.6 
388457.2 
364336.1 
372521.7 
366530.3 
394030   
364993.8 
505370.7 
673325.1 
1428423.5
3509263.7
1271493.6
905557.3 
380325.5 
217629.6 
255102.7 
285567.7 
304151.4 
319309.8 
402867.7 
1451352.6
3277462.4
4436827.7
2596189.5
1247167.3
725095   
582571.2 
467771   
366314.7 
405340.4 
436988.8 
640315.3 
1572531.9
2637768.3
3747117.9
1525203.8
776016.2 
558345.3 
879647.9 
834338.1 
559777.1 
462239.3 
512429.6 
1345433.5
3402085.6
3581891.4
4712202.3
1696923.2
832743.9 
501787.7 
352363.1 
360279.8 
354485.3 
381081.3 
352999.2 
488763   
651198.1 
1381482.2
3393941.2
1229709.4
875798.6 
367827.1 
798552.5 
757419.7 
508170.7 
419625.1 
465188.3 
1221396.8
3088444.4
3251673.7
4277780.3
1540482.4
755972.5 
455527.5 
829177   
665781.2 
521377.9 
576923.4 
621968.7 
911364.6 
2238194  
3754351.3
5333295.2
2170831.6
1104508.5
794696.2 
638995.5 
546484.7 
389926.9 
451314.4 
479078.5 
471637.6 
720450.3 
1088471  
1350220.2
799540.7 
820224.7 
570698.6 
338534.6 
586625.1 
377190.4 
324613.1 
502512.3 
803045   
1617398.8
2993600.8
1990880.2
1011851.2
768600   
553145.6 
752293.7 
565013   
471206.3 
409807.6 
386318   
1141653.8
3255748.2
5088304.2
3617279.4
1358051.4
732931.4 
517890.7 
565953.2 
484017.2 
345355.2 
399725.6 
424316   
417725.7 
638097.1 
964050.1 
1195879.3
708146.8 
726466.5 
505463.3 
