NaN        
634.84133  
560.85091  
290.61352  
430.12615  
325.42945  
518.11652  
2335.85502 
14550.99275
16485.97909
6331.63428 
2225.02464 
1486.78221 
1989.99852 
1244.34633 
647.04441  
551.29165  
370.62229  
700.74596  
3647.143   
10424.07384
17596.095  
7305.85448 
2501.52079 
1320.0542  
1785.26781 
1298.32245 
577.22292  
421.97677  
402.78288  
483.81549  
2443.91946 
11701.74653
14223.22036
6654.32403 
2320.56767 
864.69925  
776.9524   
322.72267  
282.68325  
303.87807  
242.42396  
402.03461  
1083.5876  
6286.70093 
17760.2188 
6242.62162 
2304.72046 
633.28505  
1142.91846 
853.70315  
617.4053   
352.35007  
376.49291  
538.33347  
969.79003  
13822.82716
17568.43529
8899.09081 
2496.54265 
1502.87894 
1127.53086 
572.01284  
489.62131  
355.89287  
226.42369  
326.96873  
1735.13568 
7609.76946 
11209.78692
2984.30461 
1611.46398 
942.69982  
867.12742  
603.7417   
389.11752  
337.03742  
325.26478  
586.65265  
1596.77525 
6863.12454 
14369.0684 
4031.74525 
1844.49322 
1301.78504 
608.21702  
405.01929  
319.60197  
311.55277  
333.40433  
326.90273  
1467.44584 
7699.4939  
19460.44386
14607.90077
4707.12565 
1389.20504 
1056.14223 
698.7518   
467.04515  
385.85622  
352.46482  
436.81849  
2123.60634 
14507.92091
17719.16505
7879.9813  
2311.62236 
1627.12939 
662.41999  
430.40083  
357.78728  
299.08457  
242.18445  
381.0027   
1485.53634 
11219.58901
17389.00694
9695.2975  
3323.43693 
1075.94281 
1345.53292 
917.29362  
430.00731  
342.20907  
426.31526  
529.41971  
1385.79524 
17905.12991
14714.07378
4252.2636  
1539.98026 
783.9999   
613.74401  
468.68072  
324.91279  
185.54438  
154.1144   
269.70787  
1480.70698 
4869.76717 
10297.25994
3089.29328 
1008.10555 
870.27805  
1748.54359 
1271.61504 
565.34904  
413.29641  
394.49735  
473.86307  
2393.64632 
11461.03336
13930.6387 
6517.4399  
2272.83196 
846.91177  
2554.09694 
1143.00809 
755.96838  
529.29126  
488.24297  
631.49914  
3859.70776 
9636.28668 
13050.10928
8556.00917 
2321.90176 
842.50686  
728.68713  
302.67472  
265.12261  
285.00078  
227.36427  
377.05971  
1016.27376 
5896.16306 
16656.93138
5854.82202 
2161.54829 
593.94458  
608.21702  
405.01929  
319.60197  
311.55277  
333.40433  
326.90273  
1467.44584 
7699.4939  
19460.44386
14607.90077
4707.12565 
1389.20504 
1351.59744 
859.78715  
651.00226  
452.62798  
406.79877  
591.06005  
2991.66714 
8601.8742  
19138.68122
9637.79219 
3087.23838 
1501.30257 
1989.99852 
1244.34633 
647.04441  
551.29165  
370.62229  
700.74596  
3647.143   
10424.07384
17596.095  
7305.85448 
2501.52079 
1320.0542  
754.35171  
313.33502  
274.4603   
295.03859  
235.37211  
390.33986  
1052.06722 
6103.82768 
17243.59346
6061.03059 
2237.67866 
614.86348  
1977.42171 
1236.48205 
642.95508  
547.80748  
368.27995  
696.31723  
3624.09301 
10358.19357
17484.88748
7259.68139 
2485.71115 
1311.71144 
1331.81328 
847.20192  
641.47314  
446.00259  
400.84421  
582.40834  
2947.87627 
8475.96328 
18858.53657
9496.71789 
3042.04857 
1479.32708 
1012.85299 
513.83509  
439.82336  
319.69604  
203.3948   
293.7137   
1558.6601  
6835.80205 
10069.67226
2680.77971 
1447.56669 
846.82058  
664.10254  
573.49256  
373.10022  
276.59743  
250.20997  
395.85557  
2550.02139 
10920.93111
8587.42862 
4571.45068 
1935.61291 
1015.86992 
2254.32933 
1167.57604 
651.87541  
451.99498  
356.43499  
469.68779  
2357.98695 
9355.68023 
12441.66681
5830.04872 
2085.67682 
1235.88749 
955.09112  
484.53165  
414.74072  
301.46414  
191.79542  
276.96353  
1469.77146 
6445.96394 
9495.41016 
2527.89785 
1365.01359 
798.52735  
