NaN       
1191.4022 
949.2266  
792.1568  
716.088   
521.1754  
1237.0415 
7774.0801 
23809.2645
27637.5383
9834.293  
3894.4281 
2767.5462 
2862.1072 
1827.7799 
935.2776  
740.7005  
583.3937  
1845.2655 
7630.7322 
19756.11  
29152.8003
12012.3966
4613.5644 
2391.7053 
2572.9654 
2835.2644 
1273.355  
961.8579  
954.8965  
1183.5506 
5438.4907 
21839.5375
23537.7587
10029.7259
3733.0534 
1441.528  
1539.4437 
979.5758  
652.9624  
538.9311  
345.1393  
1020.6246 
3229.4841 
12767.9214
29551.1848
11256.6682
4949.1426 
1337.7213 
2661.9119 
1889.0677 
1028.8395 
693.7736  
533.3917  
939.3197  
5235.8639 
22680.7899
28402.375 
15191.1513
5338.4191 
3058.9193 
1608.6265 
829.0401  
620.9422  
482.1912  
320.1612  
509.5401  
4282.0251 
12286.6595
15668.9408
5815.6273 
3218.3361 
1893.2421 
1520.7648 
711.4224  
796.9324  
1016.9275 
463.3607  
1326.0862 
3790.5692 
10379.779 
22573.964 
6948.4255 
3605.1634 
2784.1754 
916.0221  
669.6255  
611.1801  
679.7109  
526.1059  
677.6873  
3913.3155 
13155.2843
32554.8134
27461.1044
10829.3923
2846.2287 
1583.089  
1339.5791 
595.7822  
730.8692  
503.3117  
1257.92   
6096.0137 
19632.1026
27889.907 
13120.3061
4915.8596 
3062.7864 
916.8521  
1045.1933 
845.3191  
453.641   
477.8093  
734.914   
5227.1916 
20681.988 
31312.901 
19072.6959
6749.085  
2668.4709 
2586.6215 
1317.4379 
789.1983  
619.3392  
754.5222  
879.3947  
4043.1291 
30640.14  
24061.9012
7408.476  
3291.6412 
1513.8444 
1134.7777 
781.6111  
412.4845  
296.075   
225.1904  
799.6588  
3516.6166 
8670.5855 
16778.9421
5726.0626 
2266.6761 
2019.0548 
2520.0377 
2776.941  
1247.1612 
942.0718  
935.2536  
1159.2042 
5326.6171 
21390.2828
23053.5704
9823.4073 
3656.2619 
1411.8748 
4055.506  
2090.6167 
1148.9196 
800.869   
1097.4018 
1141.9602 
7921.4682 
16178.1075
20535.1493
13859.9098
4264.8173 
1726.9864 
1443.8115 
918.7233  
612.3996  
505.4521  
323.6988  
957.2221  
3028.8644 
11974.7618
27715.4275
10557.3896
4641.6955 
1254.6203 
916.0221  
669.6255  
611.1801  
679.7109  
526.1059  
677.6873  
3913.3155 
13155.2843
32554.8134
27461.1044
10829.3923
2846.2287 
2549.1409 
1493.0741 
1385.0008 
713.8978  
696.7609  
1111.7064 
7296.2582 
16645.393 
30761.3869
15053.4099
5782.1979 
3114.1637 
2862.1072 
1827.7799 
935.2776  
740.7005  
583.3937  
1845.2655 
7630.7322 
19756.11  
29152.8003
12012.3966
4613.5644 
2391.7053 
1494.663  
951.0811  
633.9685  
523.2542  
335.0995  
990.9357  
3135.5419 
12396.5165
28691.5731
10929.224 
4805.1774 
1298.8084 
2844.0187 
1816.2283 
929.3666  
736.0193  
579.7066  
1833.6034 
7582.5058 
19631.2511
28968.5543
11936.4781
4584.4066 
2376.5897 
2511.8276 
1471.2191 
1364.7277 
703.4481  
686.562   
1095.4337 
7189.4583 
16401.7442
30311.1136
14833.0639
5697.5603 
3068.5797 
1445.0178 
744.7209  
557.788   
433.149   
287.5985  
457.7163  
3846.5128 
11037.0192
14075.2986
5224.1369 
2891.0085 
1700.686  
1175.2661 
668.6542  
469.5561  
371.5153  
561.6961  
1399.8935 
8619.2701 
17491.4793
14487.794 
8386.6527 
4018.876  
1889.3126 
3781.945  
2015.414  
914.5012  
679.4187  
598.6312  
908.7907  
4827.6056 
15701.7569
20739.2236
9248.8439 
3467.5432 
2397.0257 
1362.6101 
702.2503  
525.978   
408.447   
271.1971  
431.6133  
3627.1505 
10407.5904
13272.6001
4926.2102 
2726.1375 
1603.6978 
