NaN         
3132.36129  
3470.63544  
2785.40998  
2643.97746  
3392.34356  
5455.26304  
19679.90314 
101129.06973
119254.91947
33490.21145 
13242.93634 
9900.3072   
11739.75958 
5519.51822  
3310.93891  
2974.32778  
4283.45043  
6472.2705   
32768.82181 
66500.46213 
121242.53574
29854.0917  
8181.29148  
3688.97729  
11863.06057 
6082.34705  
3198.96188  
3356.59914  
2749.75771  
3577.77274  
22398.14163 
77334.64689 
100322.70637
28629.41405 
12235.09783 
3352.51414  
1842.06725  
1316.84733  
1578.41769  
3474.9644   
2595.77341  
4065.59846  
11439.59875 
50552.89997 
111465.87153
24646.47803 
14977.95194 
3123.66506  
9148.82937  
4586.9887   
3470.31039  
3516.74404  
3416.28989  
4496.8272   
9118.45014  
99427.51382 
114851.88896
35951.14612 
12143.67236 
6971.44567  
3690.99046  
2585.78429  
1673.26913  
2202.42906  
1790.12458  
3072.04393  
19292.29626 
54684.54386 
67024.04229 
10830.25256 
10260.92849 
4660.00791  
5162.91531  
2201.76118  
2322.95016  
2567.00827  
3303.58069  
5396.00296  
16830.84812 
59279.6347  
98232.90698 
17282.37638 
9027.59048  
10718.70152 
2387.13007  
1907.05399  
3972.90464  
4012.08851  
2873.30238  
3981.9563   
16153.53871 
62656.34612 
135497.62058
67477.84938 
22925.84929 
8605.54446  
5133.86857  
3163.67972  
1956.0421   
4194.48792  
3471.63985  
3911.95385  
14271.65995 
105603.09293
120783.28338
32401.47397 
8566.71764  
7297.3396   
3963.64599  
1810.08824  
5042.08174  
3319.94026  
2837.61384  
3385.17682  
10251.52962 
71259.48156 
113967.95848
58309.75833 
18195.61124 
5718.5604   
7044.39688  
3237.77698  
3396.73118  
2476.57992  
3687.65759  
5290.47563  
10352.88386 
117163.7188 
97380.37471 
15372.40343 
6622.65492  
2158.00619  
1423.91772  
1225.73065  
624.56418   
645.49739   
1560.56234  
2904.66843  
15336.37513 
35953.14922 
63599.29356 
16912.90179 
5677.91058  
3635.8643   
11619.02906 
5957.22888  
3133.15698  
3287.55153  
2693.19326  
3504.17544  
21937.39608 
75743.81873 
98258.99764 
28040.48683 
11983.41325 
3283.55056  
22321.9115  
7755.18135  
4332.68718  
4686.83392  
4706.08856  
3950.8535   
41941.9552  
85637.07589 
113177.05693
55196.5349  
13905.64727 
3602.23173  
1727.63569  
1235.04309  
1480.36437  
3259.09518  
2434.52066  
3813.03831  
10728.9563  
47412.48944 
104541.46962
23115.40742 
14047.50249 
2929.61901  
2387.13007  
1907.05399  
3972.90464  
4012.08851  
2873.30238  
3981.9563   
16153.53871 
62656.34612 
135497.62058
67477.84938 
22925.84929 
8605.54446  
7421.79225  
3660.21879  
2144.65817  
3002.89258  
3560.43602  
4187.68877  
22605.94369 
57589.08769 
135977.14606
47428.68912 
15285.26596 
7783.27418  
11739.75958 
5519.51822  
3310.93891  
2974.32778  
4283.45043  
6472.2705   
32768.82181 
66500.46213 
121242.53574
29854.0917  
8181.29148  
3688.97729  
1788.48353  
1278.54168  
1532.50324  
3373.88149  
2520.2652   
3947.33465  
11106.83333 
49082.37142 
108223.45127
23929.53894 
14542.2597  
3032.80106  
11665.56416 
5484.63481  
3290.01373  
2955.52999  
4256.37898  
6431.36567  
32561.72248 
66080.17844 
120476.28152
29665.41349 
8129.58562  
3665.66291  
7313.15491  
3606.64192  
2113.26549  
2958.93739  
3508.31973  
4126.391    
22275.04659 
56746.1208  
133986.76495
46734.44623 
15061.52612 
7669.34561  
3315.59061  
2322.79173  
1503.08582  
1978.42644  
1608.05624  
2759.59532  
17330.13319 
49122.73873 
60207.22284 
9728.73922  
9217.31944  
4186.05212  
2062.28228  
2665.37392  
2197.63398  
2086.67718  
2046.24812  
4040.91609  
21660.25241 
87577.99755 
68740.69084 
22995.18087 
9566.66927  
3934.04221  
12151.03426 
4388.14154  
3365.08107  
2839.07094  
2561.27747  
3813.89206  
22796.0684  
81262.65766 
99596.40984 
28075.27729 
8087.99494  
5036.5657   
3126.5062   
2190.32553  
1417.36652  
1865.599    
1516.3506   
2602.2187   
16341.81516 
46321.32411 
56773.67255 
9173.92015  
8691.66607  
3947.32627  
