NaN       
858.84    
733.09    
650.18    
501.82    
576.79    
656.93    
930.25    
3530.58   
5204.63   
3258.84   
4399.34   
1453.88   
1822.437  
1250.5051 
794.4788  
402.947   
476.5196  
906.1756  
2892.381  
4041.2666 
2121.4103 
1417.6354 
1337.0088 
727.2913  
653.0976  
640.9025  
481.2918  
365.9277  
375.861   
979.5422  
3675.8604 
11071.0042
16983.8005
5323.593  
3260.3077 
2121.1653 
626.58    
614.88    
461.75    
351.07    
360.6     
939.77    
3526.61   
10621.49  
16294.21  
5107.44   
3127.93   
2035.04   
1376.53   
932.23    
785.85    
686.28    
850.91    
1309.09   
2566.61   
8463.47   
7366.61   
4078.02   
6666.45   
7618.51   
1515.5914 
1040.5255 
557.9639  
521.2227  
873.0035  
772.7967  
2698.437  
12343.9569
10672.5766
3050.4116 
2057.9629 
963.591   
2524.96   
1802.98   
1340.83   
1174.22   
985.79    
1949.75   
3826.12   
7598.68   
5162.98   
3605.95   
2292.89   
2146.12   
1787.11   
1469.75   
898.51    
735.87    
777.52    
1120.66   
1295.21   
2376.2    
3867.77   
1920      
1765.29   
2368.26   
1606.61   
1392.4    
1049.26   
1049.26   
946.12    
1555.04   
4669.09   
32296.86  
14961.32  
7923.97   
3594.05   
1949.75   
2152.1395 
1675.2334 
820.4395  
864.9005  
804.2709  
1058.8926 
2479.9118 
16241.0528
11920.6154
5943.1305 
8608.5477 
3008.9506 
855.5334  
682.0358  
659.8962  
690.0089  
536.4491  
676.0535  
1836.7058 
4321.5342 
13048.3654
11161.8101
13469.1494
4229.7985 
1659.6664 
1364.9382 
834.4349  
683.3932  
722.073   
1040.7428 
1202.8451 
2206.7468 
3591.949  
1783.0797 
1639.4025 
2199.3731 
1124.63   
1116.69   
1009.59   
884.63    
692.23    
1174.22   
2362.31   
3429.42   
3114.05   
2154.05   
1324.96   
1398.35   
829.2916  
707.868   
627.8106  
484.5549  
556.9455  
634.3283  
898.2447  
3409.1104 
5025.5647 
3146.7196 
4247.9807 
1403.8593 
1124.63   
1116.69   
1009.59   
884.63    
692.23    
1174.22   
2362.31   
3429.42   
3114.05   
2154.05   
1324.96   
1398.35   
2019.3194 
1365.1712 
1235.1569 
1111.2366 
1176.2438 
1458.621  
4205.228  
4790.3028 
6939.6366 
4449.0024 
2340.2994 
1657.7086 
1108.5619 
989.4283  
799.9583  
746.5107  
670.6549  
1080.982  
2448.1507 
3203.2839 
2396.4328 
5029.0555 
4244.6126 
1848.1798 
1077.03   
900.3     
575.8     
526.61    
503.21    
707.31    
1065.12   
2066.78   
4869.42   
4327.93   
3326.28   
2296.86   
1945.79   
1507.44   
1110.74   
868.76    
858.84    
1263.47   
1725.62   
4500.5    
4776.2    
2463.47   
3010.91   
1707.77   
2455.54   
1854.55   
1525.29   
1205.95   
829.09    
987.77    
1493.55   
5234.38   
8138.18   
4042.31   
5458.51   
3038.68   
1371.6708 
1193.2016 
849.4776  
322.8662  
543.8598  
846.2625  
1375.6846 
2454.5779 
3238.6815 
2087.5898 
904.4278  
1050.8166 
7278.537  
4744.3754 
2078.9972 
1591.0235 
992.3417  
1695.5915 
3249.7124 
9882.4107 
6491.2276 
4758.7333 
4170.2954 
2353.7415 
1342.81   
1136.53   
1198.02   
1057.19   
1128.6    
1424.13   
4774.22   
30456.2   
13929.92  
4885.29   
2040.99   
1382.48   
1971.57   
1332.89   
1205.95   
1084.96   
1148.43   
1424.13   
4105.79   
4677.03   
6775.54   
4343.8    
2284.96   
1618.51   
2205.8551 
1513.5958 
961.6272  
487.7221  
576.7734  
1096.8237 
3500.902  
4891.4987 
2567.7286 
1715.8883 
1618.2987 
880.3043  
