NaN       
849.72    
322.91    
279.87    
297.72    
223.54    
346.91    
808.86    
5186.78   
17583.47  
7160.33   
2852.23   
773.55    
974.2015  
452.1648  
382.9618  
275.4653  
164.9455  
222.8941  
1023.2498 
4960.043  
8767.8386 
2704.2578 
1575.5268 
909.7069  
589.0053  
426.7159  
405.8382  
413.8953  
334.7102  
345.8734  
1139.9763 
7473.7036 
16551.7167
10800.1675
4107.9546 
1451.328  
565.09    
409.39    
389.36    
397.09    
321.12    
331.83    
1093.69   
7170.25   
15879.67  
10361.65  
3941.16   
1392.4    
816.4     
603.97    
447.27    
356.03    
302.68    
363.57    
811.83    
8179.84   
15439.34  
6230.08   
2876.03   
3877.69   
975.1302  
687.7848  
466.2128  
366.7817  
288.6933  
267.341   
1509.8218 
9732.0639 
22712.6453
9101.2188 
3652.4088 
1144.388  
1475.7    
858.84    
643.44    
442.71    
374.48    
509.16    
2229.42   
7084.96   
18916.36  
11036.03  
3814.22   
1830.74   
1018.51   
648.79    
413.75    
354.64    
322.12    
543.67    
1280.13   
6081.32   
15278.68  
4966.61   
2451.57   
1707.77   
1013.55   
649.59    
452.03    
317.36    
271.74    
328.66    
556.36    
7957.69   
14991.07  
9974.88   
3484.96   
1519.34   
1331.7    
853.3777  
439.1184  
411.2335  
299.4799  
496.7118  
1119.5119 
7739.6026 
18732.6809
10532.3306
5027.7173 
1760.1004 
664.481   
404.8278  
316.0882  
304.9178  
307.1097  
281.7828  
1094.2435 
6345.7032 
19246.491 
16737.7232
5819.218  
1695.1106 
945.8773  
602.5231  
384.2444  
329.3497  
299.1488  
504.8994  
1188.8405 
5647.6449 
14189.1166
4612.4278 
2276.742  
1585.9844 
982.81    
563.7     
430.02    
311.21    
286.81    
345.52    
814.02    
9026.78   
12989.75  
9336.2    
3832.07   
2487.27   
820.4854  
311.8003  
270.2411  
287.4769  
215.8491  
334.9746  
781.0312  
5008.3288 
16978.5107
6913.9788 
2754.099  
746.936   
982.81    
563.7     
430.02    
311.21    
286.81    
345.52    
814.02    
9026.78   
12989.75  
9336.2    
3832.07   
2487.27   
1287.9758 
741.5038  
510.3171  
391.4667  
323.8273  
944.0431  
2356.5537 
7725.8271 
16172.8375
9470.8914 
3205.7234 
1718.6599 
827.1993  
541.3515  
382.0517  
302.919   
225.8463  
548.4182  
1455.0978 
6001.4125 
8127.1652 
4211.8521 
1663.7077 
1134.4209 
768.79    
399.27    
304.26    
240.4     
247.93    
383.01    
1051.24   
5760      
13079.01  
8273.06   
2181.82   
1664.13   
1079.01   
658.91    
415.54    
413.95    
374.68    
465.92    
870.74    
4272.4    
15994.71  
8064.79   
4375.54   
1471.74   
1154.38   
611.9     
404.03    
323.11    
258.84    
304.86    
769.79    
6380.83   
14935.54  
5670.74   
2776.86   
1747.44   
1086.5165 
641.5164  
352.7425  
293.5864  
270.929   
281.7572  
966.7889  
5550.8743 
13323.6958
4674.5232 
1512.054  
941.7251  
2665.3782 
1262.9822 
697.7196  
478.7429  
355.3204  
438.1499  
1902.8773 
8344.6945 
13316.6469
7229.3334 
2790.4442 
1632.03   
721.39    
423.67    
335.41    
300.89    
240.79    
295.34    
1090.71   
7808.93   
20616.2   
9524.63   
2524.96   
1241.65   
1257.52   
723.97    
498.25    
382.21    
316.17    
921.72    
2300.83   
7543.14   
15790.41  
9246.94   
3129.92   
1678.02   
1179.1613 
547.2946  
463.5322  
333.4197  
199.648   
269.7882  
1238.5289 
6003.5743 
10612.4827
3273.2    
1906.9981 
1101.0979 
