NaN       
1688.75   
984.41    
650.79    
529.4     
319.74    
888.81    
2425.82   
10586.12  
29348.02  
13010.16  
6165.9    
1652.85   
1386.0741 
654.4047  
486.0972  
372.0462  
232.9713  
348.5382  
2526.4151 
8001.6778 
12222.8957
5279.5858 
3149.4108 
1837.409  
1046.9491 
684.1171  
643.8001  
721.5364  
1053.7763 
896.4379  
4274.2257 
15763.0026
28508.9857
18982.2117
8122.3609 
3164.4246 
1004.44   
656.34    
617.66    
692.24    
1010.99   
860.04    
4100.68   
15122.98  
27351.44  
18211.48  
7792.57   
3035.94   
1563.19   
928.28    
750.56    
480.8     
474.45    
885.63    
3663.12   
14569.38  
25708.31  
11266.46  
6189.9    
6659      
2242.8325 
1390.5899 
614.5157  
495.8462  
1108.4322 
1369.4315 
6145.3219 
19995.0474
35186.5006
14549.6313
6961.5991 
2527.4823 
2803.87   
1504.48   
1384.08   
703.15    
647.22    
970.72    
5495.28   
13838.07  
30631.94  
17445.06  
7223.1    
3858.1    
1776.82   
761.46    
845.96    
1063.95   
457.2     
1229.97   
3032.57   
9166.14   
23877.74  
8553.44   
4783.8    
3663.92   
1716.92   
1468.78   
904.08    
737.86    
665.46    
921.33    
3085.13   
18598.66  
26104.21  
16630.04  
6802.21   
3075.21   
2153.3722 
1470.7475 
606.4481  
556.7301  
441.3496  
944.3271  
2862.2823 
13818.5103
28038.7688
15565.1012
11105.7794
3536.0129 
992.5539  
664.6921  
601.6715  
659.5041  
481.4217  
582.9302  
2903.4608 
10773.6726
31934.9213
31350.0002
13326.5387
3473.632  
1650.1102 
707.1583  
785.6323  
988.0769  
424.5959  
1142.2576 
2816.3094 
8512.4781 
22174.9548
7943.4714 
4442.6545 
3402.6361 
1856.55   
1280.55   
684.9     
622.42    
482.58    
1154.99   
1723.06   
13144.84  
23239.45  
18469.53  
7879.44   
4270.47   
1630.6486 
950.5414  
628.3996  
511.186   
308.7393  
858.2305  
2342.3597 
10221.9045
28338.3013
12562.5454
5953.7622 
1595.9837 
1856.55   
1280.55   
684.9     
622.42    
482.58    
1154.99   
1723.06   
13144.84  
23239.45  
18469.53  
7879.44   
4270.47   
2436.832  
1378.3939 
1117.5458 
830.6928  
494.6773  
1360.3164 
5969.056  
12937.8316
30204.0536
17267.2359
5515.4192 
3034.0951 
1521.1489 
1238.4042 
679.2861  
691.1769  
568.6012  
1019.103  
3266.597  
9434.2977 
14676.8481
8721.0429 
4023.2948 
2058.7107 
1512.02   
676.97    
737.07    
368.34    
558.16    
752.14    
2011.07   
7917.53   
22665.23  
15734.89  
4827.83   
3154.75   
1948.39   
1383.09   
837.23    
864.21    
531.97    
1061.96   
2107.47   
7577.36   
25038.88  
12878.85  
7445.85   
2977.23   
1668.12   
1140.51   
823.94    
437.36    
374.29    
673.6     
2161.02   
11700.25  
25910.62  
10708.31  
6423.56   
3327.91   
1395.1573 
752.6299  
448.4073  
397.2688  
491.5283  
672.616   
2919.4652 
9024.0974 
22218.0158
9042.9432 
3220.6749 
1957.4686 
4478.7172 
2186.4596 
983.9482  
720.4814  
598.6922  
854.3649  
3914.6744 
14054.1222
22234.8943
11539.8177
4663.6546 
3197.2733 
1389.84   
984.01    
1000.87   
783.68    
732.9     
1175.22   
4912.13   
20881.27  
32261.19  
16848.22  
5112.07   
2668.99   
2379.21   
1345.8    
1091.12   
811.05    
482.98    
1328.15   
5827.91   
12631.9   
29489.84  
16858.93  
5385      
2962.35   
1677.6868 
792.0833  
588.366   
450.3201  
281.9856  
421.8663  
3057.9414 
9685.1312 
14794.4408
6390.3449 
3812.0076 
2223.9769 
