NaN         
1836        
1281        
1585        
3465        
2529        
3447        
7757        
41124       
115515      
32624       
16929       
3266        
2979.99405  
2037.47249  
1360.85548  
1779.1894   
1413.35893  
2110.29985  
10599.76856 
36042.76978 
56276.92093 
11615.11748 
9396.42342  
3947.92051  
1978.32564  
1793.83478  
3649.16652  
3816.98023  
2964.36149  
3437.57532  
9790.52302  
68120.90197 
132819.86345
65945.57763 
23416.78806 
4390.25689  
1898        
1721        
3501        
3662        
2844        
3298        
9393        
65355       
127427      
63268       
22466       
4212        
2535        
1397        
1778        
1489        
2527        
3608        
6253        
52853       
103683      
32041       
15205       
28579       
5903.4157   
2554.13879  
5491.30143  
3371.57957  
2573.5324   
3429.76041  
15031.01952 
69135.32022 
164246.44528
48645.9684  
19986.08756 
6057.59493  
7299        
3513        
2125        
2955        
3424        
3504        
15129       
46235       
139073      
61959       
17050       
8032        
5608        
2334        
2542        
2790        
3509        
4987        
12441       
52565       
110967      
24936       
11122       
12217       
8975        
3609        
3173        
3060        
2877        
3178        
6304        
54204       
123472      
79503       
19922       
4336        
7607.47279  
4636.6156   
2230.18052  
3243.89894  
3474.15056  
4220.94011  
11021.51341 
49773.0649  
123890.65402
54017.4377  
19905.55824 
5669.69145  
2362.76877  
1841.95421  
3961.40806  
3973.47326  
2781.02911  
3353.12078  
10879.7961  
50624.58307 
139467.70504
88713.42104 
25736.08177 
8937.29854  
5208.07858  
2167.55624  
2360.72321  
2591.03767  
3258.76386  
4631.36375  
11553.79915 
48816.44983 
103053.64765
23157.74742 
10328.86055 
11345.77319 
2482        
2288        
1954        
2235        
3270        
3592        
8162        
70006       
130126      
67225       
18203       
8352        
1772.83242  
1236.92719  
1530.46807  
3345.78667  
2441.98975  
3328.40596  
7490.12039  
39709.12867 
111540.70612
31501.57119 
16346.55771 
3153.63326  
2482        
2288        
1954        
2235        
3270        
3592        
8162        
70006       
130126      
67225       
18203       
8352        
7754.36182  
5833.95125  
3193.51475  
2358.77629  
5669.052    
5402.75507  
20744.53102 
78433.66451 
169747.90679
77464.75337 
22561.49547 
9125.79102  
2088.70704  
2803.1961   
2780.59669  
2959.65355  
2706.714    
6260.90588  
11796.02301 
37834.88982 
51030.33786 
26406.54183 
9433.51542  
7911.53205  
5753        
2884        
3257        
3110        
3174        
3881        
12914       
47929       
104542      
55973       
11620       
9408        
5739        
3712        
3613        
2655        
3379        
2987        
5815        
30531       
128433      
39004       
16151       
5303        
4389        
3428        
2013        
2406        
1901        
3561        
7274        
58753       
127663      
33204       
14300       
6258        
5197.76783  
2870.34874  
2481.0975   
1948.27827  
2136.33212  
3686.25978  
7570.68382  
32675.87211 
99870.74621 
28648.89112 
4998.59252  
6122.87142  
13330.45702 
4698.1178   
3719.21405  
3116.57319  
2747.54612  
3560.0259   
17018.66038 
72777.92778 
113631.39569
40913.42189 
10063.99888 
5797.9632   
1763        
1533        
2409        
4684        
3772        
4169        
8239        
53341       
125100      
42146       
9162        
3697        
7571        
5696        
3118        
2303        
5535        
5275        
20254       
76579       
165734      
75633       
22028       
8910        
3606.9477   
2466.13133  
1647.16253  
2153.5087   
1710.71205  
2554.28066  
12829.82788 
43625.71976 
68116.88437 
14058.79358 
11373.31391 
4778.51383  
