NaN       
1954.556  
1366.7383 
1280.8948 
1201.5498 
1022.2458 
1432.7434 
2732.1803 
4387.7294 
4159.1563 
1774.0014 
1013.8699 
1148.1515 
748.8195  
655.0225  
364.882   
433.5085  
457.4832  
1398.1203 
11332.3299
8466.1964 
5120.2561 
2051.4108 
1313.106  
1639.7132 
1976.849  
1376.0577 
1240.5281 
1136.2146 
1253.861  
1623.6243 
5031.6243 
5662.2011 
6818.8437 
3806.9691 
2053.4848 
1508.6435 
1455.0942 
1246.8186 
1086.7873 
876.0741  
707.5315  
1341.0562 
4334.2001 
9067.3387 
12090.9487
3354.3306 
4779.0935 
3212.4184 
1931.7445 
1144.8318 
560.3042  
691.4797  
815.7012  
1068.328  
2228.004  
17555.4036
6892.6375 
2065.8157 
1240.4406 
779.0218  
1954.556  
1366.7383 
1280.8948 
1201.5498 
1022.2458 
1432.7434 
2732.1803 
4387.7294 
4159.1563 
1774.0014 
1013.8699 
1148.1515 
1215.7183 
1088.8748 
772.4156  
298.876   
524.8722  
852.8306  
1490.226  
2626.7196 
2881.0901 
1617.2474 
718.4699  
865.8047  
853.7002  
809.8328  
690.0028  
597.8428  
494.6136  
1020.7051 
1251.1229 
1928.7605 
1480.9487 
1067.7456 
4994.211  
3211.6822 
2174.1183 
1573.4465 
1251.1031 
1176.1695 
1174.3558 
1373.6031 
3113.7165 
3391.1693 
1499.4046 
1099.2323 
973.1302  
1052.188  
2015.0561 
1402.6531 
1264.5041 
1158.1745 
1278.0947 
1655.0045 
5128.8718 
5771.636  
6950.6333 
3880.5475 
2093.1731 
1537.8015 
1593.4907 
1228.4688 
909.1755  
900.9817  
726.4541  
902.2945  
956.7148  
3823.8806 
4679.9317 
3492.5484 
4923.6697 
4186.0402 
3512.8401 
1979.449  
1258.3921 
969.0888  
1477.2242 
1422.6551 
4110.9021 
5930.3586 
3065.4935 
2001.4172 
880.4582  
560.3368  
1715.1615 
1493.5948 
1184.0205 
1138.628  
1221.8783 
2263.1253 
9426.8949 
21720.8906
8447.1912 
3409.6303 
2554.2011 
1903.1256 
6616.7349 
4440.7847 
1938.9632 
1510.6421 
982.3007  
1752.6512 
3610.7277 
10847.1681
5922.8673 
3781.2836 
3397.9584 
1989.1538 
850.6486  
747.612   
660.6745  
519.1241  
622.0699  
739.8294  
1126.128  
4222.1903 
5174.0819 
2821.2995 
3905.5035 
1338.6789 
1952.3463 
1365.1932 
1279.4467 
1200.1914 
1021.0901 
1431.1236 
2729.0915 
4382.769  
4154.4543 
1771.9959 
1012.7237 
1146.8535 
1687.8412 
924.0473  
638.3178  
617.0976  
597.7862  
1120.0542 
2683.9382 
3868.9718 
3517.1479 
1538.2592 
1572.1333 
845.1596  
2367.0209 
1840.6646 
1508.4243 
1214.1427 
870.2426  
1082.6436 
1759.6449 
6092.2002 
7873.8639 
3405.9082 
4716.076  
2723.0148 
1237.8695 
1137.5756 
916.4278  
870.6353  
815.4504  
1372.4861 
3341.2058 
4318.8107 
2685.8743 
4908.5088 
4248.1962 
1918.5321 
1936.9426 
1545.0476 
1134.3556 
903.2458  
930.9291  
1430.08   
2099.5012 
5409.2293 
4772.0921 
2143.4646 
2686.3968 
1580.3749 
888.2186  
933.6642  
749.2001  
665.6879  
681.8757  
959.2328  
2309.7378 
20445.9237
29093.363 
8929.8547 
3306.0063 
2307.8545 
1455.0942 
1246.8186 
1086.7873 
876.0741  
707.5315  
1341.0562 
4334.2001 
9067.3387 
12090.9487
3354.3306 
4779.0935 
3212.4184 
748.8195  
655.0225  
364.882   
433.5085  
457.4832  
1398.1203 
11332.3299
8466.1964 
5120.2561 
2051.4108 
1313.106  
1639.7132 
1234.2024 
1075.5578 
1129.6708 
1014.8696 
1129.524  
1488.3192 
5363.2055 
33798.8083
12850.6763
3924.7358 
1681.374  
1181.2468 
825.9041  
725.8647  
641.4562  
504.0234  
603.9746  
718.3086  
1093.3702 
4099.3714 
5023.5735 
2739.2309 
3791.8967 
1299.7382 
