NaN      
729865.5 
643840.6 
520903.4 
501336.1 
676305.6 
800420.2 
2052145.7
5521780.6
4517683.8
1930083.1
771160.2 
611756.8 
474008   
570693   
391527.2 
383981.6 
374086.4 
794415.6 
1191961.2
3510028.3
3647188  
1248261.7
718603.2 
878713.9 
671839.7 
496626.1 
437150.4 
320706.4 
535025.7 
920410.6 
2274817.2
3742882.3
4303717.1
1898174.7
847738.9 
670450.5 
470280.5 
578812.5 
419306.6 
433861.6 
371716   
1242149.2
1990093.5
5261656.9
5230976.5
1599884.4
1228129.3
1193261.3
576161.4 
652155.9 
387163.5 
301786.9 
421767.1 
596642.4 
1526718.7
4018457.3
3219434.4
786725.6 
467004.2 
323718.4 
688459.7 
607315.1 
491352.2 
472895   
637938.3 
755011.7 
1935725.9
5208526  
4261392.3
1820588.1
727411.8 
577051.4 
315910.8 
284367.4 
215022.4 
205171.4 
238334.4 
420322.1 
931500.2 
1503836.7
2050632.2
936704.8 
433217.2 
243078.6 
650947.4 
414450   
333799.1 
293490.8 
297310.1 
765699.1 
997049.1 
2552505  
2463569.5
1098654.1
950013.8 
397103.2 
440497.8 
378451.4 
347305.4 
389153.6 
412706.9 
605037.9 
1447861.5
2951451  
1935618.2
711914.9 
431281.3 
395693.5 
686515.5 
507474.6 
446699.6 
327712   
546713   
940516.3 
2324509.1
3824643.1
4397729  
1939639.1
866257.2 
685096.1 
698741.7 
460879.5 
370480   
310155.1 
423261.8 
811289.7 
1384212.9
3824276.2
4069610.1
2263255.5
1470627.3
1023460.6
807699   
550829.8 
369227.3 
333107.7 
787599.5 
610615.2 
3126258.7
4658266.4
3513780.3
1984604.5
814374   
393325.8 
977572.4 
794452.9 
515142.4 
343468.1 
559053.9 
969756.5 
2263580.3
3567937.5
2354659.5
884895.2 
740832   
462249.1 
683948   
513681.7 
428397.3 
372576.7 
351221   
1037934.8
2959964.2
4626032.8
3288650.3
1234672.7
666344.7 
470840.4 
323932.8 
331210.7 
325883.8 
350333.9 
324517.6 
449327.3 
598656.4 
1270017.8
3120102.3
1130490.7
805135.1 
338149.1 
658584.4 
580961   
470030.3 
452374   
610255.4 
722248.5 
1851726.4
4982505.4
4076471.9
1741584.8
695846.2 
552010.6 
252404.3 
276871.3 
194685.8 
195399.2 
207582.7 
292997.1 
662883.7 
2271935.3
2257648  
1132315.9
668827.5 
269244.8 
567505.9 
431666.4 
243050.2 
306519.9 
392846.6 
597548.6 
1159504.9
2660422.6
3119734.5
1108127  
801356.5 
733032.3 
467037.2 
524479.8 
420107.7 
361103.8 
405243.5 
1060419.6
1746866.1
2885329.2
2038948.7
1010895.8
525890.7 
570267.8 
204952.8 
266241.1 
187111.8 
252467.4 
312687   
464942.1 
598342.9 
1920744.5
3600394.4
1079319.8
1037499.5
316880.8 
593440.5 
483159.3 
451907.3 
401771.4 
536611.2 
1263037.7
1284431.6
3616762  
7089242.1
4561547.2
1666288.8
658768.8 
482534.2 
593894.1 
430232.1 
445166.4 
381401.5 
1274514.9
2041947.8
5398755.6
5367275.9
1641571.3
1260129.7
1224353.2
605025.7 
728434.9 
499746.9 
490115.6 
477485.4 
1013995.3
1521424.1
4480214.3
4655285.6
1593286.3
917228.1 
1121593.9
279135.7 
337427.8 
297295   
395598   
551713.4 
640937.4 
1649256.4
4353090.5
4141550.3
1376970.5
516577.7 
572088.8 
360549.2 
368649.8 
362720.7 
389934.6 
361200.1 
500117.9 
666326.7 
1413576.7
3472789.1
1258277.9
896145.1 
376372.4 
