NaN       
1688.591  
1428.8528 
635.487   
779.5766  
536.854   
1341.7517 
6502.2713 
20940.4476
29748.578 
13994.6845
5243.468  
3266.9001 
1210.7115 
964.6109  
804.9955  
727.6938  
529.6222  
1257.0905 
7900.0762 
24195.146 
28085.4654
9993.6793 
3957.5458 
2812.4003 
2247.24   
1387.5894 
1134.3462 
855.4982  
540.1878  
1580.2444 
8039.0846 
15785.9436
30767.1275
15113.8752
4478.5497 
2484.2022 
3370.6743 
1252.0962 
1031.7713 
608.8428  
539.9785  
1689.2621 
5330.4795 
24297.7514
40255.3383
13313.6441
7700.1048 
3307.1866 
2560.6127 
1304.1909 
781.2628  
613.1117  
746.9354  
870.5522  
4002.4749 
30332.0492
23819.9555
7333.9828 
3258.5433 
1498.6225 
1688.591  
1428.8528 
635.487   
779.5766  
536.854   
1341.7517 
6502.2713 
20940.4476
29748.578 
13994.6845
5243.468  
3266.9001 
1154.0989 
679.6127  
408.2741  
366.9946  
481.4615  
700.8782  
3526.9469 
9876.6155 
20301.2441
7100.0046 
2345.8587 
1437.6323 
1549.796  
923.0204  
611.012   
430.7148  
253.9346  
467.4755  
3167.6694 
12661.9377
15771.765 
9459.1292 
4159.9361 
1609.3651 
2116.1264 
1274.8118 
1033.9754 
664.8541  
562.809   
1022.7327 
4555.0759 
19299.8099
16248.7558
6396.1193 
2689.6491 
2215.4127 
2290.673  
1414.4077 
1156.27   
872.0327  
550.6282  
1610.7862 
8194.4582 
16091.0428
31361.7721
15405.9852
4565.1078 
2532.215  
1298.9908 
1045.2945 
827.7652  
644.3995  
545.7826  
763.6312  
1970.1687 
10829.8687
23635.4643
17362.7945
8228.9484 
3929.2319 
3929.162  
2025.4862 
1113.1265 
775.9189  
1063.2137 
1106.3839 
7674.6851 
15674.0996
19895.4034
13428.1224
4131.9525 
1673.1844 
1777.1954 
1464.5145 
802.9158  
628.0384  
685.4451  
612.6112  
8515.7432 
21266.6016
14641.8063
5753.5617 
2912.6382 
1527.1772 
3818.4902 
2034.889  
923.3381  
685.9839  
604.4158  
917.5724  
4874.255  
15853.4839
20939.6279
9338.216  
3501.0502 
2420.1883 
1539.4437 
979.5758  
652.9624  
538.9311  
345.1393  
1020.6246 
3229.4841 
12767.9214
29551.1848
11256.6682
4949.1426 
1337.7213 
1686.682  
1427.2375 
634.7686  
778.6953  
536.2471  
1340.2348 
6494.9203 
20916.7739
29714.9465
13978.8632
5237.5401 
3263.2068 
1551.6474 
1091.5968 
492.8749  
448.7296  
561.6575  
602.6256  
3194.6108 
12781.8049
16897.6555
10226.8515
3530.868  
1277.6773 
1487.8504 
1110.4354 
808.878   
435.6324  
395.3034  
756.8165  
2814.9227 
13807.3531
25527.362 
9065.254  
5044.7636 
2635.3352 
1540.7012 
1369.2092 
757.2689  
781.7882  
681.9444  
1300.2366 
4831.9013 
12642.7163
16420.1252
8383.8472 
3588.0866 
1851.2924 
1871.1949 
1449.956  
884.9993  
926.8525  
604.9606  
1284.7379 
2955.824  
9628.1818 
26561.5879
11739.4449
6296.381  
2538.5621 
1788.825  
706.4224  
426.1293  
341.662   
375.1939  
939.2332  
2836.8881 
14823.2893
36809.9746
25509.6175
8576.5383 
3619.9473 
3370.6743 
1252.0962 
1031.7713 
608.8428  
539.9785  
1689.2621 
5330.4795 
24297.7514
40255.3383
13313.6441
7700.1048 
3307.1866 
1210.7115 
964.6109  
804.9955  
727.6938  
529.6222  
1257.0905 
7900.0762 
24195.146 
28085.4654
9993.6793 
3957.5458 
2812.4003 
1253.6435 
968.8829  
993.6697  
789.4009  
782.8092  
1335.3385 
6470.781  
24920.2049
32143.1071
14424.2297
4060.1405 
2137.431  
1494.663  
951.0811  
633.9685  
523.2542  
335.0995  
990.9357  
3135.5419 
12396.5165
28691.5731
10929.224 
4805.1774 
1298.8084 
