NaN       
1719.67   
914.38    
633.92    
601.98    
559.34    
1003.64   
2237.36   
3264.79   
3570.25   
1793.06   
1787.11   
926.28    
2169.8703 
1466.9519 
1327.2443 
1194.0852 
1263.939  
1567.3689 
4518.75   
5147.4452 
7457.0231 
4780.699  
2514.7811 
1781.2996 
2015.21   
1368.6    
1287.27   
1186.12   
967.93    
1299.17   
2304.79   
3746.78   
4272.4    
2092.56   
1166.28   
1273.39   
850.8591  
772.4761  
575.505   
396.7986  
418.5239  
721.5107  
987.5277  
3178.0442 
2493.6978 
940.6166  
414.4696  
329.3807  
1669.4727 
1446.8812 
1090.315  
1090.315  
983.1394  
1615.8849 
4851.7801 
33560.5571
15546.7198
8234.0155 
3734.6764 
2026.0389 
1681.98   
1322.98   
1176.2    
1162.31   
1086.94   
2328.6    
3828.1    
6682.31   
4153.39   
2733.22   
1606.61   
1269.42   
1047.27   
935.21    
924.3     
548.23    
396.3     
866.78    
1374.55   
1957.69   
2193.72   
2100.5    
2098.51   
2280.99   
653.0976  
640.9025  
481.2918  
365.9277  
375.861   
979.5422  
3675.8604 
11071.0042
16983.8005
5323.593  
3260.3077 
2121.1653 
1787.11   
1469.75   
898.51    
735.87    
777.52    
1120.66   
1295.21   
2376.2    
3867.77   
1920      
1765.29   
2368.26   
786.634   
872.2257  
611.9756  
467.833   
462.9538  
789.0736  
1880.6704 
3647.4883 
6837.5069 
3984.9862 
4257.4344 
1569.5983 
1128.6    
1100.83   
1084.96   
1140.5    
850.91    
1156.36   
2465.46   
5032.07   
2743.14   
1311.07   
1225.79   
1009.59   
2192.8737 
1901.4221 
1515.5156 
1415.0109 
1065.2812 
2403.9153 
9476.9835 
19283.5917
8540.3378 
5081.1938 
6558.516  
3057.1555 
1217.85   
1209.92   
904.46    
708.1     
829.09    
1793.06   
2092.56   
3534.55   
4911.07   
3185.46   
2989.09   
2098.51   
1449.92   
1084.96   
1412.23   
1110.74   
928.26    
1564.96   
4234.71   
5101.49   
3211.24   
3649.59   
3826.12   
3054.55   
2162.859  
1875.3966 
1494.7722 
1395.6431 
1050.7003 
2371.012  
9347.2684 
19019.6499
8423.443  
5011.6456 
6468.7471 
3015.3111 
1920      
1568.93   
1340.83   
825.12    
1003.64   
1799.01   
4310.08   
4284.3    
4058.18   
2820.5    
2037.03   
1301.16   
2455.54   
1854.55   
1525.29   
1205.95   
829.09    
987.77    
1493.55   
5234.38   
8138.18   
4042.31   
5458.51   
3038.68   
1650.9221 
1298.551  
1154.4813 
1140.8478 
1066.8695 
2285.6022 
3757.4137 
6558.9204 
4076.6972 
2682.7508 
1576.9438 
1245.98   
1965.3988 
1522.6313 
1121.9335 
877.515   
867.495   
1276.2027 
1743.01   
4545.8539 
4824.3323 
2488.2957 
3041.2525 
1724.9801 
1003.64   
858.84    
793.39    
725.95    
626.78    
969.92    
1854.55   
4383.47   
2100.5    
2917.69   
2701.49   
1745.46   
1440.1943 
988.2209  
627.8427  
318.4319  
376.5731  
716.112   
2285.7254 
3193.6407 
1676.4601 
1120.2968 
1056.581  
574.7473  
6856.4948 
4469.2752 
1958.4477 
1498.7689 
934.8013  
1597.2735 
3061.2795 
9309.3842 
6114.8371 
4482.8007 
3928.483  
2217.261  
2983.14   
1646.28   
1180.17   
1100.83   
789.42    
1908.1    
8054.88   
19041.32  
20657.85  
10589.75  
8376.2    
4276.36   
6745.9736 
4397.2341 
1926.879  
1474.6099 
919.733   
1571.5268 
3011.9341 
9159.3243 
6016.2708 
4410.5415 
3865.1589 
2181.5205 
965.95    
1008.2    
549.22    
874.12    
892.17    
1150.41   
2471.41   
4244.63   
4907.11   
2495.21   
2356.36   
1650.25   
