NaN       
3579.8754 
2822.2191 
2002.2612 
2169.8667 
1957.2358 
1992.7206 
7361.1948 
32559.6636
32649.1788
13646.6994
5294.351  
3691.1298 
7066.8861 
4066.4873 
3973.95   
3688.1521 
3328.3941 
5999.8152 
18808.3987
49775.8958
70009.1588
27071.3709
6827.9134 
7530.4892 
6646.9176 
5499.6231 
3242.066  
3386.544  
2956.6804 
3369.585  
18288.2418
66602.5666
73552.9196
26955.6886
7180.9148 
6414.7294 
3667.8999 
2754.6412 
2967.0147 
2534.1244 
2285.5635 
3377.6075 
12848.5953
34054.1013
69318.4349
28297.5576
6774.7707 
3481.9868 
4819.1972 
3833.576  
2875.2232 
2521.8671 
2386.6997 
3061.1351 
7069.8845 
38645.194 
62576.7451
33993.0701
9635.9417 
5712.7282 
4343.026  
3514.301  
2310.1595 
2751.2099 
2716.9549 
3948.8654 
11518.2283
58041.7922
62851.793 
23355.5419
7252.7372 
4755.0976 
3371.152  
2789.7294 
2541.2369 
1845.7632 
1574.639  
2672.0882 
6698.4291 
17026.2416
34110.9766
10278.9392
3353.8162 
3366.1536 
2866.528  
2227.4199 
2237.9019 
2537.474  
2267.1148 
2574.0471 
9295.6088 
35526.6009
63797.6821
28243.0053
9523.9577 
4100.3357 
4470.7236 
3000.3174 
2505.653  
2227.9832 
2338.1466 
5634.739  
10301.9875
26327.8522
52126.9438
12368.3354
5396.0449 
5429.6652 
2622.0561 
2652.3303 
2033.7745 
1445.6554 
2037.5562 
2616.6683 
12087.5889
39522.5313
63332.9353
31844.1477
8457.1747 
4789.4922 
6437.2223 
4201.8208 
3418.7956 
3347.2509 
2855.4229 
4345.1285 
12095.8822
39178.9511
33541.8518
8345.6442 
4667.4667 
3815.6141 
5994.5351 
3903.723  
3586.4259 
3337.4283 
2969.0976 
4664.8863 
6899.6339 
26342.5125
37031.722 
20832.4253
7982.6368 
4014.9559 
3081.5614 
2880.8116 
2470.9616 
2121.4495 
2255.3356 
4403.483  
11498.2148
27753.4711
30702.039 
12536.1393
7746.7669 
4555.9346 
2918.6964 
2797.0684 
2597.231  
2178.9511 
2097.6476 
3301.928  
9499.6826 
21537.2897
46184.4652
14901.3607
5934.3661 
5339.1979 
5912.4856 
3850.2913 
3537.3371 
3291.7477 
2928.4584 
4601.0362 
6805.196  
25981.9525
36524.8548
20547.2839
7873.3755 
3960.0017 
4560.6553 
3278.602  
2855.165  
2775.3689 
2572.7547 
3252.8761 
10855.5815
36547.3857
33816.4273
14225.841 
6722.2112 
4986.6312 
4922.6634 
3189.6025 
2537.2897 
2353.6179 
2044.232  
2792.5063 
7665.979  
34396.144 
58483.2394
14990.5189
8318.6885 
5873.7702 
4262.8316 
3449.4091 
2267.5022 
2700.4085 
2666.786  
3875.9492 
11305.543 
56970.0444
61691.228 
22924.2794
7118.8146 
4667.2942 
4136.5776 
3872.7386 
2589.2653 
2305.3714 
2207.0803 
2938.8135 
6938.2125 
18268.1665
51871.9168
18435.0569
8051.6699 
5542.1032 
3726.8724 
3221.5963 
3316.1893 
2915.5625 
2779.1971 
3780.0896 
7649.2582 
29883.2116
31555.2007
13726.317 
6058.4735 
4108.1601 
2748.9707 
2125.8439 
1004.8821 
972.4807  
1121.3202 
1493.2264 
4891.6193 
13175.0343
16411.0351
5635.6839 
3585.9521 
2400.8512 
8025.8387 
5525.6758 
4072.0985 
3085.4838 
2577.6907 
3790.1093 
17399.0453
42468.6423
50646.5427
18873.231 
7200.3828 
5496.8008 
5857.3072 
4082.4936 
3708.7036 
3032.8467 
2872.5008 
2997.2429 
5798.6949 
31204.7961
98348.9169
76336.282 
21818.4703
8641.344  
7896.4686 
5436.6063 
4006.4595 
3035.7483 
2536.1404 
3729.0157 
17118.5864
41784.0814
49830.1606
18569.0095
7084.3184 
5408.1968 
3048.9924 
3187.8372 
3257.1208 
2643.8829 
2424.0717 
2809.0884 
8347.5484 
27769.5969
53295.0055
15964.0193
7269.9341 
4368.2958 
