NaN      
60324.99 
59331.84 
45752.82 
44126.15 
38767.42 
44977.59 
87000.74 
429053.11
495252.46
245756.03
133036.97
71840.3  
104844.38
99229.4  
84680.53 
61714.25 
71742.84 
118373.78
227166.95
580021.4 
894131.26
576938.27
181774.43
129418.48
80642.85 
67013.96 
46983.74 
49286.65 
49927.06 
57878.84 
160669.89
577041.16
676604.68
320601.9 
123724.94
73976.44 
63367.43 
52084.91 
51163.55 
73808.77 
45572.52 
61367.44 
116469.07
372284.81
840328.52
532968.72
209623.23
82773.7  
103584.33
75542.3  
69927.62 
60140.61 
51830.58 
66055.01 
99205.33 
513834.8 
794717.13
461184.04
189585.59
89728.87 
69732.41 
65827.79 
53448.59 
54884.94 
48573.14 
70126.17 
121309.18
652425.78
645184.86
296650.81
138412.54
78026.6  
52618.94 
48552.5  
45227.8  
41175.71 
30639.6  
31629.42 
57475.2  
153888.26
292793.4 
183717.78
77325.54 
59734.98 
63691.95 
53734.14 
54291.57 
39596.03 
41781.83 
58917.62 
96790.09 
391428.53
686829.44
461890.23
186877.26
83357.7  
69128.19 
53608.66 
49300.46 
43494.24 
40464.84 
65311.65 
102746.3 
298185.63
526749.01
160612.33
96095.75 
89837.58 
53033.13 
47957.13 
48234.59 
38169.25 
42542.35 
45528.17 
88609.86 
437829.22
721266.09
428422.96
162863.05
75648.26 
77678.58 
61624.97 
71225.28 
50361.3  
39257.94 
58531.06 
100065.01
366502.72
426560.31
209584.31
91575.65 
77447.81 
106784.34
82518.12 
69350.45 
58815.02 
39927.2  
63974.84 
112191.45
325017.32
394111.22
324386.59
160480.3 
77026.73 
53291.67 
37188.67 
43785.37 
41405.05 
38867.35 
64575.95 
128994.53
305049.37
350726.07
214438.82
117653.11
62455.12 
59422.5  
65340.63 
54597.59 
40357.51 
42540.72 
46579.5  
87885.35 
226713.37
487484.42
309609.45
116084.35
75328.91 
98806.54 
76353.24 
64169.32 
54420.99 
36944.26 
59195.31 
103809.69
300735.47
364667.4 
300151.85
148490.91
71272.11 
42560.67 
73883.64 
41294.49 
40827.17 
35739.36 
47648.48 
92141.2  
324539.41
344655.15
228020.6 
121971.72
80788.06 
93873    
59981.58 
76146.59 
49601.54 
46128.02 
51845.84 
103959.05
386045.65
643451.86
381523.48
162951.01
124339.5 
70695.09 
66736.56 
54186.46 
55642.64 
49243.7  
71094.28 
122983.89
661432.69
654091.8 
300746.15
140323.36
79103.77 
74523.06 
63058.59 
50673.28 
40722.19 
42735.03 
49587.29 
83383.15 
239531.76
714927.92
248764.19
165428.08
82828.65 
38079.41 
57534.32 
58733.8  
46595.17 
39521.32 
46406.11 
74052.94 
347087.43
382544.45
187753.84
91674.26 
70000.4  
49241.14 
33813.85 
26132.33 
24840.35 
24255.88 
30596.87 
63400.37 
134535.58
173548.83
71986.28 
57631.54 
37747.92 
87459.27 
76993.09 
63478.21 
48024.63 
48104.6  
65509.22 
160931.88
459298.71
504510.17
274082.65
121705.15
58165.15 
109077.14
66232.51 
61263.03 
57748.88 
49763.97 
60935.09 
72673.04 
309368.31
992296.41
833610.38
351945.75
140964.38
99834.87 
87887.71 
72460.46 
54820.18 
54911.46 
74778.86 
183703.96
524290.1 
575899.04
312865.71
138926.59
66395.6  
50793.15 
54157.61 
53477.66 
49887.29 
43855.94 
51509.46 
94403.34 
348667.72
714207.34
228936.68
128991.3 
71765.67 
