NaN      
341872.7 
367280.2 
260948.2 
261904.5 
272556.4 
349084.8 
716773.2 
2682012.4
3301147.1
1942663.9
1000707.2
376574.5 
887749.5 
642696.9 
571620.8 
419357.8 
685325.7 
1069808.9
2399650.2
4310504.1
6139166.8
3177044.6
1237405.5
914802.4 
577077.3 
498564.6 
407568.6 
392258.7 
518360.3 
556684.4 
1295316.8
3805111.7
3856096.7
1932989.5
673536.2 
499465.8 
342342   
358093.7 
343749.3 
404109.4 
346220.4 
710210.8 
1418745.6
3032588  
5396682.4
2660140  
856571.8 
441586.2 
1030020.8
524364.9 
368151.2 
346263.9 
401379.7 
728021.8 
1175328  
3740014.6
3961291.9
2191073.6
778725.2 
504772.5 
405701.4 
464416.9 
386799.6 
398770.3 
365734.5 
788296   
971149.6 
3399088.9
3310727.1
1540349.3
743967   
374541.9 
312484.6 
365157.4 
365716   
293068.4 
283334.3 
355312.3 
594625.2 
1094624.8
2031568.5
954281.7 
436602.4 
507552.3 
427096.2 
612845.6 
501715.4 
479669   
506771   
1037320.9
2349499.1
5073428  
6356665.4
3137625.9
1301737.8
489888   
507000.4 
411797.1 
354050.6 
349511   
347195.7 
635499.2 
644874.3 
1543344.6
2928756.7
943172.8 
550410.9 
440132.6 
527156.7 
443383.4 
526699.4 
383482.1 
444326.7 
519015   
703436.7 
2535470.1
4603544  
2747550.4
1460709  
663206.7 
752736.7 
576167.3 
484631.7 
523843.3 
496842.1 
983068.6 
1285967.5
3481734.1
3364458.9
1273784.9
835604.1 
676627.5 
925931.8 
615834.1 
439545.1 
477243.1 
426739.6 
799235.4 
1464339.6
3742014.5
3443020.4
2296298.4
1085145.8
663776   
483323.6 
337317.9 
310519.6 
264531.3 
429275.6 
1032430.2
1522726.6
2108521.8
2255373.2
1268215.1
875820.4 
406150.2 
325630.8 
350105.8 
262898.9 
285016.2 
286936.8 
455470.1 
735701.4 
1399623.6
2805864  
1408394  
682152.4 
562758.2 
615586.1 
409424.3 
292222.2 
317284.9 
283708.7 
531354.7 
973535.1 
2487799  
2289019  
1526645.3
721436.2 
441297.4 
279221.8 
473869.6 
307864.3 
264950.5 
401782   
582620.9 
1064976.6
2151975.4
1772688.2
1057122.4
700280.2 
471109.2 
556171.1 
414322.2 
235714.5 
297268.7 
373214.5 
515123.2 
907167.1 
2272405.3
3300628.3
1375592.8
867538.9 
741817.3 
577160.1 
660690.2 
550270   
567299.8 
520302.3 
1121448.1
1381579.8
4835622.4
4709916.8
2191336.5
1058384.7
532831.9 
266892.9 
339555   
241121.9 
325342.5 
394721.3 
532576.3 
622028   
2179966.5
5061440.4
1780309.9
1492437.6
426103.2 
508899.7 
442344.1 
391550.1 
354562.7 
375645.8 
731547.5 
1112767  
3395110.5
2490908  
1155186.4
867316.5 
477434.6 
258699.8 
216684.7 
156219   
180813.1 
188019.3 
167960.3 
232851.5 
384071.7 
590124.8 
410016.4 
366822.8 
238583.8 
580716.6 
427156.6 
359948.4 
313046.7 
289080.8 
775195.2 
2006338.8
3423316  
3014392.5
1327869.3
624978.8 
412810.5 
771263.3 
553092.3 
477079.9 
364947.2 
422079.5 
856645   
1099765.2
3324844.6
6551031.6
3833753.8
1679121.8
662928.7 
492233.9 
362071.6 
305103.8 
265348.4 
245034.1 
657080.2 
1700636.7
2901711.8
2555095.2
1125544.4
529752   
349911.3 
584163.3 
628136.7 
645296.2 
536782.4 
549229.4 
613358   
812015.5 
2418226.7
4951061.9
2538311.5
1343405.7
554132.9 
