NaN       
848.93    
559.93    
352.86    
317.95    
322.71    
335.01    
701.55    
7108.76   
9724.96   
6515.7    
1935.87   
710.48    
1384.0012 
796.7868  
548.3639  
420.6526  
347.9703  
1014.4265 
2532.2473 
8301.8283 
17378.6079
10176.9963
3444.727  
1846.7951 
1235.7    
747.97    
494.68    
404.43    
347.7     
403.24    
1695.87   
12805.29  
18767.6   
9669.42   
3060.5    
2126.28   
1060.0238 
653.888   
566.1576  
447.3647  
420.3565  
584.4326  
1626.5908 
6888.1325 
18392.0579
11711.0528
3632.9236 
1527.0866 
1053.2077 
675.0069  
469.7168  
329.7775  
282.3725  
341.5197  
578.129   
8269.0549 
15577.6339
10365.1726
3621.318  
1578.7881 
943.74    
598.21    
454.02    
392.33    
360.4     
459.97    
1160.33   
10671.07  
15399.67  
8302.81   
2800.66   
1326.94   
721.39    
504       
345.72    
195.37    
152.73    
250.12    
1187.9    
4318.02   
10956.69  
3808.26   
1340.83   
1142.48   
589.0053  
426.7159  
405.8382  
413.8953  
334.7102  
345.8734  
1139.9763 
7473.7036 
16551.7167
10800.1675
4107.9546 
1451.328  
1018.51   
648.79    
413.75    
354.64    
322.12    
543.67    
1280.13   
6081.32   
15278.68  
4966.61   
2451.57   
1707.77   
745.9702  
443.4368  
364.7437  
301.7236  
229.9496  
338.5229  
1141.8242 
9531.4421 
17727.0999
11450.7466
4235.0678 
1353.2716 
1255.54   
697.59    
425.85    
378.84    
274.12    
471.27    
1991.41   
10202.98  
11974.21  
3798.35   
2116.36   
871.34    
1360.7456 
721.581   
467.3196  
345.9195  
280.9937  
476.1561  
1270.2934 
9509.1373 
12222.5926
8974.4903 
3808.8838 
1692.3869 
476.03    
435.77    
252.5     
185.26    
188.43    
491.31    
1920.99   
6366.94   
9510.74   
4917.03   
2489.26   
1022.28   
554.58    
450.45    
378.84    
262.41    
222.74    
329.06    
1389.62   
6099.17   
16756.36  
7126.61   
2713.39   
1737.52   
1342.1206 
711.7044  
460.9232  
341.1847  
277.1476  
469.6388  
1252.9064 
9378.9821 
12055.2974
8851.653  
3756.7502 
1669.2225 
751.14    
593.45    
382.02    
280.26    
238.61    
353.26    
1968.6    
9318.35   
8792.73   
5422.81   
2477.36   
1283.31   
1154.38   
611.9     
404.03    
323.11    
258.84    
304.86    
769.79    
6380.83   
14935.54  
5670.74   
2776.86   
1747.44   
926.3137  
587.164   
445.6365  
385.0856  
353.7452  
451.4766  
1138.9044 
10474.0276
15115.3135
8149.4977 
2748.9455 
1302.4379 
1089.8838 
665.5502  
419.7276  
418.1216  
378.4558  
470.6153  
879.5149  
4315.4552 
16155.8972
8146.0632 
4419.6346 
1486.5715 
1285.29   
570.84    
424.07    
341.55    
273.92    
335.6     
1251.97   
9970.91   
11135.21  
5877.03   
2407.93   
1828.76   
769.8699  
357.3265  
302.6384  
217.6885  
130.3494  
176.1437  
808.6307  
3919.7105 
6928.8491 
2137.0597 
1245.0717 
718.9026  
2510.8276 
1189.7489 
657.2627  
450.9832  
334.7173  
412.744   
1792.5399 
7860.8317 
12544.4881
6810.1443 
2628.6418 
1537.3976 
1003.64   
699.37    
557.36    
398.08    
297.92    
476.23    
745.39    
4054.22   
18902.48  
18043.64  
6079.34   
1685.95   
2470.355  
1170.5711 
646.6681  
443.7137  
329.3219  
406.0909  
1763.6456 
7734.1213 
12342.2809
6700.3701 
2586.2701 
1512.6159 
607.34    
461.75    
441.12    
389.36    
325.69    
402.25    
1101.22   
6743.8    
19126.61  
7681.98   
3629.75   
1309.09   
