NaN       
1659.79   
1069.7    
479.01    
429.82    
507.38    
511.74    
2339.93   
10334.02  
16364.05  
11525.9   
4289.51   
1539.39   
2618.5107 
1481.1604 
1200.8647 
892.6253  
531.5581  
1461.7352 
6414.0806 
13902.4153
32455.9252
18554.5995
5926.6228 
3260.3029 
1839.5    
1425.94   
628.97    
760.47    
493.89    
1160.35   
4850.25   
17241.55  
29338.9   
16062.36  
6487.23   
4008.45   
1527.9159 
1002.7722 
774.5237  
711.3647  
596.2167  
856.5617  
3208.7483 
12266.6139
30764.2984
19983.9825
6186.6066 
2523.1836 
1784.0989 
1526.2498 
939.4544  
766.7307  
691.4978  
957.3794  
3205.8436 
19326.38  
27125.6038
17280.7327
7068.3638 
3195.5354 
1604.25   
1111.75   
951.88    
728.14    
779.91    
965.96    
3346.36   
16334.89  
23437.6   
14718.34  
5062.88   
2540.66   
1330.33   
839.42    
439.34    
310.81    
222.95    
744.21    
2822.91   
7682.68   
17808.04  
7072.56   
3017.89   
2666.02   
1046.9491 
684.1171  
643.8001  
721.5364  
1053.7763 
896.4379  
4274.2257 
15763.0026
28508.9857
18982.2117
8122.3609 
3164.4246 
1776.82   
761.46    
845.96    
1063.95   
457.2     
1229.97   
3032.57   
9166.14   
23877.74  
8553.44   
4783.8    
3663.92   
1032.0413 
1077.7893 
864.5071  
457.2648  
454.2101  
656.7191  
4028.9609 
17595.7909
31910.0262
22619.5838
8628.0241 
3383.2201 
2121.95   
2047.76   
1277.57   
733.5     
388.17    
1027.45   
3480.24   
15002.98  
19225.44  
9050.5    
4339.89   
2172.52   
2482.1364 
1171.4202 
763.5947  
605.6124  
472.9539  
1379.6549 
5659.3341 
17273.4567
18380.7618
13811.2523
7864.895  
3424.0211 
700.57    
511.54    
381.82    
313.39    
266.58    
1319.82   
3559.78   
11836.12  
15666.26  
9464.26   
5296.53   
2078.11   
1269.64   
528.6     
481.79    
354.45    
372.9     
907.85    
4784.39   
11388.65  
26469.37  
12708.47  
5227.51   
3187.48   
2448.1624 
1155.3865 
753.1431  
597.3232  
466.4804  
1360.771  
5581.8727 
17037.0283
18129.1773
13622.2125
7757.2452 
3377.1552 
1337.67   
697.2     
485.56    
378.65    
539.91    
1264.88   
6717.51   
15047.21  
14928.59  
10057.12  
5194.98   
2422.05   
1668.12   
1140.51   
823.94    
437.36    
374.29    
673.6     
2161.02   
11700.25  
25910.62  
10708.31  
6423.56   
3327.91   
1574.6274 
1091.2214 
934.3034  
714.6948  
765.5089  
948.1234  
3284.5691 
16033.2645
23004.8222
14446.5643
4969.3934 
2493.7464 
1968.025  
1397.0281 
845.6672  
872.9191  
537.3309  
1072.6619 
2128.7081 
7653.7211 
25291.2101
13008.637 
7520.8858 
3007.2331 
1576.88   
785.66    
752.74    
461.36    
400.47    
884.84    
2534.12   
14389.28  
15147.57  
9540.23   
4678.48   
3001.82   
1095.3552 
517.1481  
384.1419  
294.0123  
184.1073  
275.4349  
1996.5181 
6323.3848 
9659.2334 
4172.2316 
2488.8451 
1452.026  
4219.0211 
2059.6788 
926.8944  
678.7047  
563.9773  
804.825   
3687.684  
13239.2012
20945.6154
10870.6874
4393.235  
3011.8811 
2132.26   
839.42    
754.52    
537.73    
421.89    
1060.77   
4735      
13638.92  
33225.17  
29948.23  
10504.6   
3794.83   
4151.0139 
2026.4785 
911.9536  
667.7645  
554.8864  
791.8518  
3628.2414 
13025.7958
20607.9887
10695.4605
4322.4195 
2963.3319 
1232.15   
849.33    
744.41    
731.51    
462.55    
874.92    
3758.13   
11924.19  
31195.26  
13536.77  
6597.71   
2526.58   
