NaN         
3583        
2031        
1079        
2431        
2152        
3583        
5742        
62740       
82866       
43272       
12793       
4588        
8332.49043  
6268.90312  
3431.60813  
2534.63551  
6091.70975  
5805.55898  
22291.14532 
84281.30825 
182403.50934
83240.15967 
24243.57406 
9806.16692  
5497        
3306        
2110        
4494        
3635        
3564        
10399       
92308       
134498      
46085       
10404       
8199        
7472.80054  
3883.31723  
4540.60425  
4024.60322  
3706.19783  
4218.10361  
15800.48373 
53619.05875 
166683.68782
80488.99301 
15482.07833 
4625.58061  
9326.16977  
3750.21133  
3297.15172  
3179.73031  
2989.56997  
3302.34736  
6550.66008  
56324.8698  
128303.15704
82613.75772 
20701.49908 
4505.65706  
2765        
2994        
2375        
3163        
2528        
3536        
10993       
84236       
114463      
46030       
9549        
3923        
1532        
1287        
677         
695         
1642        
2659        
11229       
31579       
71164       
24172       
6929        
4105        
1978.32564  
1793.83478  
3649.16652  
3816.98023  
2964.36149  
3437.57532  
9790.52302  
68120.90197 
132819.86345
65945.57763 
23416.78806 
4390.25689  
5608        
2334        
2542        
2790        
3509        
4987        
12441       
52565       
110967      
24936       
11122       
12217       
3948.49442  
1760.01166  
5060.67418  
3309.88797  
2764.56112  
2869.11627  
6949.8422   
57954.3036  
118077.61399
77163.74945 
20560.46237 
5978.09435  
6811        
2847        
2448        
2789        
3099        
4313        
16463       
75189       
82264       
17462       
8056        
3643        
7915.32978  
4231.7779   
1941.59158  
2473.60389  
3107.96523  
4170.97649  
1336.61759  
53110.02866 
89847.25188 
59778.9296  
19575.01285 
5337.35014  
1720        
1564        
2003        
2421        
3139        
4197        
16012       
50775       
65074       
24920       
12932       
3126        
2104        
1833        
2490        
1827        
2278        
4062        
14473       
38869       
118042      
37194       
10201       
6097        
7806.98966  
4173.85595  
1915.01628  
2439.74674  
3065.42533  
4113.88675  
1318.3228   
52383.09153 
88617.47843 
58960.7127  
19307.08222 
5264.2958   
2158        
2722        
2317        
2185        
2094        
3598        
15425       
74817       
74811       
31965       
11355       
4320        
4389        
3428        
2013        
2406        
1901        
3561        
7274        
58753       
127663      
33204       
14300       
6258        
2713.94398  
2938.71547  
2331.14537  
3104.59487  
2481.32021  
3470.70739  
10790.01309 
82680.57336 
112349.42861
45180.05119 
9372.67671  
3850.56139  
5796.83495  
3749.40779  
3649.41012  
2681.75584  
3413.05198  
3017.10158  
5873.60084  
30838.67709 
129727.28748
39397.064   
16313.7622  
5356.44114  
4038        
2288        
3624        
2606        
3014        
3446        
9725        
65264       
65690       
22152       
13011       
6671        
2354.96226  
1610.12765  
1075.42607  
1406.01753  
1116.91731  
1667.68001  
8376.54521  
28483.0644  
44473.25144 
9178.93218  
7425.59284  
3119.87327  
12557.49737 
4425.69987  
3503.55735  
2935.86031  
2588.23108  
3353.59964  
16031.84218 
68557.93736 
107042.5381 
38541.07833 
9480.44312  
5461.77131  
8072        
4425        
3807        
2516        
3170        
5448        
6279        
37336       
158297      
133101      
33992       
6810        
12355.08047 
4354.3611   
3447.08278  
2888.53657  
2546.51085  
3299.54227  
15773.4216  
67452.83777 
105317.09727
37919.8267  
9327.62589  
5373.73188  
91          
930         
2379        
2838        
2841        
2881        
7431        
42908       
119323      
36430       
14915       
7496        
