NaN        
1034.94443 
1027.6861  
731.64193  
296.4651   
559.39178  
1081.26172 
2555.76351 
3188.60667 
1890.35497 
817.2767   
466.73801  
643.26013  
885.1021   
777.13735  
671.10078  
756.97322  
683.2129   
990.05405  
1595.54064 
1728.00411 
431.80306  
530.79466  
629.81573  
504.12402  
898.39194  
944.83139  
807.93195  
733.07089  
651.63578  
1599.72278 
2652.43579 
2894.28923 
1201.16573 
667.01686  
4010.58642 
2949.68507 
1823.93324 
1620.66533 
793.71501  
892.04858  
929.18649  
1519.66902 
5174.98871 
23697.89135
7815.29162 
2613.42846 
4990.00013 
2068.93176 
612.21809  
599.6487   
485.44105  
416.92268  
585.90866  
1031.9555  
1551.77922 
1036.52204 
666.55146  
144.12557  
902.5778   
1593.00624 
2332.93965 
2011.2893  
1654.20153 
1394.34305 
1073.79196 
1589.17202 
3493.90345 
8562.06937 
5981.24744 
1992.70464 
3547.01269 
2342.2543  
527.90151  
511.95341  
286.21457  
356.0999   
403.76559  
1467.92636 
16094.57144
8510.73851 
2782.08172 
858.49342  
706.40875  
1008.8492  
1281.05716 
990.34248  
834.83758  
777.26304  
1079.5144  
2063.05555 
5881.35444 
13560.89307
5303.45019 
1969.19627 
4243.35725 
5752.35204 
1139.92571 
1161.39622 
938.99534  
934.19268  
940.10783  
1882.32072 
6198.53955 
5671.12246 
1906.29379 
2683.242   
2985.29181 
1541.89001 
875.95499  
992.85142  
897.62858  
838.52813  
734.99524  
1548.74597 
4530.47417 
4598.85597 
1876.31477 
870.53198  
705.84125  
883.65065  
958.59756  
977.1614   
965.76201  
610.69491  
494.49706  
1343.52307 
3097.93886 
3085.16634 
1553.34112 
997.60167  
1313.77454 
1693.92284 
1618.74533 
1267.91744 
805.5413   
435.56984  
576.99062  
1363.0035  
6325.81015 
6180.1712  
1457.66812 
653.35224  
812.25501  
524.11548  
1145.5064  
978.46819  
1273.61574 
1067.94709 
999.73547  
2093.70413 
8237.81051 
6939.16996 
1962.61102 
1496.07851 
2067.49377 
1957.91262 
892.21923  
909.02419  
734.95114  
731.1921   
735.82188  
1473.2914  
4851.59351 
4438.78444 
1492.0551  
2100.17205 
2336.58626 
1206.83646 
2179.85748 
1532.25945 
1248.42999 
916.89279  
871.60353  
1788.69225 
3259.10014 
3228.39488 
948.72831  
797.36436  
1355.39906 
1064.77971 
6149.37653 
4575.57354 
2005.02784 
1635.86492 
1142.90523 
2425.86607 
6760.30914 
14374.96815
4242.49963 
2086.10029 
2409.82745 
1613.38622 
1364.40128 
828.13898  
574.13095  
581.24993  
604.97143  
1348.44598 
4370.86622 
4459.7371  
2191.30898 
738.15684  
969.79609  
596.25478  
1394.74206 
1346.54271 
1071.30124 
1078.8703  
1243.92798 
2740.82593 
15443.36748
25186.60735
5294.24042 
1645.90494 
1584.98259 
1350.63795 
658.61312  
645.09119  
522.22868  
448.51786  
630.30991  
1110.15901 
1669.37593 
1115.07161 
717.06397  
155.04767  
970.97683  
1713.72722 
1257.88831 
1361.38975 
1171.74227 
1202.27725 
1538.83954 
2564.66476 
8422.49308 
9201.7116  
3732.83748 
1561.65715 
1246.90071 
942.32795  
709.8583   
695.28426  
562.8621   
483.416    
679.35288  
1196.53794 
1799.26625 
1201.83278 
772.85708  
167.11157  
1046.52631 
1847.0684  
1045.50913 
818.91774  
520.27998  
281.32421  
372.66453  
880.33156  
4085.69042 
3991.62568 
941.47319  
421.98468  
524.6162   
338.51373  
1403.03397 
1098.95683 
698.19618  
377.52651  
500.10179  
1181.37187 
5482.843   
5356.61166 
1263.42165 
566.28759  
704.01523  
454.2727   
1013.47372 
1149.35676 
859.18673  
717.12875  
940.551    
2526.80718 
4287.76776 
5064.18807 
3161.57002 
1375.45907 
1701.33496 
1416.84493 
6149.37653 
4575.57354 
2005.02784 
1635.86492 
1142.90523 
2425.86607 
6760.30914 
14374.96815
4242.49963 
2086.10029 
2409.82745 
1613.38622 
