NaN      
3702.695 
2927.52  
2332.222 
2318.947 
2299.827 
4581.851 
23394.799
25990.438
19394.371
4170.74  
2120.504 
2727.876 
1927.246 
2288.175 
2021.781 
1888.107 
2828.897 
6039.632 
15023.656
16702.376
4886.389 
1598.84  
1170.576 
1805.346 
3129.885 
2764.369 
1976.176 
2030.484 
2837.392 
6019.471 
25623.254
35304.626
14814.407
4421.971 
5819.749 
3437.895 
5568.49  
3888.449 
3031.943 
3719.753 
4611.734 
16661.917
18641.569
34178.593
25708.654
7641.442 
8109.099 
6331.278 
3262.511 
2342.332 
2346.396 
1637.606 
2854.849 
7077.181 
16943.92 
21473.594
7759.901 
1874.064 
3666.673 
4529.599 
5170.296 
3844.133 
3293.021 
3162.46  
3810.859 
8429.661 
19635.673
49707.241
31487.303
6151.018 
6098.477 
5602.609 
2939.169 
3190.85  
2851.827 
2686.546 
3407.043 
9339.057 
27297.283
75497.872
37361.73 
9123.424 
7616.375 
7654.983 
2795.02  
3530.998 
1486.005 
1599.121 
2668.467 
8443.533 
17343.147
33190.547
18333.98 
4261.67  
3863.045 
12036.393
4479.776 
5538.084 
4049.181 
3253.904 
4338.2   
13540.463
18577.123
22391.097
9649.988 
4684.71  
3525.863 
3313.254 
4604.283 
3963.956 
3917.473 
3747.331 
3734.407 
7745.368 
23640.272
72945.233
37754.109
13532.838
6608.096 
6295.535 
3461.496 
3286.959 
3224.332 
2424.573 
2869.749 
7885.641 
16773.411
24054.645
17954.299
4123.338 
2403.677 
3138.9   
3945.39  
3501.046 
1782.149 
1785.561 
2856.452 
6159.51  
17121.246
26017.539
12073.817
3159.96  
3592.324 
3129.271 
2945.465 
3239.028 
3238.804 
2813.107 
3757.292 
9577.085 
23379.596
29905.475
23891.847
5874.975 
4180.138 
4893.269 
3506.318 
4334.655 
3169.292 
2546.829 
3395.507 
10598.113
14540.304
17525.499
7553.04  
3666.72  
2759.691 
2593.282 
5025.558 
4575.89  
5043.123 
3806.11  
3646.982 
13301.447
19470.245
31218.065
11286.3  
3693.527 
2523.165 
3215.531 
7895.728 
6237.834 
4950.273 
3883.281 
4501.01  
10716.531
41743.62 
57486.359
25541.146
7253.759 
4944.343 
4910.999 
3401.787 
3077.348 
2351.089 
2637.826 
3301.109 
5442.349 
17058.878
42570.996
15903.778
5066.196 
3511.585 
3185.346 
5543.929 
4823.12  
3999.575 
3559.273 
4372.352 
8458.028 
24936.86 
38072.807
13963.725
3712.925 
3434.863 
3413.092 
3509.751 
2519.839 
2524.21  
1761.707 
3071.194 
7613.503 
18227.962
23100.903
8347.961 
2016.084 
3944.54  
4872.86  
3453.022 
3453.369 
3234.503 
3455.249 
4435.299 
8251.804 
33907.34 
50362.606
31977.983
6738.775 
3934.996 
3787.33  
3782.836 
2715.902 
2720.613 
1898.782 
3310.157 
8205.893 
19646.238
24898.331
8997.496 
2172.951 
4251.456 
5252.006 
2548.233 
2261.242 
1151.048 
1153.251 
1844.914 
3978.281 
11058.206
16804.11 
7798.191 
2040.943 
2320.197 
2021.122 
3419.633 
3034.502 
1544.663 
1547.62  
2475.806 
5338.704 
14839.697
22550.484
10464.88 
2738.868 
3113.617 
2712.269 
2620     
2810.554 
2596.005 
2307.475 
3403.447 
10760.377
23840.962
32467.018
13380.935
4163.987 
4597.293 
3517.759 
7895.728 
6237.834 
4950.273 
3883.281 
4501.01  
10716.531
41743.62 
57486.359
25541.146
7253.759 
4944.343 
4910.999 
