NaN      
47332.18 
40064.23 
34393.83 
32358.79 
40695.91 
94353.44 
257118.36
316039.06
248042.17
61123.85 
43474.8  
39336.84 
28758.13 
38644.17 
33683.24 
33161.53 
32983.84 
72024.56 
173777.04
226799.48
63313.81 
28744.75 
30023.26 
27904.43 
52873.65 
52311.07 
42015.5  
38389.69 
44190.01 
106945.82
324284.15
441672.89
191390.49
65686.34 
82573.01 
44450.38 
67164.23 
90457.06 
84690.29 
55141.95 
95887.1  
237015.88
303968.97
497855.69
353801.19
171919.78
136009.71
109896.66
56649.35 
66187.72 
48419.84 
42194.07 
56126.21 
135475.5 
273691.43
418183.41
131052.51
42010.13 
77586.01 
63899.23 
83287.77 
65526.91 
79969.23 
52091.59 
60415.41 
130801.71
295533.3 
570857.83
337876.92
142769.74
109169.99
101313.22
49465.29 
115936.91
68832.05 
61108.3  
51043.45 
193233.31
351609.76
968125.88
509709.19
191138.95
140816.83
102691.1 
52188.56 
60100.13 
50004.56 
41802.62 
56504.77 
138382.67
220605.25
512922.99
265226.4 
64607.22 
89400.83 
146867.47
42720.63 
74420.14 
57561.54 
45249.8  
55043.55 
159163.48
271309.27
363919.49
140404.2 
57436.65 
57522.41 
58473.2  
49324.93 
75364.33 
54641.77 
43751.82 
48947.5  
101601.11
266332.89
734444.02
389842.35
185250.59
137475.02
74998.41 
47956.51 
54485.17 
48791.35 
44419.99 
41222.18 
81970.13 
167837.71
233754.36
157931.48
70620.54 
53215.01 
49997.78 
76599.24 
64766.77 
48117.88 
45738.92 
55700.06 
135341.9 
316003.37
348804.64
159779.09
47230.27 
67695.88 
53926.94 
54835.33 
74242.77 
59636.89 
44082.47 
57950.46 
122225.94
259854.13
348686.78
266239.35
120503.08
80888.9  
63839.24 
42769.55 
74505.36 
57627.45 
45301.61 
55106.58 
159345.73
271619.94
364336.21
140564.97
57502.42 
57588.28 
58540.16 
92218.69 
78459.78 
64484.18 
55119.78 
56658.18 
166057.67
296168.21
466347.68
134415.35
51564.08 
60115.29 
46895.62 
89188.21 
96675.09 
76622.83 
57969.24 
72415.34 
189960.36
525832.33
780630.65
304490.3 
117884.72
93716.53 
54472.96 
57152.66 
69213.09 
51308.46 
49484.27 
54218.63 
121169.79
264098.38
677483.99
277694.83
98201.42 
95173.76 
62506.3  
94511.78 
95538.74 
73046.71 
43843.55 
49648.07 
111918.04
373336.63
499326.68
177507.39
68820.06 
63157.11 
34218.26 
53503.68 
62512.4  
45731.14 
39851.09 
53009.59 
127952.71
258493.69
394962.2 
123775.32
39677.36 
73277.75 
60350.98 
63641.84 
74648.86 
60074.14 
60789.07 
63930.64 
181108.28
365213.57
568620.19
288601.27
128041.64
80345.32 
53412.4  
56196.53 
65658.66 
48032.8  
41856.8  
55677.57 
134392.59
271503.72
414840.71
130004.96
41674.33 
76965.84 
63388.46 
38750.6  
32764.7  
24342.23 
23138.75 
28177.97 
68467.78 
159862.17
176455.92
80830.25 
23893.21 
34246.5  
27280.97 
67533.23 
57101.21 
42422.82 
40325.43 
49107.61 
119323.33
278602.37
307521.39
140868.22
41640.27 
59683.64 
47544.35 
43121.4  
37051.46 
41936.72 
39656.89 
46425.95 
148580.99
334432.39
411388.68
167959.06
73183.17 
71885.7  
46410.68 
70674.47 
76607.22 
60717.42 
45935.95 
57383.32 
150528.28
416679.76
618586.9 
241284.03
93414.14 
74262.8  
43165.43 
