NaN      
383818.9 
384897.4 
294069.1 
280596.7 
375439.4 
954559.1 
2123192.2
2229398.4
1546530.2
666712.7 
443335.6 
278277   
155760   
237640.9 
190847.9 
176909.4 
223495.4 
404085.1 
766658.7 
1200864.4
392672.8 
284142.4 
247943.1 
220741.7 
524657.4 
372139.1 
302844   
266273.7 
310692.6 
1153577.7
1507616.8
2510277  
1232547.1
518758.2 
644948.2 
301579.6 
563244.8 
666053.9 
365504.5 
436672   
486511.7 
1154341.2
1757628.5
3254652.4
2112322.2
886542.7 
1007795  
675946.5 
531651.2 
488224.8 
373711   
219622.9 
474961.9 
1170985.4
1718923.1
2425201.2
1013010.2
403901.4 
499250.8 
584920.8 
757961.8 
642285.9 
365406.8 
460828.5 
680285.4 
1491794.1
2905320  
4335634.5
2586445.3
867042.7 
901504   
922504.8 
530017.2 
710902.6 
492799.2 
483301.8 
542334.9 
1660392.8
2500408.1
4788947  
2531460.8
817681.2 
676797   
925806.9 
352117.1 
386694.8 
293627   
270959.3 
415577   
762341.5 
1459638  
2240970.1
1416519.5
431102.2 
534121.5 
761020.1 
222399.5 
278236.7 
225188.8 
193561.2 
250201.4 
943884.7 
1560581.8
1676497.5
602694.9 
282009   
210932.2 
255876.2 
294769.6 
388625.1 
260666.8 
489155.9 
527747.1 
1700029.9
2919285.8
5488492.2
2333399.6
844899.4 
663204.5 
474584.7 
224697.9 
298677.1 
299134   
239712.6 
272498   
542924.7 
1004804.5
1101954.5
839981.5 
317364.8 
239384.7 
333030.5 
710049.5 
676506.8 
487728.2 
564512.9 
690222.1 
979621   
1501894.4
1475818.3
931331.4 
520481.8 
767695   
597539.2 
328505.5 
401761.1 
301687.5 
327068   
387165.9 
976418.4 
1744161  
1976771.5
1627614.8
657132.7 
524733.1 
518050.3 
336758.5 
421307.5 
340982.1 
293091.4 
378856.3 
1429235.2
2363041.1
2538561.4
912603.7 
427019.4 
319394.7 
387449.1 
764612.5 
568678.2 
543331.9 
403971.8 
441999.6 
1766080.2
2582442.3
3007574.9
953641.5 
426091.4 
391333.9 
291487.1 
755974.9 
632530.9 
533009.4 
463557.7 
503333.9 
2144436.5
6137836.2
6239046  
2256372.6
799484.9 
620366.4 
490373.2 
298767.7 
365105.3 
259403   
260353.6 
318580.6 
648274.8 
1472037.4
3281391.6
1658830.3
785197   
666831.5 
300298.4 
644860.1 
583832.1 
382514.2 
255039.1 
478147.1 
1195743.6
2801283  
2871831.5
964169.7 
341965.6 
411624.6 
287317   
414163.3 
380333.5 
291125.8 
171089.1 
370001.6 
912212.9 
1339063.6
1889263.5
789148.2 
314644.5 
388922.9 
455660.9 
397674.7 
557267.1 
299377.4 
281817.7 
485935   
1247492.3
2307229.2
2474231.4
1267727  
472169.9 
481407.3 
350043.3 
413090.1 
379348   
290371.4 
170645.8 
369042.8 
909849.3 
1335593.9
1884368.1
787103.4 
313829.2 
387915.2 
454480.3 
534153.5 
508920.1 
366906.4 
424669.7 
519237.8 
736945.8 
1129839.7
1110223.2
700618.6 
391546.1 
577518.8 
449514.6 
514516   
490210.3 
353417.5 
409057.2 
500148.6 
709852.8 
1088302.5
1069407.1
674861.2 
377151.4 
556287   
432988.7 
423780.7 
336429.4 
309701.7 
263834.5 
503423.1 
1923635.6
3137566.7
2588268.2
1137075.8
514289.7 
585542   
324954.6 
475219.8 
397620.6 
335059.5 
291400.9 
316405   
1348032.3
3858356.9
3921979.3
1418397.4
502570.9 
389973.8 
308257.6 
