NaN       
747.3957  
606.7709  
341.2201  
302.9295  
329.0548  
511.795   
2930.3199 
8770.2712 
9165.1373 
1607.7614 
536.3096  
465.6036  
362.7949  
308.3372  
226.484   
213.1276  
209.0478  
422.8655  
3223.0547 
7725.8739 
3629.2349 
1083.276  
374.6696  
508.9163  
1087.3143 
924.067   
544.4936  
399.5487  
249.2431  
705.5871  
4376.2839 
10800.2623
8463.2097 
2426.7009 
1089.2262 
495.9575  
1122.0461 
988.663   
520.2935  
519.7374  
445.5234  
1105.1355 
4156.2546 
14978.2239
15783.5333
4437.0956 
2184.2841 
1065.9077 
563.1824  
343.5147  
247.8184  
151.8828  
261.8931  
598.2074  
3695.9312 
11425.1431
5428.7928 
1116.5194 
1057.0116 
1020.4687 
945.1558  
688.8708  
465.1904  
396.8225  
374.1834  
659.1159  
2777.1287 
11999.6656
12228.5662
2321.4768 
1172.3102 
1028.3353 
517.0373  
574.6156  
301.3074  
470.729   
394.5575  
879.1496  
5721.3642 
20534.3167
12154.7565
2704.1271 
1057.3294 
972.0523  
680.9558  
692.6821  
524.6241  
445.4447  
445.7569  
800.7754  
2983.6657 
15671.05  
12877.8885
2598.2417 
1236.9248 
2324.6998 
656.0508  
590.3497  
426.1005  
360.3671  
316.2561  
1148.5394 
5084.9731 
10932.4671
6445.6457 
1670.2076 
680.3593  
646.6651  
796.3294  
628.0207  
489.9755  
378.2405  
410.3137  
739.2701  
2906.2129 
16799.3867
10525.046 
3782.3643 
1600.9973 
1448.5183 
562.8042  
540.6553  
379.2925  
228.6316  
210.3827  
515.2789  
4083.5345 
7737.6525 
8548.0408 
1485.5381 
539.3801  
640.6394  
855.0483  
545.6841  
472.672   
362.6603  
255.6118  
516.5913  
3957.2426 
9999.1863 
7695.4568 
1186.7519 
713.0199  
573.8802  
447.7661  
500.0764  
430.1356  
317.8035  
317.5292  
701.5665  
4943.7014 
11310.8474
13529.0321
2877.0012 
1129.6222 
1008.3115 
513.4906  
462.0664  
333.5086  
282.0591  
247.5334  
898.9611  
3980.0057 
8556.836  
5045.0033 
1307.2706 
532.5169  
506.1444  
1236.9168 
766.2344  
624.2401  
472.3248  
449.8984  
950.0269  
3465.0483 
8745.6689 
5062.3108 
1550.99   
694.4049  
562.8976  
1998.6296 
1302.1872 
735.7274  
538.4768  
470.4268  
867.5667  
6287.1436 
14372.1345
9985.4664 
2710.4521 
1078.899  
879.5883  
645.0131  
584.9694  
377.0176  
362.3654  
432.9199  
672.1422  
2348.6832 
12405.8891
7388.9802 
2475.2996 
758.4149  
387.9952  
821.5328  
738.0971  
425.5154  
354.1886  
344.3813  
758.9431  
6099.2363 
15218.6743
6067.0753 
1182.5452 
580.1491  
437.3566  
605.8614  
369.5469  
266.5986  
163.3927  
281.7399  
643.5407  
3976.0157 
12290.9617
5840.1968 
1201.1313 
1137.1139 
1097.8017 
470.7302  
642.9781  
495.2349  
389.9968  
326.2262  
606.0364  
4930.6997 
12591.896 
11249.4901
2113.6923 
676.1228  
400.1187  
653.0021  
398.3005  
287.342   
176.1059  
303.6614  
693.6131  
4285.3804 
13247.2933
6294.6091 
1294.5886 
1225.5902 
1183.2192 
552.2554  
352.4444  
305.2876  
234.2336  
165.0936  
333.6541  
2555.889  
6458.2368 
4970.3126 
766.4949  
460.5226  
370.6556  
741.1059  
472.9671  
409.6845  
314.3327  
221.5493  
447.7512  
3429.9069 
8666.711  
6669.9728 
1028.6073 
618.004   
497.4058  
316.3642  
398.2109  
235.981   
184.6826  
221.1065  
862.2147  
5625.3209 
9718.991  
6320.732  
1633.9017 
853.0162  
488.3158  
1998.6296 
1302.1872 
735.7274  
538.4768  
470.4268  
867.5667  
6287.1436 
14372.1345
9985.4664 
2710.4521 
1078.899  
879.5883  
