NaN       
930.8209  
691.2437  
417.4036  
395.8292  
576.6176  
1178.9586 
8539.1442 
13762.3878
14744.7396
2962.3379 
1113.8151 
931.7452  
701.2073  
607.3046  
636.924   
467.0941  
985.551   
1194.5027 
6089.0039 
14026.504 
5841.8672 
2106.7208 
913.6183  
853.0927  
1443.0745 
1083.8623 
721.2016  
536.3372  
351.1174  
907.8298  
8854.1703 
20369.4013
13224.7366
4556.3784 
2280.3017 
1204.192  
1746.2416 
1641.8559 
686.1489  
674.236   
629.3118  
2011.863  
10175.7292
25614.9352
22616.8626
6197.5193 
4668.2955 
2045.7748 
1018.3987 
644.5797  
342.3503  
328.2262  
511.0418  
1502.4745 
8119.6885 
18550.6099
9800.799  
2306.185  
2285.9428 
2357.1488 
1344.6773 
1265.6236 
926.6897  
526.5137  
530.5178  
1426.5426 
7636.9464 
21559.2834
20775.8392
4238.3185 
2684.0575 
1913.9186 
908.1656  
912.4796  
765.431   
729.9589  
589.918   
1966.6205 
17788.8068
31355.4975
18971.254 
3877.943  
1747.5854 
1695.2184 
1217.3978 
995.1984  
815.5397  
559.1912  
649.7057  
1812.0235 
12506.6163
25936.2765
19915.0511
4308.1202 
2498.7766 
3699.876  
1234.9895 
1384.0941 
769.4674  
838.0364  
811.7077  
2173.7037 
11626.7224
17508.5043
11852.6155
3476.5039 
1693.1602 
1192.4745 
1574.2256 
1494.7406 
810.2717  
788.1823  
719.5109  
2572.9508 
6405.1843 
25477.915 
19600.9099
7689.5141 
3463.2356 
2583.4211 
1010.3085 
877.5779  
465.5266  
352.5094  
297.7095  
1484.8462 
9398.5863 
13336.9374
13452.438 
2637.2629 
1188.0236 
1444.4973 
1179.8806 
766.8466  
577.3294  
472.9625  
348.7054  
779.4519  
9428.0898 
15569.6426
10349.3541
2206.6344 
1389.6472 
1115.8776 
933.74    
535.169   
494.3659  
389.295   
482.2155  
1754.095  
15425.72  
19145.5864
19363.4124
4589.0636 
1992.8207 
1672.466  
966.6256  
1083.3297 
602.2617  
655.9306  
635.3232  
1701.3567 
9100.2293 
13703.8967
9277.0357 
2721.0577 
1325.2355 
933.3491  
2002.5693 
1328.3835 
957.2542  
929.7343  
838.6908  
1210.76   
7833.7919 
14022.4591
7707.6969 
2553.6678 
1442.8239 
1151.5222 
3281.9219 
2205.5969 
1005.9806 
788.4605  
771.4051  
1644.8001 
12575.902 
23541.02  
16206.8445
4151.9671 
1771.4412 
1671.5272 
1261.3588 
1119.0725 
507.9066  
487.8133  
677.9898  
1021.7182 
7795.7707 
17951.6074
12369.9123
4300.7399 
1689.7442 
834.6302  
1269.4006 
1319.1997 
726.9863  
599.8942  
727.0143  
912.6036  
18259.1751
26243.7803
9417.8501 
2125.9616 
1224.7345 
876.5516  
1095.5749 
693.4271  
368.2942  
353.0998  
549.7695  
1616.3348 
8735.0136 
19956.4097
10543.5218
2480.952  
2459.1758 
2535.778  
730.9152  
1115.6068 
944.9127  
629.202   
559.76    
1624.2583 
11607.9288
19856.5897
17783.6549
3416.4018 
1315.227  
768.5577  
1180.819  
747.3811  
396.9504  
380.5737  
592.5459  
1742.0982 
9414.665  
21509.1722
11363.8891
2673.9891 
2650.5186 
2733.081  
762.0569  
495.288   
372.8833  
305.4752  
225.2206  
503.4295  
6089.3791 
10056.0621
6684.4018 
1425.2127 
897.5401  
720.7188  
1022.6517 
664.6579  
500.3954  
409.9363  
302.2375  
675.5834  
8171.7179 
13494.8574
8970.2161 
1912.5819 
1204.4651 
967.1776  
465.887   
468.2998  
354.2692  
311.2437  
311.7201  
2305.867  
10378.1566
17992.2116
10362.9139
3090.267  
1825.7624 
985.9521  
3281.9219 
2205.5969 
1005.9806 
788.4605  
771.4051  
1644.8001 
12575.902 
23541.02  
16206.8445
4151.9671 
1771.4412 
1671.5272 
