NaN         
4469.73062  
3221.75404  
2519.51523  
1965.34394  
2735.08794  
10334.06276 
25149.12549 
53586.1786  
53045.73028 
9540.21418  
3139.45321  
4752.84549  
1463.93477  
1543.52324  
2225.77382  
2134.38126  
1917.80792  
9502.5192   
37101.40953 
65992.26332 
20972.3205  
5905.035    
3255.47261  
3970.11511  
7156.53091  
3760.91319  
3627.99784  
3614.58535  
3396.81382  
9341.98725  
45329.79376 
85188.56845 
46494.3016  
13548.50959 
9442.58093  
2792.25727  
7284.83059  
5795.57162  
2521.93286  
3643.95094  
4953.09655  
13174.94824 
40765.97917 
90887.96109 
73272.2827  
20029.94997 
13920.49773 
4900.63555  
2420.08966  
914.71093   
774.53401   
1971.87858  
2600.15286  
7719.06193  
29620.52637 
82404.281   
31679.58177 
5272.58318  
10222.36399 
6576.95691  
4176.27191  
4257.85374  
2262.02697  
2685.84498  
2693.33389  
11044.54185 
26735.254   
106609.00789
75026.96191 
12234.54901 
9937.29046  
5374.92841  
2789.93036  
3937.90318  
2951.57207  
2764.29215  
4399.08517  
13475.24112 
46074.16045 
140218.34878
68224.49143 
15343.0887  
9770.1602   
8351.86756  
2496.76573  
1796.19364  
2068.32176  
1720.71733  
3705.64364  
11583.61585 
23788.75199 
99266.53926 
63071.06906 
12220.03866 
10936.71798 
25407.05116 
1854.47453  
3248.75581  
2915.39996  
3082.89319  
3578.21571  
18119.09038 
40454.01983 
64057.67355 
27983.09007 
9078.69118  
6116.74769  
6340.40396  
2417.7461   
2909.34052  
2247.8216   
2554.26864  
4742.63532  
11405.12318 
30711.47979 
130043.6533 
78290.13096 
25358.18825 
12949.76322 
7343.71918  
1359.35995  
1490.6682   
709.36148   
723.35293   
2169.06479  
7690.36523  
38484.55257 
53431.23353 
38998.31056 
8305.05794  
4489.88397  
3287.55036  
2833.81453  
2529.0333   
1528.40535  
1984.88062  
2001.02751  
6541.14874  
38933.6038  
65358.1592  
33052.23962 
4277.00903  
6525.44719  
3388.65568  
1938.22781  
2204.01242  
2708.63352  
1974.33282  
3124.32447  
12196.24427 
51496.04024 
68276.52376 
67157.30758 
13267.03741 
6862.39496  
5069.38402  
1451.4962   
2542.79939  
2281.88195  
2412.97881  
2800.66747  
14181.80211 
31663.33914 
50137.90598 
21902.34926 
7105.88661  
4787.57507  
4962.6307   
7088.34672  
5361.14676  
3433.36248  
2968.37153  
3915.36771  
10066.55815 
33611.81264 
79143.03507 
30544.80553 
7394.26771  
5862.93143  
3032.51767  
11245.89004 
5173.61865  
3705.2623   
3084.32617  
3451.26377  
9789.2196   
55456.56014 
117078.89132
59206.09288 
13365.26911 
6200.35887  
4414.97426  
3205.12883  
2371.50003  
1139.88128  
2551.0807   
2866.11116  
10446.90959 
19839.66271 
107021.48312
45781.70694 
14988.80262 
8357.33232  
3704.44607  
6894.08224  
4716.13824  
1671.6822   
1806.81105  
2680.36992  
8956.19535  
43710.16056 
85938.86019 
29453.69449 
5828.39494  
4672.87675  
2215.31159  
2603.48856  
984.02943   
833.22964   
2121.31121  
2797.19728  
8304.02682  
31865.22503 
88649.03089 
34080.31947 
5672.14935  
10997.03378 
7075.37096  
1779.65954  
3362.46796  
2267.32346  
2599.62572  
3182.41152  
10046.65474 
58955.64731 
93345.11384 
57549.63584 
8835.16301  
4199.41665  
1500.85711  
2806.06004  
1060.5945   
898.06132   
2286.36558  
3014.84079  
8950.14411  
34344.58512 
95546.6087  
36732.03098 
6113.48629  
11852.68776 
7625.88935  
1830.29345  
1633.4425   
987.16069   
1281.98721  
1292.41611  
4224.77249  
25146.2893  
42213.28155 
21347.65597 
2762.41848  
4214.63124  
2188.65216  
2456.18503  
2192.01845  
1324.73255  
1720.37866  
1734.37385  
5669.48592  
33745.37524 
56648.63747 
28647.75206 
3707.06178  
5655.87674  
2937.08895  
1238.11341  
1469.55089  
1702.77469  
2044.40347  
3364.13705  
9847.27505  
44520.14646 
69696.78303 
28930.74571 
6946.16606  
6798.23716  
2031.08252  
11245.89004 
5173.61865  
3705.2623   
3084.32617  
3451.26377  
9789.2196   
55456.56014 
117078.89132
59206.09288 
13365.26911 
6200.35887  
4414.97426  
