NaN        
1364.40128 
828.13898  
574.13095  
581.24993  
604.97143  
1348.44598 
4370.86622 
4459.7371  
2191.30898 
738.15684  
969.79609  
596.25478  
1166.32753 
996.25317  
1296.76543 
1087.35847 
1017.90701 
2131.76003 
8387.54382 
7065.29873 
1998.28412 
1523.27175 
2105.07326 
1993.50032 
1076.51421 
1096.79037 
886.76114  
882.22565  
887.81174  
1777.61146 
5853.72875 
5355.65069 
1800.25095 
2533.97929 
2819.22675 
1456.11814 
908.23034  
925.33687  
748.14003  
744.31354  
749.0264   
1499.73    
4938.65665 
4518.43961 
1518.83043 
2137.86019 
2378.51693 
1228.49346 
1469.26309 
1370.50749 
1171.25529 
768.42113  
1046.97976 
2331.25889 
8121.16462 
5644.6266  
2402.35749 
1119.90522 
1066.17356 
807.83307  
1263.72076 
989.83673  
628.86931  
340.0403   
450.44456  
1064.06844 
4938.42822 
4824.73093 
1137.97114 
510.05849  
634.11057  
409.16604  
803.74945  
894.91215  
882.01074  
988.46154  
826.08788  
1394.54422 
4323.2788  
6169.98798 
1511.251   
484.46605  
597.07496  
583.33531  
1564.48113 
1468.73017 
897.88655  
783.9782   
927.88167  
1661.31315 
2791.86153 
3581.45121 
2619.31465 
872.12171  
1056.98116 
1682.05816 
1610.24082 
1376.27075 
1022.23917 
1060.85435 
919.0262   
1357.91815 
1947.63808 
5509.96421 
3644.88024 
2095.03996 
3796.73893 
3691.70777 
1051.4621  
929.58356  
798.79208  
583.54982  
530.59067  
1017.9832  
2359.54075 
5215.55197 
2023.67773 
673.50083  
1634.23779 
742.76179  
1108.68886 
1057.90979 
676.60164  
659.71268  
706.14376  
1232.96364 
2699.69725 
3662.9681  
3877.63659 
2311.63326 
2341.92417 
1918.26672 
1152.30201 
1174.00563 
949.19012  
944.33532  
950.31468  
1902.75728 
6265.83777 
5732.69446 
1926.99063 
2712.37426 
3017.70345 
1558.63047 
1589.52299 
1492.2394  
912.25856  
796.52694  
942.7338   
1687.90495 
2836.54945 
3638.77768 
2661.24069 
886.08132  
1073.89972 
1708.98202 
1705.27234 
1508.05548 
1111.19351 
926.57684  
1026.05827 
1875.08648 
3723.72489 
6790.71572 
3238.0852  
1120.21629 
1804.79424 
1214.28253 
682.41817  
668.4075   
541.10422  
464.72918  
653.09196  
1150.28482 
1729.7142  
1155.37499 
742.98168  
160.65174  
1006.07201 
1775.66852 
1014.40145 
896.81874  
770.63723  
562.98157  
511.88906  
982.10257  
2276.37454 
5031.72057 
1952.34961 
649.76209  
1576.63617 
716.58183  
1139.92571 
1161.39622 
938.99534  
934.19268  
940.10783  
1882.32072 
6198.53955 
5671.12246 
1906.29379 
2683.242   
2985.29181 
1541.89001 
850.60531  
828.8055   
735.0704   
604.84993  
778.74546  
1101.77651 
2268.55935 
6020.31041 
3987.61914 
1674.69486 
2980.13194 
1168.25318 
1707.51723 
1370.03727 
1093.2979  
1076.34216 
1154.67573 
1606.67177 
4926.57909 
3797.82171 
907.61826  
512.48364  
583.22138  
721.20363  
1070.62921 
1063.12062 
756.86888  
306.68719  
578.67955  
1118.54352 
2643.886   
3298.54952 
1955.53422 
845.45632  
482.83109  
665.43968  
1020.74396 
1157.60177 
865.35018  
722.27313  
947.29813  
2544.93345 
4318.52642 
5100.51645 
3184.24981 
1385.32605 
1713.53963 
1427.00879 
1589.52299 
1492.2394  
912.25856  
796.52694  
942.7338   
1687.90495 
2836.54945 
3638.77768 
2661.24069 
886.08132  
1073.89972 
1708.98202 
989.35467  
868.6732   
750.147    
846.13401  
763.68576  
1106.66848 
1783.47287 
1931.53868 
482.66338  
593.3148   
703.99915  
563.50273  
1109.9077  
948.06051  
1234.03581 
1034.75869 
968.66686  
2028.63846 
7981.80552 
6723.52259 
1901.6193  
1449.58514 
2003.24263 
1897.06691 
1371.51937 
1324.12255 
1053.46389 
1060.90693 
1223.21637 
2695.19072 
15186.23286
24767.24618
5206.09044 
1618.50035 
1558.59237 
1328.14961 
