NaN      
3401.787 
3077.348 
2351.089 
2637.826 
3301.109 
5442.349 
17058.878
42570.996
15903.778
5066.196 
3511.585 
3185.346 
2999.003 
3297.902 
3297.674 
2864.239 
3825.586 
9751.161 
23804.552
30449.048
24326.114
5981.761 
4256.118 
4982.211 
4230.576 
5230.013 
3823.935 
3072.897 
4096.876 
12787.238
17543.719
21145.531
9113.181 
4424.11  
3329.728 
3128.945 
3569.24  
4412.442 
3226.166 
2592.532 
3456.44  
10788.299
14801.234
17839.999
7688.581 
3732.52  
2809.215 
2639.819 
4180.979 
3448.944 
3234.381 
3254.957 
4186.264 
8570.754 
24269.834
46100.09 
15891.589
5094.996 
4301.443 
4151.606 
3080.083 
2733.194 
1391.287 
1393.95  
2229.972 
4808.601 
13366.2  
20311.351
9425.777 
2466.915 
2804.453 
2442.957 
5280.375 
3955.036 
3465.362 
3512.597 
4157.327 
10244.002
24197.292
44219.493
14103.995
2674.492 
2672.384 
2842.424 
4248.549 
3271.724 
2942.34  
2708.623 
3943.774 
15389.956
23875.187
34424.919
25392.994
4591.866 
3579.23  
4685.911 
2916.47  
3899.248 
3477.803 
3582.691 
4206.41  
11097.514
18279.168
39804.972
36478.667
18473.516
11196.188
7932.123 
2465.817 
2646.342 
2698.457 
2379.568 
3453.266 
7676.664 
28825.369
70255.462
21143.51 
3466.395 
3664.767 
2026.949 
3172.562 
2957.861 
2842.591 
2575.605 
3311.27  
11743.246
27681.477
37227.365
23804.694
8714.378 
3478.248 
3910.149 
4528.413 
5598.211 
4093.144 
3289.232 
4385.301 
13687.473
18778.817
22634.2  
9754.759 
4735.572 
3564.144 
3349.226 
4316.554 
3324.093 
2989.437 
2751.979 
4006.9   
15636.295
24257.345
34975.941
25799.447
4665.365 
3636.521 
4760.916 
4638.504 
4983.123 
3587.752 
3307.132 
4392.708 
9471.299 
18973.493
28185.543
29816.584
8076.001 
6301.936 
5643.773 
3636.608 
2610.916 
2615.446 
1825.383 
3182.2   
7888.687 
18886.797
23935.867
8649.691 
2088.954 
4087.113 
5048.986 
2378.904 
2553.067 
2603.345 
2295.696 
3331.549 
7406.087 
27809.368
67779.183
20398.269
3344.215 
3535.596 
1955.505 
4479.776 
5538.084 
4049.181 
3253.904 
4338.2   
13540.463
18577.123
22391.097
9649.988 
4684.71  
3525.863 
3313.254 
4638.366 
3543.974 
3581.154 
3076.229 
3748.484 
9267.455 
18019.154
35125.101
29464.895
6744.277 
5386.533 
3551.492 
4516.646 
2791.953 
2931.862 
3352.999 
4652.901 
7952.835 
27138.805
59011.498
18097.414
3478.701 
2663.47  
3328.203 
3830.363 
3028.461 
2412.637 
2398.905 
2379.124 
4739.833 
24201.449
26886.586
20063.087
4314.547 
2193.619 
2821.933 
2638.795 
2830.716 
2614.628 
2324.028 
3427.862 
10837.567
24011.987
32699.923
13476.924
4193.858 
4630.272 
3542.994 
4316.554 
3324.093 
2989.437 
2751.979 
4006.9   
15636.295
24257.345
34975.941
25799.447
4665.365 
3636.521 
4760.916 
2154.248 
2557.69  
2259.919 
2110.5   
3162.101 
6751.015 
16793.231
18669.681
5461.937 
1787.161 
1308.454 
2017.991 
2853.93  
3138.37  
3138.153 
2725.685 
3640.527 
9279.459 
22653.033
28976.108
23149.364
5692.399 
4050.232 
4741.202 
5451.622 
4742.814 
3932.982 
3500.011 
4299.551 
8317.201 
24521.657
37438.889
13731.227
3651.105 
3377.672 
3356.264 
