NaN      
54369.77 
65842.96 
48810.14 
47074.77 
51578.6  
115269.77
251238.84
644495.79
264173.25
93419.78 
90539.54 
59462.73 
64561.57 
87411.33 
70214.78 
51901.45 
68229.23 
143905.36
305944.89
410533.93
313462.66
141876.91
95236.29 
75162.51 
37454.2  
65245.92 
50465.58 
39671.58 
48257.99 
139542.43
237863.33
319056.92
123095.72
50356.09 
50431.27 
51264.85 
33062.33 
57595.19 
44547.99 
35019.7  
42599.27 
123179.7 
209971.5 
281644.35
108661.53
44451.34 
44517.71 
45253.54 
47891.06 
102365.94
55000.92 
54378.5  
59365.64 
152459.32
332202.92
608642.35
229526.41
108216.73
103636.03
83485.22 
58510.18 
49471.97 
36754.75 
34937.59 
42546.39 
103380.66
241378.58
266433.76
122046.96
36076.75 
51709.37 
41191.99 
66894.51 
65344.21 
72603.11 
51335.53 
49906.73 
143329.14
276105.47
526035.62
217406.02
76124.13 
59549.05 
61251.23 
70344.39 
67169.24 
59382.32 
52388.73 
60784.72 
188983.49
334999.37
505719.49
317234.12
68933.04 
73838.7  
83955.42 
56670.01 
50193.39 
60390.3  
51280.98 
52239.58 
150501.63
206088.02
501257.4 
347005.68
197419.86
163231.13
97176.58 
37516.64 
50632.53 
48792.02 
43497.59 
46070.52 
130146.12
345074.8 
842384.23
274344.17
53351.08 
62921.75 
36915.66 
67592.54 
66354.35 
50763.79 
52288.67 
57138.87 
179950.53
370590.07
534900.57
322190.22
117827.18
86285    
84187.34 
40231.93 
70084.77 
54208.27 
42613.76 
51836.97 
149891.36
255504.06
342719.25
132224.91
54090.66 
54171.43 
55066.83 
69770.42 
66621.19 
58897.8  
51961.28 
60288.76 
187441.51
332266   
501593.16
314645.7 
68370.6  
73236.23 
83270.4  
78891.37 
82194.79 
63496.49 
51027.21 
66782.89 
149268.48
282826.89
422620.61
447922.62
111071.09
132237.22
80525.94 
54996    
64255.98 
47006.67 
40962.61 
54488.12 
131521.54
265703.54
405978.41
127227.64
40784.03 
75321.6  
62034.28 
32726.87 
44168.24 
42562.71 
37944.23 
40188.67 
113530.29
301018.9 
734836.54
239318.49
46539.71 
54888.49 
32202.61 
39363.29 
68571.58 
53037.87 
41693.69 
50717.76 
146655.08
249987.51
335319.65
129370.06
52922.8  
53001.82 
53877.89 
54458.05 
56877.41 
48071.74 
57649.93 
55596.9  
137506.77
232769.04
397470.77
367378.46
86039.36 
92907.46 
50339.29 
65236    
56529.91 
63790.2  
55740.48 
52743.53 
133827.86
308435.78
685686.48
228945.25
77979.17 
66269.88 
53198.3  
49352.05 
41773.96 
35861.57 
33739.68 
42432.58 
98379.93 
268090.76
329525.88
258627.25
63732.28 
45330.07 
41015.52 
47361.91 
40695.06 
46060.73 
43556.71 
50991.43 
163192.28
367320.11
451844.2 
184475.97
80379.92 
78954.86 
50974.65 
59869.14 
57166.82 
50539.48 
44587.33 
51733.05 
160841.26
285113.37
430410.93
269993.61
58667.97 
62843.11 
71453.3  
47469.79 
63788.26 
55599.45 
54738.29 
54444.99 
118887.8 
286846.2 
374368.02
104509.34
47447.7  
49558.08 
46060.64 
57540.89 
77905.88 
62579.35 
46257.48 
60809.71 
128256.52
272675.23
365890.85
279375.49
126448.66
84879.92 
66989.04 
77032.27 
77869.3  
59537.07 
35734.89 
40465.89 
91219.33 
304289.77
406978.56
144678.24
56092.11 
51476.5  
27889.75 
