NaN      
376249.6 
459791   
326676.1 
327873.2 
401200.8 
816397.2 
1853793  
4132381.9
2089028.5
988828.7 
839766.4 
378177.2 
375811.8 
459616.5 
345131.9 
374167.3 
442919.7 
1117027.3
1995328.5
2261435.9
1861999  
751762.9 
600297.1 
592651.9 
282816.9 
353822.9 
286363.9 
246144.3 
318171.5 
1200301.7
1984531.5
2131937.1
766423.8 
358619.9 
268234.4 
325387.9 
189753.4 
237394.2 
192133.2 
165148.2 
213474.2 
805331.3 
1331503.1
1430403.5
514224.9 
240612.7 
179969.4 
218316   
250939.3 
484428.4 
314724.2 
270854.1 
482951.7 
1112664.8
2249196  
2707601.3
916050.8 
439396.3 
479878.3 
386343.7 
344960.9 
328665   
236951.3 
274255.3 
335328.2 
475925.9 
729660.1 
716991.6 
452465.5 
252863.8 
372966.6 
290300.4 
507136.8 
441552.2 
371402.9 
401453.2 
447707.4 
1407423.6
2036009.9
3284019.2
1303362.2
396908   
429262   
415972.5 
510368.4 
471531   
405408   
400209.9 
467459.1 
1359407  
1525522  
2175036.1
1695222.4
439115.3 
422476.4 
404289   
457122.3 
335897.2 
272825   
228401.3 
359017.9 
992088.5 
1698881.6
3052742.1
1652636.3
867407.9 
810370   
630892.7 
261206   
362098.8 
442081.4 
500999.4 
434280.1 
1265933.6
2708131.2
4569630.5
2357196.3
617784.8 
622314.5 
315481   
482623.6 
576003.6 
629673.7 
460431.5 
639905.2 
1789163.9
2013202.9
3667706.6
3291846.1
1435618.7
964516.3 
553049.2 
357245   
446937.4 
361725.5 
310921.4 
401903.8 
1516181.8
2506795.1
2692993.1
968121.4 
452996.9 
338824.9 
411019.3 
558761.2 
516241.2 
443848.4 
438157.5 
511783.2 
1488304.9
1670170.8
2381271.3
1855962  
480751.9 
462535.3 
442623.4 
320483   
463798.7 
329348.7 
444385.8 
633946   
1358966.5
1755277.2
3664762.1
3494700  
988724.5 
1366482.1
466891.1 
489691.6 
449692.5 
344216.5 
202289.5 
437476.4 
1078567.3
1583260  
2233796.3
933060.1 
372024.2 
459848.3 
538756.9 
230944.3 
320148.3 
390864.6 
442956.8 
383967.2 
1119270.5
2394384.3
4040222  
2084106.4
546212.2 
550217.1 
278931.3 
263595.4 
329775.5 
266901.3 
229415.2 
296547.1 
1118723.8
1849653.7
1987041  
714334.1 
334246.4 
250003.9 
303273.1 
512358   
583614.7 
580209.9 
623741.3 
665500.1 
1328434.7
1776399.8
2451057.7
3063347  
1047513.6
1072635.9
503959.3 
461005   
441240.4 
409144.9 
458444.4 
560008.9 
1183595.3
2842715.4
3768969.2
1257448.8
436479.7 
380178.4 
390201.9 
353462.4 
354455.6 
270811   
258404.1 
345745.7 
879062.4 
1955267.5
2053073.8
1424214.1
613981.9 
408271.9 
256267.9 
257392.2 
204337.6 
188103.9 
160245.5 
305764.8 
1168361.1
1905668.1
1572039.9
690627.3 
312364.8 
355641.4 
197368.1 
587291.4 
542600.4 
466511.3 
460529.7 
537914.8 
1564297.5
1755449.5
2502858.7
1950727.2
505299   
486152.2 
465223.7 
268082.9 
409010.4 
328473.7 
304483.7 
384664.2 
695482.2 
1319517.7
2066841.3
675840.2 
489045.4 
426741.8 
379924.8 
287457.7 
351559.8 
263990.8 
286199.9 
338788.4 
854412.1 
1526223  
1729768.1
1424239.6
575022   
459166.1 
453318.4 
434736.2 
393593.8 
257874.2 
171936.1 
322345.7 
806117.5 
1888501.3
1936062  
650000.6 
230538.1 
277499.1 
193696.4 
