NaN       
645.0131  
584.9694  
377.0176  
362.3654  
432.9199  
672.1422  
2348.6832 
12405.8891
7388.9802 
2475.2996 
758.4149  
387.9952  
455.9049  
509.1659  
437.9539  
323.58    
323.3008  
714.3185  
5033.5599 
11516.4373
13774.9405
2929.2946 
1150.1546 
1026.6389 
619.5562  
557.5099  
402.3975  
340.3207  
298.6635  
1084.6487 
4802.1075 
10324.3186
6087.0889 
1577.2977 
642.5125  
610.6925  
522.7053  
470.3583  
339.4935  
287.1208  
251.9755  
915.0932  
4051.4279 
8710.3907 
5135.5373 
1330.7299 
542.073   
515.2273  
503.0945  
546.5318  
359.8134  
281.5665  
282.1732  
624.7839  
5809.7207 
14335.2416
5889.1467 
1816.0301 
855.5625  
617.786   
667.5184  
426.0042  
369.0052  
283.1213  
199.5508  
403.2921  
3089.3369 
7806.1565 
6007.6828 
926.4725  
556.6398  
448.0163  
785.7583  
600.2904  
374.781   
355.6358  
302.8988  
778.8161  
5491.4652 
14666.3761
7493.8551 
1188.5663 
682.939   
391.9439  
777.126   
680.6643  
443.9424  
405.887   
433.9526  
1095.3886 
4303.7728 
10657.6474
11657.6755
1894.7687 
964.5048  
936.5552  
741.1451  
671.0858  
552.4182  
472.4123  
528.1007  
962.6254  
3460.9825 
11054.2987
13236.9565
5657.628  
2673.1391 
1443.581  
559.1391  
419.5411  
372.2006  
335.044   
331.9963  
726.295   
4109.1721 
19254.0128
10674.7303
1883.9911 
943.2046  
407.0233  
645.2068  
460.745   
359.0861  
302.6335  
367.3828  
848.8053  
3887.4269 
11103.2742
10976.5558
3471.5818 
944.1568  
1003.8211 
663.1736  
596.7592  
430.7267  
364.2797  
319.6897  
1161.0092 
5140.1812 
11051.1621
6515.6267 
1688.3412 
687.7461  
653.686   
789.565   
691.5594  
451.0484  
412.3838  
440.8987  
1112.922  
4372.6611 
10828.2389
11844.2741
1925.0973 
979.9431  
951.5461  
997.9655  
837.9515  
540.4624  
574.2873  
611.8558  
1137.9106 
3548.5237 
9076.1015 
14793.3471
3729.5217 
2086.6793 
978.3608  
627.7598  
382.9039  
276.2346  
169.2984  
291.9231  
666.8009  
4119.7257 
12735.2087
6051.2861 
1244.5452 
1178.214  
1137.4809 
539.4312  
404.7536  
359.0817  
323.2348  
320.2945  
700.6955  
3964.337  
18575.3709
10298.4804
1817.5865 
909.9597  
392.677   
656.0508  
590.3497  
426.1005  
360.3671  
316.2561  
1148.5394 
5084.9731 
10932.4671
6445.6457 
1670.2076 
680.3593  
646.6651  
748.1735  
390.9405  
346.5336  
393.2111  
347.5203  
806.5848  
3138.1158 
10489.6659
15482.1422
3152.3143 
1294.9261 
489.5451  
838.8521  
521.7135  
435.9904  
418.4568  
418.4973  
727.4209  
5673.194  
16867.8687
7629.9257 
1480.2888 
572.7061  
719.228   
773.1658  
627.6923  
352.9853  
313.3744  
340.4005  
529.4417  
3031.3571 
9072.6693 
9481.1504 
1663.1968 
554.8015  
481.6575  
318.6337  
401.0675  
237.6738  
186.0074  
222.6927  
868.3998  
5665.6746 
9788.711  
6366.0743 
1645.6226 
859.1354  
491.8188  
789.565   
691.5594  
451.0484  
412.3838  
440.8987  
1112.922  
4372.6611 
10828.2389
11844.2741
1925.0973 
979.9431  
951.5461  
405.527   
344.655   
253.1606  
238.2311  
233.6707  
472.6731  
3602.6851 
8635.8731 
4056.7077 
1210.8707 
418.8004  
568.8595  
433.851   
484.5356  
416.7684  
307.9272  
307.6614  
679.7641  
4790.0669 
10959.3422
13108.5928
2787.5931 
1094.5172 
976.9764  
807.8541  
725.8076  
418.4305  
348.2913  
338.6473  
746.3066  
5997.683  
14965.2808
5966.0574 
1162.8556 
570.4896  
430.0745  
