NaN       
1261.3588 
1119.0725 
507.9066  
487.8133  
677.9898  
1021.7182 
7795.7707 
17951.6074
12369.9123
4300.7399 
1689.7442 
834.6302  
950.712   
544.8964  
503.3517  
396.371   
490.9804  
1785.978  
15706.1032
19493.5832
19715.3686
4672.476  
2029.0429 
1702.8653 
1166.2898 
1307.1001 
726.6637  
791.4183  
766.5542  
2052.7854 
10979.954 
16534.5456
11193.2812
3283.1139 
1598.9735 
1126.1398 
983.9719  
1102.7703 
613.0695  
667.7015  
646.7242  
1731.888  
9263.5353 
13949.8168
9443.5146 
2769.8878 
1349.0172 
950.0983  
825.7971  
592.5041  
418.2241  
349.0888  
586.0635  
2051.4579 
18180.2544
21233.7024
9167.0729 
3048.4397 
1662.3798 
1066.7515 
921.1082  
598.6612  
450.709   
369.232   
272.2271  
608.5019  
7360.3133 
12154.8957
8079.5252 
1722.6735 
1084.8686 
871.1424  
1408.53   
1871.2079 
1183.212  
727.1286  
453.0652  
1791.7847 
10127.7064
22764.4345
12693.9698
2949.7558 
1493.2659 
1028.862  
1335.9603 
788.1496  
887.4556  
1194.6698 
604.4416  
2429.603  
9996.0871 
15753.7424
17857.984 
3157.7147 
1864.4413 
1965.4215 
1308.7998 
1328.1821 
1057.2312 
868.2607  
816.5596  
1604.656  
5958.9109 
18851.9536
21445.0051
9049.8893 
4880.9576 
3181.2954 
637.0523  
737.701   
663.2839  
465.1566  
537.9121  
964.6052  
7744.8289 
30632.7076
17878.5215
3251.7008 
2079.0461 
1068.5769 
1337.1333 
824.1309  
909.4385  
486.4531  
867.9207  
1747.4775 
7796.7727 
16005.0187
19937.3903
6832.2526 
2213.0822 
1990.4149 
1248.3979 
1399.1214 
777.8216  
847.1351  
820.5205  
2197.3038 
11752.955 
17698.596 
11981.3007
3514.2487 
1711.543  
1205.4213 
1357.3443 
800.7651  
901.6607  
1213.7923 
614.1166  
2468.4924 
10156.0894
16005.9046
18143.8277
3208.2586 
1894.2844 
1996.881  
1726.8586 
1687.4983 
1035.3202 
1143.8786 
829.0373  
2472.7728 
8188.6325 
15351.357 
22074.245 
5604.5412 
3420.7467 
1882.5748 
1135.1735 
718.4905  
381.6059  
365.8623  
569.6405  
1674.756  
9050.7337 
20677.7182
10924.609 
2570.624  
2548.0607 
2627.4316 
614.5983  
711.6994  
639.9053  
448.7613  
518.9524  
930.606   
7471.8486 
29553.0033
17248.3612
3137.0889 
2005.7664 
1030.913  
1234.9895 
1384.0941 
769.4674  
838.0364  
811.7077  
2173.7037 
11626.7224
17508.5043
11852.6155
3476.5039 
1693.1602 
1192.4745 
1413.2944 
1134.1071 
759.894   
661.6494  
470.503   
1954.1937 
8900.0981 
20251.2558
24430.6858
5346.0377 
2674.7846 
986.864   
1560.1225 
1185.2603 
966.317   
655.5058  
616.1412  
1572.5837 
10081.0511
24582.93  
10787.7156
2439.4267 
1167.3589 
1312.5    
962.9155  
715.0777  
431.7957  
409.4773  
596.4993  
1219.609  
8833.5731 
14236.9137
15253.1368
3064.4791 
1152.2194 
963.8717  
469.2291  
471.6592  
356.8106  
313.4765  
313.9562  
2322.4083 
10452.6052
18121.2802
10437.2531
3112.4353 
1838.8596 
993.0249  
1357.3443 
800.7651  
901.6607  
1213.7923 
614.1166  
2468.4924 
10156.0894
16005.9046
18143.8277
3208.2586 
1894.2844 
1996.881  
783.7997  
678.8366  
711.9447  
522.1112  
1101.635  
1335.1983 
6806.2029 
15678.6288
6529.957  
2354.8629 
1021.2296 
953.575   
904.7223  
518.5376  
479.0026  
377.1969  
467.2298  
1699.5833 
14946.3376
18550.6023
18761.6591
4446.4501 
1930.8902 
1620.4911 
1248.2649 
1297.2348 
714.8819  
589.9058  
714.9094  
897.4086  
17955.1568
25806.8171
9261.0414 
2090.564  
1204.3425 
861.9568  
