NaN         
3205.12883  
2371.50003  
1139.88128  
2551.0807   
2866.11116  
10446.90959 
19839.66271 
107021.48312
45781.70694 
14988.80262 
8357.33232  
3704.44607  
1973.45771  
2244.07332  
2757.86659  
2010.21898  
3181.11328  
12417.92746 
52432.05022 
69517.54165 
68377.98221 
13508.18371 
6987.12824  
5161.52691  
1751.31429  
3068.03484  
2753.22283  
2911.39879  
3379.16762  
17111.16619 
38203.6538  
60494.28943 
26426.45378 
8573.66404  
5776.48679  
5987.70156  
1477.54369  
2588.43061  
2322.83093  
2456.28036  
2850.9262   
14436.29834 
32231.54623 
51037.6441  
22295.39277 
7233.40365  
4873.48938  
5051.68644  
1647.72012  
2712.85386  
2088.97435  
1957.00733  
2380.31084  
8953.91184  
45489.3852  
108927.09689
35276.86594 
9450.2633   
6331.26629  
2977.04774  
2212.29998  
1974.36362  
1193.19422  
1549.55496  
1562.1605   
5106.53857  
30394.65355 
51023.75357 
25803.19504 
3338.97187  
5094.28071  
2645.45291  
4772.98337  
2604.18354  
2026.0105   
2292.82749  
3233.2456   
9852.09576  
44562.21413 
100475.88645
35604.61613 
4738.42137  
4122.81445  
2304.29516  
4777.96758  
2595.69484  
2557.5893   
2788.55426  
4451.15887  
13849.04185 
40941.78641 
85400.60243 
58391.22128 
8226.68753  
6920.15341  
9395.14045  
5468.47309  
4830.96004  
4273.76706  
4585.53241  
3953.28626  
11911.52445 
32573.98526 
70147.03211 
70043.59103 
31869.46046 
18842.54682 
12469.92443 
1813.89753  
4164.9481   
3321.22602  
3703.82621  
4515.70144  
9623.29051  
41485.73842 
143374.63929
50563.2166  
7281.09526  
7072.89167  
1717.38847  
5458.03966  
3571.48961  
3648.92655  
3461.34781  
4483.28402  
12001.17857 
47323.21272 
86708.9642  
61255.55234 
20562.57491 
8050.79147  
8056.32076  
1874.60877  
3284.02791  
2947.05278  
3116.3645   
3617.06478  
18315.81133 
40893.23355 
64753.15472 
28286.90554 
9177.25953  
6183.15789  
6409.24242  
4854.44609  
2637.24281  
2598.52734  
2833.18924  
4522.40632  
14070.71646 
41597.12087 
86767.56667 
59325.86002 
8358.36796  
7030.9208   
9545.52371  
6399.49046  
5402.82893  
4757.96378  
3473.21442  
5609.89355  
10856.70059 
25045.74209 
64919.88807 
88451.315   
16841.54001 
13152.35854 
5337.39683  
2697.58959  
1019.59639  
863.34606   
2197.98432  
2898.29975  
8604.16927  
33016.96823 
91853.17956 
35312.1255  
5877.16468  
11394.51281 
7331.10461  
1749.96348  
4018.14709  
3204.16351  
3573.27827  
4356.53752  
9284.10053  
40023.49979 
138321.14515
48781.02611 
7024.46011  
6823.59502  
1656.85606  
1854.47453  
3248.75581  
2915.39996  
3082.89319  
3578.21571  
18119.09038 
40454.01983 
64057.67355 
27983.09007 
9078.69118  
6116.74769  
6340.40396  
1849.24059  
1684.06808  
1885.18368  
4094.89803  
3793.99608  
11319.10211 
30186.45325 
79002.68468 
71874.16694 
12726.72554 
12454.7952  
2970.06215  
380.41781   
1131.8131   
1157.60835  
3403.9273   
3816.88935  
9157.41666  
45543.74676 
134911.21891
38820.60656 
6760.92216  
5066.96518  
5243.32932  
4623.8465   
3332.83982  
2606.38788  
2033.10882  
2829.39351  
10690.38026 
26016.26495 
55433.82494 
54874.74201 
9869.15985  
3247.70126  
4916.72315  
1246.99512  
1480.09283  
1714.98969  
2059.06917  
3388.26997  
9917.91531  
44839.5155  
70196.7588  
29138.28286 
6995.99497  
6847.00489  
2045.65267  
4854.44609  
2637.24281  
2598.52734  
2833.18924  
4522.40632  
14070.71646 
41597.12087 
86767.56667 
59325.86002 
8358.36796  
7030.9208   
9545.52371  
1636.36568  
1725.32855  
2487.93865  
2385.78133  
2143.6987   
10621.78221 
41471.43337 
73765.2231  
23442.56467 
6600.56501  
3638.92146  
4437.7388   
1877.99384  
2135.51872  
2624.45779  
1912.97683  
3027.23039  
11817.22373 
49895.70686 
66154.70625 
65070.27175 
12854.74002 
6649.13352  
4911.84366  
6779.29463  
4637.61376  
1643.84841  
1776.72735  
2635.74132  
8807.07322  
42982.37916 
84507.96396 
28963.2856  
5731.3512   
4595.07258  
2178.42628  
