NaN       
7111.7195 
4635.6386 
2031.3485 
1554.5587 
969.5981  
1656.7301 
3175.2319 
9655.9147 
6342.4545 
4649.6675 
4074.716  
2299.7959 
1108.5619 
989.4282  
799.9582  
746.5106  
670.6549  
1080.9819 
2448.1505 
3203.2837 
2396.4327 
5029.0552 
4244.6123 
1848.1797 
7319.3198 
4770.9588 
2090.6462 
1599.9383 
997.902   
1705.0922 
3267.921  
9937.7833 
6527.5989 
4785.3972 
4193.6622 
2366.9299 
2119.1132 
1439.1643 
1353.641  
1247.2758 
1017.836  
1366.1546 
2423.6238 
3939.9621 
4492.6828 
2200.4514 
1226.4128 
1339.0454 
2524.9601 
1802.9801 
1340.8301 
1174.22   
985.79    
1949.7501 
3826.1202 
7598.6803 
5162.9802 
3605.9501 
2292.8901 
2146.1201 
1080.9901 
831.4701  
718.0201  
759.6701  
612.1001  
714.0501  
791.4101  
1225.7901 
681.7201  
1249.3901 
1124.6301 
758.8801  
1582.81   
1185.12   
880.26    
856.86    
662.68    
788.23    
777.52    
3145.79   
4631.4099 
3968.9299 
5456.5299 
4472.7299 
1287.27   
983.8     
767.6     
706.12    
585.12    
779.5     
852.89    
971.9     
625.79    
186.29    
243.45    
670.41    
965.9164  
1008.165  
549.2009  
874.0896  
892.139   
1150.37   
2471.3241 
4244.4825 
4906.9394 
2495.1233 
2356.2781 
1650.1926 
1658.9582 
1572.8827 
1353.7733 
1302.9092 
1488.7601 
1997.4016 
4511.2759 
7048.6343 
6363.9163 
3969.376  
2404.3246 
1531.8028 
1707.7699 
1291.2399 
904.4599  
743.7999  
825.1199  
1186.1199 
1927.9299 
4068.0997 
10028.4293
5623.1396 
2584.4598 
1547.1099 
1466.1709 
997.7134  
808.5775  
776.7961  
689.3748  
866.1907  
1511.8648 
31896.2087
20921.7622
6810.3529 
3160.8113 
2205.216  
7041.3202 
4589.7501 
2011.24   
1539.17   
960       
1640.33   
3143.8001 
9560.3302 
6279.6701 
4603.6401 
4034.3801 
2277.03   
697.6109  
598.5831  
484.5784  
390.3721  
489.7506  
694.3996  
718.1288  
686.0071  
981.822   
316.5128  
1503.6944 
2237.3399 
2489.6163 
1880.2862 
1546.4569 
1222.6853 
840.5955  
1001.4776 
1514.2765 
5307.0191 
8251.116  
4098.4064 
5534.2594 
3080.8487 
820.17    
696.79    
389.55    
454.61    
460.17    
1346.78   
10155.3699
7679.9999 
5587.4399 
2570.58   
1604.63   
1931.9    
2256.3391 
1389.4057 
1132.0379 
779.8498  
661.8099  
1093.3352 
1370.0592 
1940.9123 
1269.4341 
1590.656  
2051.2156 
1358.4494 
1243.7385 
1235.6399 
923.6866  
723.1524  
846.7144  
1831.176  
2137.0426 
3609.6857 
5015.4671 
3253.1749 
3052.6306 
2143.1191 
1371.6709 
1193.2017 
849.4777  
322.8662  
543.8598  
846.2626  
1375.6847 
2454.578  
3238.6816 
2087.5899 
904.4278  
1050.8166 
697.6109  
598.5831  
484.5784  
390.3721  
489.7506  
694.3996  
718.1288  
686.0071  
981.822   
316.5128  
1503.6944 
2237.3399 
697.6109  
598.5831  
484.5784  
390.3721  
489.7506  
694.3996  
718.1288  
686.0071  
981.822   
316.5128  
1503.6944 
2237.3399 
1681.98   
1594.71   
1372.56   
1320.99   
1509.42   
2025.12   
4573.8799 
7146.4499 
6452.2299 
4024.4599 
2437.69   
1553.06   
1476.8165 
1004.9576 
814.4484  
782.4363  
694.3802  
872.4799  
1522.8421 
32127.8003
21073.6706
6859.8014 
3183.7613 
2221.2276 
1077.0299 
900.3     
575.8     
526.61    
503.21    
707.31    
1065.1199 
2066.7799 
4869.4198 
4327.9298 
3326.2798 
2296.8599 
3796.5002 
2077.7263 
1325.6383 
1002.7745 
1466.182  
1352.2284 
3635.0636 
5308.2599 
3300.8054 
2474.6537 
1061.652  
651.4247  
