NaN       
8324.5908 
5731.3623 
4223.6774 
3200.3372 
2673.6421 
3931.1915 
18046.7036
44049.4858
52531.7986
19575.7641
7468.4083 
5701.4126 
4467.4666 
4813.0223 
3267.8574 
2536.5061 
2437.4582 
4698.2681 
7596.6224 
16228.7742
18773.4007
11958.3862
5037.5482 
3638.326  
8567.5963 
5898.6682 
4346.972  
3293.7592 
2751.6892 
4045.948  
18573.51  
45335.347 
54065.2694
20147.2058
7686.4208 
5867.8441 
6989.6294 
5783.181  
3409.2253 
3561.1525 
3109.1254 
3543.3191 
19231.1745
70036.562 
77345.2718
28345.5106
7551.1592 
6745.4697 
6662.2504 
4335.7468 
3852.2495 
3536.0997 
3136.2664 
6490.5985 
18378.1545
31564.5641
71913.5819
32635.1171
7937.1036 
6027.9477 
2507.4979 
2594.4544 
2128.7688 
1920.2438 
2073.6871 
2734.0926 
8015.234  
15793.8171
12402.314 
5324.6793 
2181.9861 
2586.4609 
2410.7823 
2808.89   
2326.4638 
2314.9199 
1959.0011 
3191.7248 
6195.7512 
23913.4993
58823.4678
39087.2336
13259.2627
7219.9102 
4342.1534 
3093.5022 
2857.109  
2293.875  
1943.0736 
3077.8524 
7008.6481 
12891.384 
11735.5802
3394.9342 
2473.798  
2794.8866 
3048.8864 
3187.7264 
3257.0076 
2643.791  
2423.9874 
2808.9908 
8347.2582 
27768.6316
53293.153 
15963.4644
7269.6814 
4368.144  
3551.5356 
3095.3738 
2692.2486 
2777.9367 
2570.1725 
2953.0103 
14300.3797
37646.9934
64162.1679
17741.186 
5798.4214 
4289.3529 
4141.7602 
3389.4594 
2580.8075 
2464.0787 
2250.0593 
2804.4468 
7329.6369 
22923.9708
48225.3415
33614.6634
9031.5567 
4719.9695 
4241.2284 
2798.6386 
2421.0048 
2512.8901 
2307.365  
2402.3297 
11710.7414
39325.2152
53171.2129
25857.666 
6138.8345 
5709.586  
8242.1852 
5674.6272 
4181.867  
3168.6569 
2647.1756 
3892.2764 
17868.0581
43613.4371
52011.783 
19381.9823
7394.4781 
5644.9739 
3854.1853 
2411.473  
2243.224  
1512.2243 
1900.1425 
2908.976  
8207.8898 
18437.0149
17883.3099
5666.9561 
6205.8523 
5892.2634 
4990.9767 
3233.8656 
2572.5005 
2386.2798 
2072.6004 
2831.2588 
7772.3622 
34873.4699
59294.8294
15198.547 
8434.1295 
5955.2823 
2835.5681 
2682.7198 
2226.5352 
2025.9838 
1851.8923 
3134.858  
10798.7146
52936.5473
70315.9306
22529.8513
10527.1936
8132.081  
5132.827  
4072.8767 
4168.3368 
3038.6442 
2098.5948 
4726.8358 
8154.1905 
23173.0755
22487.1866
9656.0287 
3692.0423 
3616.3204 
3147.0677 
2942.0505 
2523.4881 
2166.5462 
2303.2784 
4497.0901 
11742.6382
28343.4407
31354.6878
12802.6263
7911.4438 
4652.7824 
4210.3964 
2901.0711 
2146.1785 
2061.2097 
1473.4071 
1812.7809 
10908.4107
21479.4932
43022.1365
12139.5656
3454.5614 
3415.6366 
3854.1853 
2411.473  
2243.224  
1512.2243 
1900.1425 
2908.976  
8207.8898 
18437.0149
17883.3099
5666.9561 
6205.8523 
5892.2634 
3854.1853 
2411.473  
2243.224  
1512.2243 
1900.1425 
2908.976  
8207.8898 
18437.0149
17883.3099
5666.9561 
6205.8523 
5892.2634 
3600.8211 
3138.3291 
2729.6096 
2816.4868 
2605.8394 
2993.99   
14498.8295
38169.4297
65052.5616
17987.3846
5878.8875 
4348.8772 
4272.0231 
2818.9589 
2438.5832 
2531.1357 
2324.1183 
2419.7725 
11795.7706
39610.7473
53557.2778
26045.413 
6183.4073 
5751.042  
3146.124  
2556.2122 
2281.24   
1996.5089 
1850.0475 
4051.8484 
11256.2078
26830.7865
46051.053 
22120.0996
4941.685  
4269.7356 
13701.5541
6091.2678 
2922.6402 
2078.8718 
2143.8443 
2802.1154 
28465.2303
52396.3099
57253.4428
30157.686 
7686.5591 
4171.6839 
