NaN      
108099.47
95163.29 
78458.93 
59358.35 
59457.18 
80969.26 
198911.47
567692.25
623573.51
338765.58
150427.31
71892.01 
50299.74 
71163.5  
57256.99 
45010.39 
43902.78 
65904.11 
99698.61 
257089.65
279322.69
160340.34
89693.19 
74966.71 
104433.37
91935.91 
75798.06 
57345.26 
57440.74 
78223.25 
192165.55
548439.44
602425.54
327276.63
145325.69
69453.85 
97828.32 
81295.03 
56996.25 
59789.93 
60566.81 
70213.16 
194909.59
700012.02
820793.11
388924.06
150091.46
89741.25 
100506.22
73462.46 
52757.35 
53538.82 
50451.28 
81995.95 
176498.16
389167.15
767129.23
357491.61
147806.4 
110028.7 
56991.63 
62197.55 
56393.94 
55520.47 
44280.17 
50196.35 
107482.89
269676.94
212005.45
135062.47
78795.73 
60215.36 
59077.1  
42496.3  
53186.46 
45163.78 
36891.23 
55175.74 
67052.51 
313529.15
611224.2 
487957.91
225352.93
110309.02
59329.08 
46841.74 
57299.53 
44412.07 
37157.38 
52956.15 
73399.74 
192330.37
187563.28
93138.55 
73555.28 
41471.79 
46941.46 
50050.8  
49422.41 
46104.3  
40530.31 
47603.46 
87244.66 
322227.98
660048.47
211576.24
119209.79
66323.62 
75072.64 
71515.62 
59867.98 
60580.46 
51086.43 
75130.85 
134456.65
402450.51
575221.72
358109.49
125514.5 
68606.4  
72970.19 
65012.79 
50906.67 
52505.69 
50350.16 
62834.07 
93426.96 
294842.08
643801.43
479740.48
153014.7 
79839.68 
76383    
65128.68 
60818.37 
61800.46 
49158.25 
55219.05 
173362.75
563347.1 
542429.81
324011.12
141482.13
96395.49 
100108.46
88128.56 
72659.03 
54970.42 
55061.94 
74983.79 
184207.39
525726.88
577477.26
313723.1 
139307.31
66577.56 
55974.83 
53114.61 
40419.34 
35222.27 
37568.27 
47076.01 
84402.53 
247922.47
218796.95
98418.67 
101525.61
68750.68 
82898.65 
52969.36 
67244.57 
43802.8  
40735.36 
45784.73 
91805.58 
340914.47
568228.26
336920.97
143901.01
109803.43
41063.09 
78164.86 
48273.62 
42856.76 
28704.41 
56412.34 
91097.91 
482207.71
714943.31
376206.16
154810.35
92825.53 
119781.53
82766.91 
70760.71 
60484.83 
49852.98 
75852.68 
120062.06
363439.38
294997.17
158797.57
103407.07
66326.45 
62084.53 
43324.61 
51009.74 
48236.67 
45280.27 
75230.66 
150277.97
355380.96
408594.08
249820.13
137065.27
72759.89 
61075.8  
41986.37 
37493.96 
35275.48 
35573.04 
42816.53 
103548.12
244683.51
540799.51
187003.21
74292.44 
55270.8  
69951.35 
66376.96 
50511.77 
44017.03 
46948.8  
58830.56 
105477.25
309826.97
273429.01
122993.12
126875.85
85917.24 
77048.64 
73111.59 
55636.71 
48483.01 
51712.24 
64799.53 
116179.01
341262.11
301171.2 
135472.04
139748.71
94634.43 
69686.88 
66385.03 
55573    
56234.37 
47421.46 
69740.91 
124810.63
373578.41
533954.88
332418.45
116510   
63684.53 
77730.22 
66277.4  
61891.06 
62890.48 
50025.28 
56192.99 
176420.47
573283.25
551997.02
329725.92
143977.55
98095.69 
65706.74 
52386.49 
41690.14 
42942.45 
37627.07 
61518.45 
112434.96
311986.26
529202.15
271570.3 
111081.27
89113.09 
153957.31
78364.51 
52137.1  
49000.95 
54833.1  
57970.19 
331222.69
609795.25
680368.91
380162.9 
137032.76
65633.01 
