NaN      
536135.7 
394364.4 
332315.6 
289014.5 
266888.4 
715684.5 
1852314.7
3160512.3
2782981.4
1225930.5
577000   
381119.5 
400265   
440227.1 
356294.5 
306253.2 
336674.2 
799417.8 
1195177.6
2155205.5
1886442  
1097400  
497871.1 
504673.9 
748648.8 
550682.2 
464038.7 
403573.9 
372677.5 
999367   
2586533.8
4413274  
3886097.6
1711863.9
805710.8 
532187.4 
800858.1 
691899.4 
565616.8 
544369.9 
719371.6 
772557.1 
1797618.6
5280669.5
5351425.6
2682570.1
934722.1 
693150.1 
615289.1 
483855.2 
382857.4 
423645.4 
447402.1 
594872.6 
1325886.5
2428085.7
4272367  
2040424.2
905370.2 
608932.2 
298320.3 
400125.8 
321338.5 
297869.7 
320038.1 
364200.6 
624828.7 
1642830.4
1307945.9
1176660.3
622786.3 
463317.2 
591732.3 
382250.3 
310474.3 
259920.1 
347468.3 
604344.2 
935811   
2822636.5
3720508.8
2427753.2
1375740.1
894984.5 
182033.3 
220346.2 
185471.5 
183419.2 
168346   
249755.3 
406120.3 
541324.3 
696511.9 
428149   
250276.9 
350571.4 
376651.3 
405004.1 
416068   
346101.5 
354127   
395475.2 
523563.7 
1559201.4
3192299  
1636628.6
866188.5 
357288.6 
620759.1 
764728.2 
410830.6 
386733.7 
567125.9 
916376.8 
1532561.8
2758718.6
3441541.6
1593608.5
985525.6 
598803.1 
453320.4 
538864.6 
336112.7 
380283.9 
399875.4 
693709   
988978.9 
3091629.4
5534731.5
4287949.3
1117697.1
590805.5 
367087.9 
330727   
257814.4 
338083.9 
307555.8 
463857.6 
1585753.7
3117214  
2422577.1
1695587.2
735998.2 
496220.5 
605767.5 
445583.3 
375475.9 
326551   
301551.2 
808635.6 
2092888.2
3570991  
3144427.4
1385151  
651939.1 
430618.3 
364560   
294313.8 
225282.1 
132394   
243504.6 
377863.3 
501569.1 
1187850.9
1208059.1
598833.1 
448973.9 
439548.1 
512332.4 
381664.3 
217134.9 
273837.2 
343796.8 
474519.9 
835661.9 
2093288.7
3040464.6
1267165.2
799157.4 
683345.4 
593087.6 
699338.7 
484783.1 
475440.2 
453735.3 
874340.8 
1190616.5
3827726.2
4926429  
1978340.9
993224.6 
1135315.1
607508   
397215.1 
379511   
282169.7 
262566.1 
660331.6 
873118.9 
1706864.4
1317734.5
731984.2 
407772.8 
253803.2 
406164.5 
283467.6 
260947.4 
222300.8 
360744.9 
867610.2 
1279634.4
1771911.6
1895319.3
1065753.7
736002   
341311.2 
430185   
379247.3 
289752.3 
276477.7 
314611.8 
503469.1 
1012629  
1784795.9
3014529.1
1615682  
651660.9 
341801   
725578.3 
585768.3 
448375.6 
263501.9 
484643.6 
752055.7 
998265.5 
2364161.9
2404382  
1191848.7
893586.1 
874825.9 
685180   
553154.3 
423411.2 
248830.8 
457659.9 
710183.2 
942684.7 
2232531.4
2270512.1
1125489.6
843833.6 
826117.9 
644004.6 
793364.9 
426214.9 
401215.7 
588363   
950692.2 
1589951.5
2862024  
3570416.6
1653284.2
1022430.4
621226.5 
567482.3 
511271.9 
398556   
522644.9 
475451.4 
717078.8 
2451421.4
4818910.4
3745069.1
2621213.3
1137781.8
767108.8 
388696.2 
407826.6 
445826.5 
325998.4 
385321.8 
678098.8 
689956.1 
2109931.4
4610770  
2499937.5
1018759.1
488126.9 
761202.6 
508416.9 
344347.5 
310661.7 
719537.8 
506195.4 
2352080.8
3826239.1
3574919  
2369119.6
847812.3 
382770.8 
