NaN       
2604.2901 
1234.0358 
681.7285  
467.7705  
347.1767  
428.1079  
1859.265  
8153.4416 
13011.4414
7063.6436 
2726.4898 
1594.6253 
827.1992  
541.3515  
382.0517  
302.919   
225.8463  
548.4181  
1455.0977 
6001.4122 
8127.1647 
4211.8519 
1663.7077 
1134.4208 
2680.3127 
1270.0589 
701.629   
481.4253  
357.3113  
440.6049  
1913.5394 
8391.4511 
13391.2621
7269.8405 
2806.0795 
1641.1745 
1299.4121 
786.535   
520.1855  
425.2822  
365.6272  
424.0309  
1783.3082 
13465.5244
19735.2482
10167.9705
3218.2979 
2235.9099 
1475.7001 
858.84    
643.44    
442.71    
374.48    
509.16    
2229.4201 
7084.9603 
18916.3608
11036.0305
3814.2202 
1830.7401 
550.0201  
339.97    
244.17    
215.41    
179.5     
242.78    
1108.9601 
5099.5005 
5502.1506 
3284.6303 
1101.6201 
1073.4601 
779.5     
513.32    
413.16    
331.24    
314.58    
383.41    
826.12    
5061.8199 
13921.9798
11900.8298
5452.5599 
2112.4    
946.12    
675.17    
450.64    
416.53    
285.62    
325.69    
1397.75   
4242.6501 
5744.1301 
2118.35   
917.55    
862.81    
607.3189  
461.7339  
441.1047  
389.3465  
325.6787  
402.236   
1101.1817 
6743.5656 
19125.9452
7681.713  
3629.6238 
1309.0445 
652.436   
648.1258  
488.1064  
360.3592  
256.0862  
318.0957  
1550.9767 
7598.3557 
15591.8874
5859.1905 
1817.4291 
771.5727  
928.2599  
646.41    
495.07    
378.25    
305.85    
426.84    
868.3599  
5603.3096 
14921.6489
12723.9691
3473.0597 
1438.0199 
1076.7812 
712.8227  
455.5467  
386.8055  
267.4124  
257.0757  
1292.9308 
12949.1999
16507.3537
10428.1031
2834.9944 
1708.5529 
2578.5101 
1221.82   
674.98    
463.14    
343.74    
423.87    
1840.86   
8072.7302 
12882.6403
6993.7201 
2699.5001 
1578.84   
806.8031  
357.8995  
252.4582  
145.056   
212.4927  
324.5365  
1201.6368 
7125.95   
7777.1728 
3199.0037 
2936.7317 
2033.9502 
1170.3997 
620.3915  
409.6368  
327.5939  
262.432   
309.0906  
780.4726  
6469.3787 
15142.8051
5749.4346 
2815.3953 
1771.6898 
724.17    
585.32    
300.1     
439.54    
312.99    
466.31    
1818.65   
12521.6499
17024.1298
7574.8799 
2872.07   
1894.22   
1482.2942 
667.81    
531.965   
377.3492  
305.3584  
431.1447  
942.3974  
4562.9909 
6066.5633 
3717.3454 
1613.8855 
938.5242  
486.1492  
445.0334  
257.8675  
189.1982  
192.4356  
501.754   
1961.8255 
6502.2853 
9712.9146 
5021.5538 
2542.1755 
1044.0111 
1086.5165 
641.5164  
352.7425  
293.5864  
270.929   
281.7572  
966.7889  
5550.8745 
13323.6963
4674.5234 
1512.0541 
941.7252  
806.8031  
357.8995  
252.4582  
145.056   
212.4927  
324.5365  
1201.6368 
7125.95   
7777.1728 
3199.0037 
2936.7317 
2033.9502 
806.8031  
357.8995  
252.4582  
145.056   
212.4927  
324.5365  
1201.6368 
7125.95   
7777.1728 
3199.0037 
2936.7317 
2033.9502 
661.49    
657.12    
494.88    
365.36    
259.64    
322.51    
1572.5    
7703.7999 
15808.2598
5940.4999 
1842.65   
782.28    
1084.5995 
717.9983  
458.8543  
389.614   
269.3541  
258.9423  
1302.3185 
13043.2213
16627.2101
10503.8193
2855.5787 
1720.9583 
768.79    
399.27    
304.26    
240.4     
247.93    
383.01    
1051.2399 
5759.9997 
13079.0094
8273.0596 
2181.8199 
1664.1299 
2778.53   
1137.621  
744.4854  
515.8218  
447.8288  
542.0289  
2865.8935 
7908.2616 
12851.8814
9761.882  
2858.2908 
1023.6674 
