NaN       
4376.0691 
2136.3479 
961.397   
703.9686  
584.9707  
834.7836  
3824.9535 
13732.0144
21725.2905
11275.3355
4556.7678 
3123.9947 
1521.1488 
1238.4042 
679.2861  
691.1769  
568.6011  
1019.103  
3266.5968 
9434.2972 
14676.8473
8721.0424 
4023.2946 
2058.7106 
4503.8122 
2198.7106 
989.4614  
724.5184  
602.0467  
859.152   
3936.6089 
14132.8695
22359.4797
11604.4771
4689.7857 
3215.1881 
1934.3437 
1499.4608 
661.3994  
799.6795  
519.3547  
1220.1771 
5100.3265 
18130.5158
30851.5992
16890.5273
6821.7084 
4215.1237 
2803.8701 
1504.4801 
1384.0801 
703.15    
647.22    
970.72    
5495.2802 
13838.0706
30631.9413
17445.0607
7223.1003 
3858.1002 
1060.5801 
667.2501  
690.4601  
473.0601  
847.7501  
687.6801  
2100.7202 
9280.981  
8882.8909 
6489.6107 
2665.8203 
1808.5502 
1369.01   
1009.2    
792.61    
608.14    
485.76    
638.88    
1421.77   
8626.6299 
22551.1696
19279.3997
9849.4498 
4664.1899 
1631.82   
1050.46   
572.64    
614.29    
519.08    
678.95    
1942.04   
6086.1601 
8487.9802 
3568.7101 
2006.9    
1680.82   
1232.1072 
849.3005  
744.3841  
731.4846  
462.5339  
874.8896  
3757.9994 
11923.7755
31194.1757
13536.2995
6597.4807 
2526.4922 
1047.04   
1160.8999 
970.1569  
603.5346  
456.0217  
885.6398  
3792.9641 
12443.745 
25610.9504
9967.3999 
3634.7003 
1543.1651 
1850.3999 
1277.1699 
848.9399  
510.55    
461.56    
829.8999  
2870.3198 
9126.0693 
25633.9281
19245.8686
6395.3895 
2830.4498 
1684.1334 
932.558   
704.6895  
522.1043  
379.8543  
545.3519  
2836.0261 
27604.9394
31133.7357
18750.9618
5988.3436 
3447.9356 
4332.7501 
2115.2    
951.88    
697       
579.18    
826.52    
3787.0901 
13596.0803
21510.2305
11163.7202
4511.6601 
3093.0701 
1412.8972 
649.6217  
340.4219  
304.918   
403.2262  
793.4273  
2569.5852 
11259.1193
13669.9129
6516.3928 
6118.3388 
4583.755  
1691.269  
1156.3372 
835.3741  
443.4294  
379.4841  
682.9478  
2191.0091 
11862.618 
26270.1897
10856.9125
6512.7017 
3374.0924 
1370.2    
1000.08   
827.71    
737.46    
506.19    
1129.4    
6122.0599 
20696.0098
28775.7897
11916.2599
5086.6799 
3584.97   
2427.6282 
1169.7845 
831.7234  
754.6984  
578.219   
558.6774  
2166.1921 
7436.5249 
9393.5252 
6304.8578 
3374.2891 
1956.61   
715.4624  
522.4141  
389.9365  
320.0519  
272.2468  
1347.8761 
3635.452  
12087.7264
15999.2856
9665.4466 
5409.121  
2122.2854 
1395.1574 
752.6299  
448.4073  
397.2688  
491.5283  
672.6161  
2919.4653 
9024.0978 
22218.0167
9042.9436 
3220.675  
1957.4687 
1412.8972 
649.6217  
340.4219  
304.918   
403.2262  
793.4273  
2569.5852 
11259.1193
13669.9129
6516.3928 
6118.3388 
4583.755  
1412.8972 
649.6217  
340.4219  
304.918   
403.2262  
793.4273  
2569.5852 
11259.1193
13669.9129
6516.3928 
6118.3388 
4583.755  
1061.57   
1177.01   
983.62    
611.91    
462.35    
897.93    
3845.5999 
12616.4298
25966.3596
10105.7198
3685.1399 
1564.58   
1696.3615 
939.3291  
709.8061  
525.8952  
382.6123  
549.3116  
2856.6179 
27805.373 
31359.7912
18887.1086
6031.8237 
3472.9703 
1512.0199 
676.97    
737.07    
368.34    
558.16    
752.14    
2011.0699 
7917.5296 
22665.2289
15734.8892
4827.8298 
3154.7498 
4420.6358 
2087.627  
1137.8221 
781.7231  
1010.1952 
988.1629  
5912.4792 
13328.5696
20264.7258
15917.3971
5279.6494 
2120.2974 
