NaN         
13024.93494 
4590.44117  
3633.97301  
3045.14414  
2684.57483  
3478.43331  
16628.608   
71109.92318 
111027.06637
39975.72308 
9833.34108  
5665.0791   
2088.70693  
2803.19594  
2780.59653  
2959.65339  
2706.71385  
6260.90554  
11796.02236 
37834.88771 
51030.33502 
26406.54036 
9433.5149   
7911.53161  
13405.14955 
4724.44205  
3740.05336  
3134.03582  
2762.94103  
3579.97325  
17114.01847 
73185.71332 
114268.08928
41142.66587 
10120.38896 
5830.45005  
5780.42261  
3476.45573  
2218.79056  
4725.70842  
3822.4188   
3747.75808  
10935.1673  
97067.35489 
141432.65046
48461.11984 
10940.4251  
8621.73639  
7299.0003   
3513.00014  
2125.00009  
2955.00012  
3424.00014  
3504.00014  
15129.00062 
46235.00191 
139073.00573
61959.00255 
17050.0007  
8032.00033  
2096.00022  
1693.00018  
2699.00029  
2605.00028  
1845.0002   
4175.00044  
13755.00146 
49556.00525 
48625.00515 
21837.00231 
6383.00068  
6298.00067  
4946.99992  
3347.99995  
3273.99995  
3535.99995  
2401.99996  
3305.99995  
7628.99988  
33277.99948 
102594.99841
74453.99884 
23340.99964 
12497.99981 
3067.00006  
2483.00005  
2586.00005  
3245.00006  
2500.00005  
3039.00006  
11050.00022 
30644.00061 
38009.00075 
8611.00017  
4077.00008  
3684.00007  
90.99684    
929.96767   
2378.91731  
2837.90135  
2840.90125  
2880.89986  
7430.7417   
42906.50855 
119318.85241
36428.73372 
14914.48156 
7495.73944  
2252.73818  
3260.74975  
2430.27447  
2805.07329  
2705.45571  
3901.853    
19320.87926 
61964.10837 
117951.16184
28882.19447 
7278.98764  
2104.79128  
3275.99976  
1512.99989  
1873.99986  
3299.99976  
2799.99979  
3437.99975  
6302.99953  
38465.99716 
100282.99259
90373.99332 
15513.99885 
2978.99978  
4283.92745  
3780.11274  
2694.35699  
3391.4843   
2649.2841   
2683.33917  
14360.22162 
78333.67179 
108067.75417
59063.5104  
12887.84066 
5709.23228  
12896.00027 
4545.0001   
3598.00008  
3015.00006  
2658.00006  
3444.00007  
16464.00035 
70406.0015  
109928.00234
39580.00084 
9736.00021  
5609.00012  
3060.15438  
886.02353   
829.35401   
2125.55696  
2208.31246  
2994.48969  
9696.78548  
54642.91533 
64859.62122 
17217.64107 
17699.7818  
9213.74523  
4449.90751  
3475.57141  
2040.93502  
2439.3888   
1927.38076  
3610.4171   
7374.94354  
59568.3335  
129434.61882
33664.78215 
14498.44551 
6344.8442   
3235.99996  
3498.99996  
2898.99997  
2732.99997  
3426.99996  
4794.99995  
13834.99984 
85285.99904 
128121.99855
45956.99948 
15516.99982 
10731.99988 
7873.2307   
4561.98597  
3229.29289  
2810.75312  
2920.99786  
3430.27003  
9665.43947  
46098.88771 
54932.12572 
21209.91765 
8917.14109  
3731.73574  
1756.56291  
1597.24674  
2045.57878  
2472.46442  
3205.72731  
4286.21775  
16352.37517 
51854.34982 
66457.31089 
25449.73703 
13206.90206 
3192.45096  
5197.76804  
2870.34886  
2481.0976   
1948.27835  
2136.33221  
3686.25992  
7570.68412  
32675.87343 
99870.75024 
28648.89227 
4998.59272  
6122.87167  
3060.15438  
886.02353   
829.35401   
2125.55696  
2208.31246  
2994.48969  
9696.78548  
54642.91533 
64859.62122 
17217.64107 
17699.7818  
9213.74523  
3060.15438  
886.02353   
829.35401   
2125.55696  
2208.31246  
2994.48969  
9696.78548  
54642.91533 
64859.62122 
17217.64107 
17699.7818  
9213.74523  
2283.99997  
3305.99995  
2463.99996  
2843.99996  
2742.99996  
3955.99994  
19588.9997  
62823.99904 
119587.99818
29282.99955 
7379.99989  
2133.99997  
4315.03214  
3807.55934  
2713.92015  
3416.10915  
2668.51999  
2702.82233  
14464.48815 
78902.43599 
108852.41125
59492.35804 
12981.41655 
5750.68581  
5752.99972  
2883.99986  
3256.99984  
3109.99985  
3173.99985  
3880.99981  
12913.99938 
47928.99768 
104541.99495
55972.9973  
11619.99944 
9407.99955  
22176.95559 
7519.34857  
4336.57579  
4659.25763  
4572.12396  
3339.80489  
28356.74366 
69456.0686  
116937.21682
72843.74913 
15669.69812 
3755.36548  
