NaN       
779.0398  
681.4574  
379.6077  
451.0037  
475.9459  
1454.5446 
11789.671 
8807.8684 
5326.8953 
2134.2    
1366.0993 
1705.8874 
1470.2357 
1311.9629 
985.0894  
1002.8708 
942.7712  
1618.0528 
5222.2652 
35685.406 
13742.0633
6338.2238 
2947.8964 
1658.6906 
754.9128  
861.8546  
602.5238  
468.9217  
483.7771  
861.0259  
2205.9057 
4226.4122 
6586.0861 
3342.7135 
3662.0449 
1400.3048 
2347.686  
1726.0662 
1279.0138 
1140.3032 
998.0527  
2061.2898 
4348.0475 
8530.5593 
4818.2739 
2930.5792 
1910.8225 
1855.0238 
664.9052  
587.4244  
473.8344  
388.607   
508.2824  
752.5417  
836.5638  
789.4579  
939.2578  
263.6854  
1284.5698 
1982.387  
1543.311  
1249.876  
1107.2095 
1113.884  
1085.9799 
2429.4174 
4293.0514 
7403.091  
3825.0831 
2192.0753 
1321.2795 
1082.7992 
1355.3736 
1044.2626 
1354.3671 
1084.458  
944.8615  
1663.3852 
4838.2557 
5757.9229 
3012.9593 
2981.9976 
3205.7168 
2654.4354 
2478.7145 
1822.401  
1350.3978 
1203.9455 
1053.7558 
2176.334  
4590.7197 
9006.6649 
5087.1903 
3094.1399 
2017.4688 
1958.5559 
1032.6327 
1152.8988 
922.6492  
827.9224  
667.6867  
901.3198  
1568.4008 
3931.4062 
2659.8206 
1809.8473 
2499.445  
1875.3156 
1037.5838 
953.5173  
768.1509  
729.7676  
683.5116  
1150.4196 
2800.6029 
3620.0326 
2251.3032 
4114.3182 
3560.8434 
1608.116  
853.7002  
809.8328  
690.0028  
597.8428  
494.6136  
1020.7051 
1251.1229 
1928.7605 
1480.9487 
1067.7456 
4994.211  
3211.6822 
1202.3768 
946.1474  
735.5664  
688.8661  
595.113   
827.8691  
973.6752  
1096.0903 
586.6851  
152.0928  
203.8132  
582.1319  
775.5937  
685.2145  
552.7148  
453.2994  
592.8975  
877.8192  
975.8287  
920.8809  
1095.6184 
307.5817  
1498.4153 
2312.3999 
1612.821  
1574.4471 
1350.2453 
1322.9707 
1576.0101 
2207.9575 
5360.438  
8273.886  
6209.8442 
3373.0377 
2095.0549 
1384.4062 
1927.7224 
1142.4482 
559.1376  
690.04    
814.0029  
1066.1036 
2223.3651 
17518.8518
6878.2864 
2061.5145 
1237.8579 
777.3998  
1155.9285 
915.4548  
787.7018  
848.437   
712.7139  
868.1855  
1034.3345 
1582.6293 
731.6794  
1167.7653 
1077.8803 
754.3838  
1960.48   
1704.8619 
1062.4012 
656.9057  
675.3808  
3089.0409 
4373.3539 
9326.0661 
4490.6745 
2488.7721 
1191.4929 
814.3214  
2576.2034 
1787.1216 
1391.6351 
1195.8651 
1060.1334 
1395.1732 
5771.4785 
9967.7595 
5220.8861 
2068.5254 
2108.0401 
1157.6241 
1411.3581 
988.8706  
798.5283  
780.9892  
722.5894  
948.0708  
1778.7535 
37071.9582
20214.1933
5730.2092 
2727.1109 
1973.3936 
1728.2488 
1504.9914 
1193.055  
1147.3161 
1231.2016 
2280.3938 
9498.8255 
21886.6288
8511.6463 
3435.647  
2573.6905 
1917.6471 
2623.275  
1819.7753 
1417.0626 
1217.7156 
1079.5038 
1420.6653 
5876.9332 
10149.8872
5316.2805 
2106.3208 
2146.5575 
1178.7759 
1767.9051 
1539.5249 
1220.4308 
1173.6424 
1259.4528 
2332.7196 
9716.7852 
22388.8386
8706.9542 
3514.4812 
2632.7463 
1961.6494 
1999.7544 
1602.7382 
782.1117  
839.3783  
813.7522  
1118.7492 
2816.3891 
18221.0859
11117.5847
4826.9161 
7169.4813 
2599.1495 
1739.7447 
952.4631  
657.9469  
636.0743  
616.169   
1154.4975 
2766.4731 
3987.9481 
3625.3051 
1585.5629 
1620.4786 
871.1494  
2367.0209 
1840.6646 
1508.4243 
1214.1427 
870.2426  
1082.6436 
1759.6449 
6092.2002 
7873.8639 
3405.9082 
4716.076  
2723.0148 
