NaN       
2995.0206 
2889.0844 
2399.3853 
2158.9474 
2046.476  
4091.8975 
14332.6855
64674.4024
67676.5942
18050.9458
9761.6626 
8247.7493 
4804.5365 
3896.7815 
2924.5501 
2536.5613 
2489.4636 
3771.4334 
8856.9642 
44564.5337
56847.9488
25706.8633
8433.7828 
5468.8295 
2617.4688 
2699.5559 
2071.3477 
1455.9642 
2128.0426 
3228.0136 
15162.6457
45635.3475
57609.51  
24112.9898
7411.6736 
4590.9549 
6706.6564 
4450.1454 
3956.4912 
3591.3355 
3303.1572 
8074.5252 
23247.849 
36753.7772
65966.1376
24920.2377
7014.5305 
5826.7798 
3634.639  
2318.6558 
2158.3011 
1438.7697 
1874.7617 
3390.1271 
9726.4864 
20111.1257
15367.4437
4053.7826 
5137.8519 
5335.6198 
4263.736  
3517.726  
2313.9317 
2725.0092 
2790.6894 
4790.9027 
14209.5174
65910.6758
56226.4386
17392.8088
6251.0254 
4482.6139 
2893.2086 
2826.9563 
2626.7098 
2179.1377 
2175.4772 
4044.8793 
11833.0224
24694.4266
41716.875 
11204.659 
5164.3611 
5082.0725 
7080.9667 
4698.5158 
4177.3099 
3791.7743 
3487.5123 
8525.1787 
24545.3524
38805.0703
69647.8241
26311.0801
7406.0238 
6151.9827 
2850.9815 
2979.9651 
2602.546  
2404.8922 
2294.7451 
3398.7066 
9173.7669 
21489.0147
25341.9966
10829.7289
6755.8623 
4501.7143 
4204.6631 
4618.6276 
3137.9331 
2408.5306 
2400.1493 
5464.5554 
8984.3405 
17667.4017
16100.4447
8537.3751 
4162.3687 
3288.1038 
3057.3852 
2399.3655 
1593.8558 
1564.2059 
1633.7851 
2528.288  
12897.0074
28991.8441
25724.2248
8386.9586 
7150.3327 
3550.8339 
4129.0721 
2999.3207 
2771.9462 
2200.7131 
1933.1598 
3616.9477 
8374.8557 
14179.5981
10168.9684
2448.8408 
2065.2042 
2552.0284 
4239.7065 
2704.6482 
2517.5989 
1678.2853 
2186.8579 
3954.4901 
11345.6789
23459.0751
17925.7005
4728.6259 
5993.163  
6223.8537 
3673.866  
3264.7161 
2841.4039 
2899.1844 
2781.6379 
3775.0199 
18588.7621
45045.8206
60479.9172
13921.0398
5265.8484 
4260.6212 
5913.3106 
4274.8022 
3891.0397 
3572.5339 
3054.7009 
4107.8673 
9848.4819 
65978.8855
41170.6971
6785.3737 
4168.1327 
2855.3568 
2650.811  
2796.4651 
2296.0291 
2048.0518 
2293.5732 
3571.8939 
10647.5618
19312.6722
11947.1947
4269.8591 
2025.0774 
2625.5369 
6958.7411 
4090.2216 
2800.7194 
2371.7898 
2377.1575 
7415.9326 
24953.1963
40358.0408
50439.2286
11782.7093
4836.4887 
3301.8121 
7118.3838 
4819.1427 
3062.626  
2870.1459 
2829.4312 
4371.7469 
14245.5469
41258.1254
51186.0215
17958.0713
6789.5301 
4099.1038 
4475.4403 
3011.0371 
2606.4562 
2675.2475 
2547.3675 
3132.7364 
15528.3127
47999.0109
51126.4574
20697.3777
5686.9771 
5785.2581 
5875.4345 
4541.8089 
3499.7556 
2974.7891 
2731.4367 
3854.2319 
13617.4853
33920.2941
26306.3024
7640.2106 
4578.5921 
3824.602  
7248.4486 
4907.1966 
3118.5854 
2922.5883 
2881.1296 
4451.6261 
14505.837 
42011.9808
52121.2763
18286.1955
6913.5863 
4174.0013 
6010.252  
4646.0251 
3580.0608 
3043.0486 
2794.1121 
3942.671  
13929.9516
34698.6279
26909.9258
7815.5226 
4683.6523 
3912.3612 
5484.9351 
3403.212  
2465.7931 
2889.4866 
2677.6389 
7056.7611 
9461.2676 
28301.5756
45014.2045
14614.2363
10046.3156
6593.8844 
3782.7909 
3040.6073 
2158.6183 
2313.2568 
2163.8082 
2602.1839 
9774.3641 
39796.1825
31437.0452
10938.4038
4911.4373 
3745.2237 
4872.6879 
3219.0684 
2562.4134 
2350.4487 
2117.0437 
3415.9363 
9535.2449 
39381.7752
52750.2964
11255.5577
7228.9424 
5582.8946 
