NaN      
49087.68 
95938.32 
58015.9  
51505.85 
35231.35 
79337.06 
150829.93
690496.54
808954.72
346312.16
166260.32
106811.81
84631.63 
63370.7  
57438.57 
49399.52 
43479.48 
63492.95 
112261.76
502884.89
614586.32
290157.51
139159.11
70567.01 
52307.39 
48565.59 
47828.93 
37848.24 
43082.11 
52829.58 
121047.56
517281.55
673353.32
325393.94
144313.21
71820.05 
105670.51
79302.32 
55764.79 
56590.81 
54461.88 
101422.5 
257015.42
490121.14
763415.63
289432.7 
139611.68
111351.92
69720.33 
67926.67 
50614.17 
44106.26 
48044.91 
68983.84 
145606.34
369903.94
257952.4 
94398.49 
113608.27
82427.96 
64521.04 
62536.78 
49718.62 
51054.74 
46144.76 
76335.73 
155459.93
723109.64
565044.24
211364.99
115056.12
69492.86 
62542.82 
70610.54 
57771.85 
42703.87 
45971.76 
57676.98 
128115.36
285831.53
485645.06
250935.25
109766.02
76316.62 
109372.27
82080.38 
57718.3  
58573.25 
56369.75 
104975.46
266018.98
507290.67
790159   
299571.87
144502.45
115252.71
38635.18 
36709.99 
32731.26 
31863.65 
34193.23 
46690.83 
93594.62 
255910.29
259732.47
111999.95
74543.5  
51037.72 
38729.43 
56259.04 
44322.08 
34842.11 
34707.8  
59699.27 
106321.88
237119.04
203569.77
95069.04 
62044.4  
55561.6  
75509.29 
62294.99 
50963    
46565.06 
43893.72 
63189.82 
200189.57
453335.31
437130.64
171270.58
140301.17
66535.15 
45383.04 
36789.05 
44064.94 
34154.12 
29183.04 
47656.64 
77763.99 
176230.14
135801.75
54862.58 
50548.4  
30535.82 
78211.57 
76199.46 
56778.48 
49477.97 
53896.31 
77385.39 
163339.75
414954.57
289368.45
105895.29
127444.63
92466.87 
73116.14 
71514.17 
58619.54 
59317.16 
51085.4  
86085.69 
181372.74
469516.07
530271.77
268576.67
109822.96
64317.2  
72269.67 
62212.64 
52592.63 
42412.25 
43447.11 
58448.73 
106066.83
754283.07
526571.07
106212.62
70540.37 
48317.59 
41934.99 
46989.23 
41717.1  
41070.95 
33452.95 
43452.89 
109537.53
237692.6 
147653.63
76528.11 
52087.77 
42648.49 
111892   
80753.05 
53828.2  
47884.34 
46202.3  
107880.58
316746.07
512086.92
697144.46
187741.08
96010.26 
62833.17 
82734.27 
67939.09 
52029.59 
57091.14 
42063.54 
62139.54 
198953.79
564568.59
553180.65
213853.94
116430.77
68476.92 
87214.06 
76352.22 
69813.72 
70941.07 
57629.62 
74175.39 
274159.78
770499.33
586225.9 
284885.66
145130.62
105944.26
107098.75
90276.84 
70304.56 
42197.67 
39130.74 
52471.16 
182874.71
406668.84
321695.25
142383.62
85149.62 
40641.6  
74169.27 
60905.75 
46643.27 
51180.83 
37708.94 
55706.59 
178357.25
506122.08
495913.06
191714.88
104377.36
61387.9  
107827.68
90891.27 
70783.05 
42484.87 
39397.07 
52828.29 
184119.37
409436.66
323884.73
143352.69
85729.16 
40918.21 
55110.62 
61892.5  
59022.17 
38429.4  
54723.59 
80463.11 
107815.47
293601.57
464286.71
257554.77
132778.93
94514.01 
59292.01 
59875.11 
45209.84 
43602.48 
39122.39 
52008.72 
118434.98
505145.37
460741.36
186004.73
117473.24
67966.97 
78966.11 
51805.71 
64397.16 
41948.01 
39840.47 
51309.17 
121121.29
388995.98
512327.61
247139.52
123147.27
100679.27
