NaN       
1259.5724 
1003.5399 
837.4828  
757.0614  
550.9963  
1307.8231 
8218.9011 
25171.5942
29218.916 
10396.9962
4117.2613 
2925.9009 
1546.1789 
1443.8698 
896.1288  
742.0489  
709.6242  
1045.1737 
4057.5038 
22160.2535
25966.6854
14214.4621
5393.7789 
2458.7707 
916.8521  
1045.1933 
845.3191  
453.641   
477.8093  
734.914   
5227.1916 
20681.988 
31312.901 
19072.6959
6749.085  
2668.4709 
2511.8276 
1471.2191 
1364.7277 
703.4481  
686.562   
1095.4337 
7189.4583 
16401.7442
30311.1136
14833.0639
5697.5603 
3068.5797 
1236.4429 
620.559   
327.8931  
297.9892  
417.8423  
874.6465  
3283.9898 
13036.2126
13213.737 
5412.5011 
4714.4476 
3561.3796 
1418.3689 
1072.9606 
926.2954  
718.9273  
816.499   
1075.8116 
4320.7939 
19108.0353
22888.944 
12351.0151
3941.3678 
1994.323  
1116.2394 
507.2972  
466.219   
348.002   
388.2031  
1005.4262 
6142.9831 
13247.469 
25704.9784
10604.6876
4046.7414 
2488.0447 
2652.0171 
1553.3304 
1440.8955 
742.7087  
724.8802  
1156.5718 
7590.7147 
17317.1544
32002.8303
15660.9233
6015.5512 
3239.8426 
864.0066  
459.0287  
557.7684  
610.8868  
600.8578  
911.4531  
2791.2165 
9934.6336 
14171.2454
8543.8093 
4508.7494 
2123.5608 
1291.4177 
1147.6729 
634.7437  
655.2958  
571.6066  
1089.86   
4050.1057 
10597.1406
13763.3695
7027.3512 
3007.5386 
1551.7556 
1549.796  
923.0204  
611.012   
430.7148  
253.9346  
467.4755  
3167.6694 
12661.9377
15771.765 
9459.1292 
4159.9361 
1609.3651 
1437.475  
1010.1021 
555.2118  
604.2997  
541.448   
753.4025  
2498.3919 
7093.389  
8259.0007 
2983.7731 
1556.6388 
1314.5613 
1442.2766 
723.865   
382.4783  
347.5962  
487.4016  
1020.2511 
3830.6838 
15206.3835
15413.4608
6313.5337 
5499.2734 
4154.2513 
958.6417  
1160.2437 
977.6643  
617.0829  
494.3996  
1021.4393 
5071.655  
15074.0552
25901.0588
8661.7349 
2930.2065 
1254.4141 
2555.2813 
1301.4754 
779.6361  
611.8351  
745.3802  
868.7397  
3994.1414 
30268.8953
23770.3603
7318.7128 
3251.7587 
1495.5022 
1037.3048 
712.3812  
743.2853  
516.6897  
981.8046  
847.2404  
3000.5962 
12009.952 
9596.5326 
6024.3364 
2295.7708 
1570.4675 
2772.1146 
1770.3094 
905.8699  
717.4109  
565.0502  
1787.2452 
7390.8007 
19134.9228
28236.155 
11634.6933
4468.5011 
2316.5035 
2557.9641 
2818.7338 
1265.9309 
956.2499  
949.3291  
1176.6501 
5406.7824 
21712.2052
23400.5252
9971.249  
3711.2884 
1433.1234 
1559.4819 
942.624   
718.2133  
539.9026  
416.503   
636.1155  
3835.2082 
33819.9626
31844.1928
16479.8742
4882.5121 
2834.6176 
1790.756  
1475.6893 
809.0424  
632.8306  
690.6753  
617.2856  
8580.7214 
21428.8734
14753.5286
5797.4634 
2934.8626 
1538.8301 
2604.7024 
2870.2368 
1289.0616 
973.7222  
966.675   
1198.1495 
5505.5734 
22108.9238
23828.0922
10153.4405
3779.0998 
1459.309  
1831.8466 
1509.5504 
827.6066  
647.3515  
706.5235  
631.4498  
8777.6143 
21920.5796
15092.0625
5930.4918 
3002.2059 
1574.14   
1927.3581 
1436.9455 
597.4245  
556.4687  
467.7557  
1064.6936 
3741.3577 
16363.8957
27720.2504
13222.7338
8752.347  
2809.887  
1599.3627 
1125.1649 
508.0315  
462.5287  
578.9293  
621.1572  
3292.8496 
13174.8634
17417.2823
10541.3416
3639.4471 
1316.9677 
1487.8504 
1110.4354 
808.878   
435.6324  
395.3034  
756.8165  
2814.9227 
13807.3531
25527.362 
9065.254  
5044.7636 
2635.3352 
