NaN         
3311.59021  
3669.21989  
2944.78688  
2795.26181  
3586.44827  
5767.40485  
20805.95711 
106915.52045
126078.5036 
35406.47014 
14000.67691 
10466.78763 
9297.31721  
3830.86946  
3262.67135  
3168.01059  
3047.87193  
3869.3254   
9596.2793   
68782.4207  
122989.54167
62000.73105 
18195.27321 
4280.59705  
3963.64599  
1810.08824  
5042.08174  
3319.94026  
2837.61384  
3385.17682  
10251.52962 
71259.48156 
113967.95848
58309.75833 
18195.61124 
5718.5604   
7313.15491  
3606.64192  
2113.26549  
2958.93739  
3508.31973  
4126.391    
22275.04659 
56746.1208  
133986.76495
46734.44623 
15061.52612 
7669.34561  
2833.32141  
840.65335   
762.18939   
1966.70414  
2090.83742  
3258.5789   
13192.98696 
61973.46534 
57743.1171  
12000.8909  
14448.3656  
8129.71018  
2656.42279  
2947.50455  
2265.00641  
3037.26731  
2483.73545  
3992.64301  
15519.93265 
99136.2174  
105743.51149
33292.27832 
8088.57043  
3591.82026  
2044.48085  
1824.98899  
2401.51761  
1774.16852  
2263.5659   
4638.79706  
20665.18705 
46263.92363 
110288.25635
27206.91452 
8738.93051  
5645.73502  
7721.31498  
3807.93496  
2231.21056  
3124.08091  
3704.12524  
4356.69215  
23518.25622 
59913.22186 
141464.80254
49342.77807 
15902.13645 
8097.38531  
1436.63866  
2061.65157  
1194.31431  
2315.87605  
2745.4941   
3178.08225  
11526.69803 
48204.40062 
67912.97459 
24820.50484 
11721.38243 
6907.75386  
1917.49371  
2636.92007  
2533.78019  
2715.61134  
2541.19016  
6755.3794   
15913.34403 
42547.74441 
45047.00187 
18249.99341 
7635.49494  
6921.7567   
7430.18398  
3065.18487  
3166.08553  
3197.06769  
2422.30234  
3497.32953  
17904.74313 
56816.07948 
75154.42501 
27347.35224 
11835.66167 
3060.83279  
2830.28626  
2347.82149  
2368.80382  
2992.79528  
2359.29342  
3295.85024  
14984.52284 
34640.19938 
33726.81426 
5982.11332  
3317.08024  
3239.82802  
3304.9915   
980.59901   
889.07296   
2294.1063   
2438.90435  
3801.04267  
15389.25647 
72290.34298 
67355.7581  
13998.70919 
16853.62113 
9483.08335  
2227.76531  
3304.13583  
2385.63564  
2772.30643  
2736.20263  
4534.77467  
28076.76208 
75061.74464 
112159.0835 
21501.84036 
6346.40397  
1983.63539  
6959.04494  
3198.54714  
3355.57541  
2446.57297  
3642.97687  
5226.3747   
10227.44534 
115744.12945
96200.48606 
15186.14697 
6542.41292  
2131.85916  
2176.89072  
1801.75156  
2781.97834  
2703.85361  
1958.74793  
5095.10797  
20989.0311  
63037.70432 
48553.29265 
17071.20081 
5844.30494  
6233.10033  
11370.6288  
5345.96918  
3206.83375  
2880.80662  
4148.76681  
6268.76427  
31738.47869 
64409.50219 
117430.33238
28915.39582 
7924.04886  
3572.98556  
11793.8947  
6046.8848   
3180.31079  
3337.02897  
2733.72564  
3556.91305  
22267.55248 
76883.75832 
99737.78922 
28462.49435 
12163.76285 
3332.96778  
4398.96883  
3977.34895  
2746.19903  
3480.52538  
2781.99559  
3238.36309  
21668.87683 
98532.90257 
106704.47772
45658.31371 
11667.90092 
5586.97959  
8429.78126  
4526.81476  
1718.11118  
1882.12743  
2251.09419  
3948.78812  
20333.37774 
67502.86311 
56070.87819 
13855.30416 
6898.08846  
2859.97113  
12009.38901 
6157.37156  
3238.42043  
3398.00211  
2783.67541  
3621.90384  
22674.41816 
78288.55405 
101560.16658
28982.55205 
12386.01528 
3393.86672  
8623.21071  
4630.68688  
1757.53489  
1925.31466  
2302.74772  
4039.39687  
20799.9467  
69051.78138 
57357.47854 
14173.22747 
7056.37175  
2925.59592  
7467.65365  
4663.66404  
2172.98243  
3182.24176  
3487.39014  
4869.83406  
15898.26076 
59849.93465 
116939.67324
39918.2118  
17227.55978 
5304.00109  
3777.63949  
2194.15231  
1129.25455  
2561.5044   
2320.21737  
4439.80363  
8896.053    
81028.77622 
84008.88273 
34345.45129 
11891.80162 
4609.84093  
4254.49718  
3405.0068   
1936.93798  
2330.9629   
1884.55118  
4057.03204  
10361.70136 
69766.41926 
118996.65044
24231.18507 
12221.70338 
5781.21758  
