NaN       
2506.7591 
1789.9834 
1331.1647 
1165.7557 
978.684   
1935.6954 
3798.5398 
7543.9056 
5125.7631 
3579.9568 
2276.3619 
2130.6499 
854.2603  
657.0753  
567.4206  
600.3348  
483.7165  
564.2833  
625.4176  
968.6896  
538.7343  
987.3397  
888.7472  
599.7105  
1080.9901 
831.4701  
718.0201  
759.6701  
612.1001  
714.0501  
791.4101  
1225.7901 
681.7201  
1249.3901 
1124.6301 
758.8801  
1080.6827 
903.3534  
577.7528  
528.396   
504.9166  
709.7088  
1068.7323 
2073.7894 
4885.9345 
4342.6081 
3337.561  
2304.6498 
2312.7299 
1424.1299 
1160.3299 
799.34    
678.35    
1120.6599 
1404.2999 
1989.4199 
1301.1599 
1630.4099 
2102.4799 
1392.3999 
846.9399  
780.2999  
667.2399  
567.87    
450.64    
890.5799  
1015.5399 
1584.7899 
1463.7999 
1211.8999 
5527.9296 
3427.4397 
1958.0948 
1323.78   
1197.7076 
1077.5446 
1140.5808 
1414.3964 
4077.7279 
4645.0636 
6729.2308 
4314.1112 
2269.3429 
1607.4479 
1277.3063 
1268.9892 
948.6164  
742.67    
869.5668  
1880.5985 
2194.7203 
3707.1093 
5150.8321 
3340.9765 
3135.0196 
2200.9608 
2112.4    
1644.3    
805.29    
848.93    
789.42    
1039.34   
2434.12   
15941.1603
11700.5002
5833.3901 
8449.5902 
2953.3901 
746.873   
561.136   
684.2426  
414.0179  
655.5685  
692.2497  
2951.2142 
21639.4963
21340.9812
10955.3474
8639.4086 
4682.6057 
2071.2786 
1612.2909 
789.6137  
832.4042  
774.0526  
1019.1075 
2386.7358 
15630.8386
11472.7302
5719.8333 
8285.1046 
2895.8973 
1080.9901 
831.4701  
718.0201  
759.6701  
612.1001  
714.0501  
791.4101  
1225.7901 
681.7201  
1249.3901 
1124.6301 
758.8801  
1582.81   
1185.12   
880.26    
856.86    
662.68    
788.23    
777.52    
3145.79   
4631.4099 
3968.9299 
5456.5299 
4472.7299 
1591.7478 
1379.5194 
1039.5537 
1039.5537 
937.3678  
1540.6549 
4625.8979 
31998.0932
14822.9181
7850.6682 
3560.8027 
1931.7136 
2256.3391 
1389.4057 
1132.0379 
779.8498  
661.8099  
1093.3352 
1370.0592 
1940.9123 
1269.4341 
1590.656  
2051.2156 
1358.4494 
1080.9901 
831.4701  
718.0201  
759.6701  
612.1001  
714.0501  
791.4101  
1225.7901 
681.7201  
1249.3901 
1124.6301 
758.8801  
626.58    
614.88    
461.75    
351.07    
360.6     
939.7701  
3526.6103 
10621.4908
16294.2112
5107.4404 
3127.9302 
2035.0402 
2144.1299 
1810.9099 
1132.56   
687.87    
678.35    
2971.2399 
3913.3898 
8447.5997 
4893.2198 
3114.0499 
1453.8799 
958.02    
2312.7299 
1424.1299 
1160.3299 
799.34    
678.35    
1120.6599 
1404.2999 
1989.4199 
1301.1599 
1630.4099 
2102.4799 
1392.3999 
2013.662  
1159.0377 
569.3047  
690.1301  
780.8803  
979.4153  
1900.2148 
15156.3241
7158.414  
2463.6569 
1442.651  
873.5274  
2506.7591 
1789.9834 
1331.1647 
1165.7557 
978.684   
1935.6954 
3798.5398 
7543.9056 
5125.7631 
3579.9568 
2276.3619 
2130.6499 
1440.1943 
988.2209  
627.8427  
318.4319  
376.5731  
716.112   
2285.7255 
3193.6407 
1676.4601 
1120.2969 
1056.581  
574.7473  
1150.4101 
890.98    
765.62    
524.63    
425.85    
657.72    
1048.4601 
3314.3802 
2862.1502 
1420.1701 
2614.2201 
1001.6501 
1675.8992 
1267.1426 
887.5808  
729.919   
809.7214  
1163.9844 
1891.9505 
3992.1802 
9841.2772 
5518.1997 
2536.2282 
1518.2375 
1529.0012 
1144.831  
850.3349  
827.7304  
640.1517  
761.4335  
751.0876  
3038.8466 
4473.9619 
3834.0033 
5271.0313 
4320.6763 
