NaN        
6614.2259  
4304.4928  
3824.4807  
3510.61    
3113.6588  
6443.8113  
18245.6765 
31337.0325 
71395.1965 
32399.8686 
7879.8894  
5984.4956  
1981.5685  
2050.2865  
1682.2751  
1517.4867  
1638.7464  
2160.6366  
6334.0972  
12481.1792 
9801.0192  
4207.8667  
1724.3305  
2043.9696  
2507.4979  
2594.4544  
2128.7688  
1920.2438  
2073.6871  
2734.0926  
8015.234   
15793.8171 
12402.314  
5324.6793  
2181.9861  
2586.4609  
3156.7942  
2564.8816  
2288.9769  
2003.2801  
1856.322   
4065.5904  
11294.3835 
26921.7839 
46207.2365 
22195.1206 
4958.4448  
4284.2165  
5261.1073  
4174.6666  
4272.5125  
3114.5864  
2151.0432  
4844.9695  
8357.9811  
23752.2202 
23049.1894 
9897.3535  
3784.3143  
3706.7     
3090.6456  
2378.8676  
1579.2009  
1567.2801  
1578.5662  
2068.1329  
10375.0984 
25337.1529 
28537.5255 
11176.9072 
8233.2983  
3738.1384  
6377.1705  
3669.6053  
3586.0995  
3328.195   
3003.5487  
5414.2438  
16972.7322 
44917.8562 
63176.3884 
24429.2529 
6161.5211  
6795.5267  
3232.0055  
3021.4549  
2591.5958  
2225.0202  
2365.4427  
4618.4643  
12059.5661 
29108.416  
32200.9351 
13148.1628 
8124.9698  
4778.3587  
5419.4899  
3298.0007  
2387.9919  
2829.8359  
2528.7607  
5642.1573  
7439.4439  
24175.7779 
48810.2992 
19036.2388 
11306.8671 
6785.0683  
2094.733   
2194.8837  
1876.5402  
1835.5474  
1628.593   
2038.0338  
7861.0487  
44737.0994 
101268.3764
60085.2271 
15809.3901 
8018.4449  
5313.9904  
3233.7995  
2341.5056  
2774.7483  
2479.5341  
5532.3232  
7294.6226  
23705.1555 
47860.1241 
18665.6662 
11086.7598 
6652.9855  
2507.4979  
2594.4544  
2128.7688  
1920.2438  
2073.6871  
2734.0926  
8015.234   
15793.8171 
12402.314  
5324.6793  
2181.9861  
2586.4609  
2410.7823  
2808.89    
2326.4638  
2314.9199  
1959.0011  
3191.7248  
6195.7512  
23913.4993 
58823.4678 
39087.2336 
13259.2627 
7219.9102  
4594.832   
3655.0979  
2741.3627  
2404.4576  
2275.5832  
2918.6192  
6740.735   
36846.0069 
59663.3875 
32410.4699 
9187.3255  
5446.7633  
5132.827   
4072.8767  
4168.3368  
3038.6442  
2098.5948  
4726.8358  
8154.1905  
23173.0755 
22487.1866 
9656.0287  
3692.0423  
3616.3204  
2507.4979  
2594.4544  
2128.7688  
1920.2438  
2073.6871  
2734.0926  
8015.234   
15793.8171 
12402.314  
5324.6793  
2181.9861  
2586.4609  
2750.139   
2136.9805  
2147.0369  
2434.4456  
2175.0637  
2469.5337  
8918.1814  
34084.1227 
61207.3198 
27096.2612 
9137.2587  
3933.8507  
7162.3688  
4129.0263  
2825.4323  
2419.6683  
2338.5829  
6176.5311  
20438.848  
35911.9511 
56973.0419 
15987.8207 
5670.283   
3539.1938  
5261.1073  
4174.6666  
4272.5125  
3114.5864  
2151.0432  
4844.9695  
8357.9811  
23752.2202 
23049.1894 
9897.3535  
3784.3143  
3706.7     
5833.8832  
4136.3557  
3762.5477  
3493.4701  
2880.4778  
3279.4144  
7732.1552  
56274.9271 
44574.8851 
8825.0854  
4684.0026  
2933.6845  
6614.2259  
4304.4928  
3824.4807  
3510.61    
3113.6588  
6443.8113  
18245.6765 
31337.0325 
71395.1965 
32399.8686 
7879.8894  
5984.4956  
2748.9707  
2125.8439  
1004.8822  
972.4807   
1121.3202  
1493.2265  
4891.6194  
13175.0346 
16411.0354 
5635.684   
3585.9522  
2400.8512  
2635.0961  
2464.5352  
2333.6838  
1987.7421  
2079.1615  
2854.352   
12631.2884 
54565.8748 
44078.2116 
9481.9705  
5610.8778  
2385.1754  
4064.466   
3326.2048  
2532.6441  
2418.0937  
2208.0684  
2752.1098  
7192.8501  
22496.1602 
47325.3529 
32987.3415 
8863.0085  
4631.8847  
2328.826   
2713.3997  
2247.374   
2236.2225  
1892.4034  
3083.2198  
5985.1222  
23100.5429 
56823.7221 
37758.4353 
12808.5046 
6974.4642  
