NaN       
93737.97  
68515.37  
49204.59  
49933.43  
47053.81  
76474.21  
164612.48 
362959.99 
715469.5  
333417.54 
137852.87 
102619.18 
46116.8   
50329.36  
45633.15  
44926.35  
35830.87  
40618.16  
86973.59  
218218.66 
171551.72 
109290.58 
63760.35  
48725.4   
50993.78  
55651.83  
50458.99  
49677.44  
39620.09  
44913.65  
96171.3   
241295.9  
189693.81 
120848.37 
70503.19  
53878.25  
80373.26  
64079.77  
50995.87  
52527.71  
46025.88  
75250.09  
137531.76 
381625.26 
647326.3  
332187.99 
135875.91 
109004.18 
78647.83  
54344.26  
46461.05  
39713.97  
32733.17  
49804.41  
78832.02  
238632.1  
193693.36 
104265.53 
67896.46  
43549.55  
60624.45  
48712.55  
40699.22  
37187.01  
34323.39  
43123.44  
116046.14 
303850.91 
370789.13 
178570.32 
125383.68 
55496.76  
94888.8   
89807     
76639.63  
55854.12  
64930.44  
107133.5  
205596.13 
524945.01 
809228.32 
522154.64 
164513.89 
117129.44 
50843.77  
35480.44  
41774.14  
39503.15  
37082.02  
61609.72  
123069.3  
291037.24 
334615.83 
204588.79 
112248.83 
59586.3   
74028.62  
80973.48  
78861.19  
51346.61  
71594.45  
91871.35  
104565.23 
329242.83 
658899.17 
449275.85 
198529.87 
131895.4  
42374.45  
45795.42  
41260.5   
43760.45  
40953.82  
48353.74  
81892.8   
401445.76 
1112164.71
791839.12 
233053.02 
105903.96 
64862.28  
70947.21  
69096.47  
44988.79  
62729.51  
80495.69  
91617.79  
288475.46 
577313.23 
393645.8  
173947.58 
115563.9  
55922.14  
61030.37  
55335.66  
54478.58  
43449.22  
49254.38  
105465.89 
264616.24 
208026.99 
132527.91 
77317.06  
59085.37  
63162.61  
45435.16  
56864.6   
48287.1   
39442.46  
58991.44  
71689.56  
335211.42 
653493.72 
521702.88 
240937.33 
117937.5  
103741.19 
75656.7   
70033.51  
60231.68  
51909.06  
66155.04  
99355.56  
514612.91 
795920.57 
461882.42 
189872.68 
89864.74  
110732.58 
76514.25  
65415.06  
55915.48  
46086.82  
70122.35  
110991.92 
335983.2  
272711.48 
146801.14 
95595.14  
61315.79  
68687.73  
74962.04  
67967.38  
66914.65  
53367.57  
60497.9   
129541.06 
325021.37 
255514.25 
162780.65 
94966.57  
72573.06  
61551.18  
51928.06  
52466.76  
38265.16  
40377.48  
56937.32  
93536.85  
378272.11 
663744.2  
446365.49 
180596.07 
80555.94  
111025.81 
78041.25  
53127.39  
47260.92  
44650.76  
90988.62  
226922.72 
424191.71 
730829.43 
241915.3  
106041.25 
64771.36  
88406.4   
61087.26  
52225.91  
44641.66  
36794.68  
55984.11  
88613.45  
268241.43 
217726.71 
117202.73 
76321.01  
48953.15  
86028.54  
72128.27  
62272.33  
50218.25  
50371.83  
59139.89  
91160.75  
749573.84 
662234.51 
164188.12 
93466.62  
59753.15  
102807.29 
75144.37  
53965.22  
54764.58  
51606.35  
83873.23  
180539.05 
398077.06 
784692.52 
365676.31 
151190.4  
112547.78 
41763.2   
28678.75  
22163.78  
21068     
20572.29  
25950.31  
53772.16  
114104.51 
147193.06 
61054.18  
48879.4   
32015.38  
45539.89  
49915.62  
50036.27  
44606.84  
37883.38  
55557.2   
130730.75 
613521.19 
562680.56 
153545.44 
101149.38 
48793.53  
62114.04  
55340.51  
43333.03  
44694.15  
42859.31  
53485.93  
79527.36  
250976.93 
548019.82 
408367.05 
130249.92 
67961.52  
55740.73  
40096.33  
50182.77  
42613.16  
34807.8   
52059.69  
63265.73  
295822.64 
576705.41 
460400.56 
212626.16 
104079.34 
