NaN      
660166.4 
519146   
410781.8 
454544.8 
480034.3 
638260.8 
1422592.5
2605182.6
4583980  
2189246.3
971405.1 
653345.8 
182949.5 
245383.3 
197065.8 
182673.2 
196268.3 
223351.7 
383185.9 
1007491.1
802118   
721605.1 
381933.3 
284136.4 
330898.5 
443821.7 
356430.4 
330398.6 
354988   
403973.3 
693063.4 
1822236.5
1450780.8
1305158.1
690797.9 
513914   
457313.8 
479821.4 
524529.4 
383547.7 
453343.7 
797805.4 
811755.9 
2482403.1
5424721.4
2941258.1
1198603.3
574297.2 
482276.8 
315333.5 
301278.9 
224003.4 
208441   
524211.4 
693134.9 
1355012.8
1046097.8
581093.6 
323714.8 
201484.4 
624539.8 
389437.9 
316921.6 
278651.3 
276516.7 
646207.8 
763672.9 
2134410.2
2551643.2
1335172.9
1006860.4
393417.2 
773760.9 
560173.5 
498223.7 
365511.5 
597328.6 
932443.6 
2091530.9
3757027.8
5350887  
2769106.5
1078520.4
797340.1 
505759.9 
352976.5 
324934.2 
276811   
449203   
1080356.6
1593413  
2206401.3
2360069.7
1327086.8
916476.8 
425004   
638062.8 
663321.8 
364005.3 
434880.8 
412065.1 
615377.4 
847277.2 
2633557.9
4161583.5
2171471.9
1497264.9
839161.9 
227993.7 
358369.6 
303695.9 
347349.4 
389511.3 
598537.4 
1021790.2
3300619  
7845255.3
5771229.5
2361984.4
1188832  
774234.3 
804883.9 
441689   
527690.3 
500005.4 
746707.5 
1028097.8
3195595.6
5049723  
2634894.1
1816802  
1018250.6
298100.2 
399830.6 
321101.4 
297649.8 
319801.9 
363931.9 
624367.6 
1641618.1
1306980.8
1175792  
622326.7 
462975.3 
683087.2 
441264.2 
358407.1 
300048.1 
401112.4 
697646.3 
1080286.7
3258410.9
4294901.7
2802563.3
1588134.5
1033157.2
1077483.8
548527.4 
385115.5 
362219.6 
419875.2 
761568.8 
1229486.7
3912353  
4143826.7
2292037.4
814608.6 
528032.2 
543630.5 
355449.2 
339606.7 
252500.4 
234958.1 
590899.9 
781313.3 
1527393.2
1179179  
655018.4 
364896.8 
227116.6 
251760   
337676.3 
271185.7 
251379.7 
270088.2 
307358.1 
527308.7 
1386426.1
1103808.6
993013.3 
525585   
391005.1 
284994.7 
408942.5 
334787   
320075.8 
338160.5 
692188.3 
1567784.8
3385420.7
4241705.4
2093689.6
868629.7 
326894.7 
633718.8 
588683.2 
399075.6 
329539.1 
357865.2 
852608.8 
1956633.9
2249040.2
3664819.3
1548503.7
662711.2 
373287.5 
504122.1 
329616.9 
314925.7 
234149.9 
217882.5 
547956.2 
724531.3 
1416389.8
1093482.1
607414.9 
338377.9 
210610.9 
643246.8 
713077.5 
427740.3 
333415.8 
456461   
585932.2 
1360721.1
3910118.4
3880198.6
1112548.8
575942.8 
373195.7 
634489.7 
498954.2 
394804.7 
436865.6 
461363.7 
613436.1 
1367261.9
2503856  
4405689.5
2104097.2
933623   
627934.4 
531055.4 
444807.4 
320684.3 
371170.7 
385963.6 
344786.6 
477994.4 
788417.2 
1211400.1
841676.1 
753008.8 
489761.6 
270923   
330170.6 
403100.7 
456823.6 
336774.3 
617895   
1195265.9
3385444.9
4251974.1
1385441.5
846511.3 
358594   
341789.6 
406287.3 
253418.6 
286722.3 
301493.7 
523035.2 
745659.6 
2330993.4
4173017.1
3232981.7
842709.2 
445449.2 
600090.1 
387649.3 
314859.6 
263591.3 
352376.1 
612880.2 
949028.6 
2862504.2
3773058.3
2462043.4
1395171.4
907625.5 
