NaN       
1465.0626 
852.6491  
638.8018  
439.5188  
371.7806  
505.4898  
2213.3494 
7033.8887 
18780.0032
10956.4778
3786.7255 
1817.5433 
434.6574  
268.6638  
192.9571  
170.2293  
141.8512  
191.8587  
876.3638  
4029.9175 
4348.1147 
2595.7031 
870.5633  
848.3097  
550.0201  
339.97    
244.17    
215.41    
179.5     
242.78    
1108.9601 
5099.5005 
5502.1506 
3284.6303 
1101.6201 
1073.4601 
771.3973  
400.6241  
305.2919  
241.2153  
248.7709  
384.309   
1054.8053 
5779.5349 
13123.3672
8301.1179 
2189.2196 
1669.7739 
1519.3399 
684.5     
545.26    
386.78    
312.99    
441.92    
965.9499  
4677.0297 
6218.1797 
3810.2498 
1654.2199 
961.9799  
1283.3099 
793.1899  
456.99    
314.38    
166.61    
315.37    
1172.2299 
5549.7496 
9988.7592 
5728.2596 
2493.2198 
814.4099  
1248.9252 
719.0218  
494.8446  
379.5977  
314.0091  
915.4203  
2285.1044 
7491.5845 
15682.4864
9183.7394 
3108.5278 
1666.5511 
499.2701  
457.0446  
264.8272  
194.3045  
197.6293  
515.2961  
2014.7741 
6677.7787 
9975.0613 
5157.083  
2610.7875 
1072.1885 
1307.11   
837.62    
431.01    
403.64    
293.95    
487.54    
1098.84   
7596.6901 
18386.7803
10337.8502
4934.8801 
1727.6    
491.0887  
705.7063  
352.5581  
279.5892  
301.053   
334.6159  
913.8908  
6210.3081 
21668.7606
19122.5932
6662.9548 
2222.2834 
1281.6649 
821.3143  
422.6197  
395.7825  
288.2278  
478.0492  
1077.4492 
7448.8077 
18028.8505
10136.6064
4838.8143 
1693.9694 
550.0201  
339.97    
244.17    
215.41    
179.5     
242.78    
1108.9601 
5099.5005 
5502.1506 
3284.6303 
1101.6201 
1073.4601 
779.5     
513.32    
413.16    
331.24    
314.58    
383.41    
826.12    
5061.8199 
13921.9798
11900.8298
5452.5599 
2112.4    
1004.174  
643.5809  
447.8484  
314.4242  
269.2262  
325.6197  
551.2133  
7884.0762 
14852.3929
9882.6059 
3452.7219 
1505.2851 
1482.2942 
667.81    
531.965   
377.3492  
305.3584  
431.1447  
942.3974  
4562.9909 
6066.5633 
3717.3454 
1613.8855 
938.5242  
550.0201  
339.97    
244.17    
215.41    
179.5     
242.78    
1108.9601 
5099.5005 
5502.1506 
3284.6303 
1101.6201 
1073.4601 
565.09    
409.39    
389.36    
397.09    
321.12    
331.83    
1093.6901 
7170.2505 
15879.6712
10361.6508
3941.1603 
1392.4001 
2173.8799 
1243.64   
639.87    
539.5     
341.36    
603.97    
2719.3399 
8590.4097 
17400.9893
8370.2497 
3092.2299 
1610.5799 
1519.3399 
684.5     
545.26    
386.78    
312.99    
441.92    
965.9499  
4677.0297 
6218.1797 
3810.2498 
1654.2199 
961.9799  
1467.226  
915.1276  
424.4762  
334.2885  
391.9511  
455.4857  
1031.406  
14729.0167
14524.8098
4863.0357 
1900.2148 
954.8308  
1465.0626 
852.6491  
638.8018  
439.5188  
371.7806  
505.4898  
2213.3494 
7033.8887 
18780.0032
10956.4778
3786.7255 
1817.5433 
769.8699  
357.3265  
302.6384  
217.6885  
130.3494  
176.1437  
808.6307  
3919.7106 
6928.8492 
2137.0597 
1245.0717 
718.9026  
759.67    
414.55    
359.6     
303.47    
255.47    
373.69    
1267.0401 
11389.0906
14503.1408
5119.3403 
2485.2901 
769.39    
910.9366  
634.3466  
485.8309  
371.191   
300.1422  
418.8742  
852.1545  
5498.7398 
14643.1788
12486.5124
3408.245  
1411.1833 
753.0003  
495.8693  
399.1143  
319.9793  
303.8856  
370.3757  
798.0355  
4889.7398 
13448.6922
11496.2526
5267.1963 
2040.5874 
