NaN       
2783.6586 
1493.6351 
1374.103  
698.0814  
642.5546  
963.7227  
5455.6678 
13738.3195
30411.1325
17319.3089
7171.0329 
3830.2892 
838.1312  
527.2992  
545.6411  
373.8392  
669.9407  
543.4442  
1660.1095 
7334.363  
7019.7694 
5128.4622 
2106.6839 
1429.22   
1060.5801 
667.2501  
690.4601  
473.0601  
847.7501  
687.6801  
2100.7202 
9280.981  
8882.8909 
6489.6107 
2665.8203 
1808.5502 
1517.148  
679.2659  
739.5698  
369.5892  
560.053   
754.6909  
2017.8905 
7944.3822 
22742.0987
15788.2546
4844.2035 
3165.4493 
2488.2999 
1199.0199 
852.51    
773.56    
592.67    
572.64    
2220.3299 
7622.3796 
9628.2895 
6462.4296 
3458.6198 
2005.5099 
1707.1999 
931.4499  
611.51    
424.87    
236.23    
408.8     
2389.3198 
10542.0892
15728.7388
10978.2592
5204.2996 
1996.7898 
2362.9487 
1336.6018 
1083.6625 
805.5067  
479.679   
1319.0724 
5788.0777 
12545.5641
29288.2842
16743.7033
5348.1948 
2942.1031 
734.7723  
536.5138  
400.4607  
328.6899  
279.5946  
1384.2546 
3733.5711 
12413.9681
16431.0983
9926.3121 
5555.1105 
2179.5649 
2113.61   
1443.59   
595.25    
546.45    
433.2     
926.89    
2809.4301 
13563.3502
27521.0305
15277.6903
10900.7102
3470.7201 
544.1676  
828.2424  
448.171   
378.7139  
510.408   
869.9993  
3984.3654 
20624.425 
38775.2285
36257.5089
13713.388 
4251.4718 
2072.465  
1415.4881 
583.6625  
535.8124  
424.767   
908.8465  
2754.7397 
13299.3167
26985.2871
14980.2842
10688.5094
3403.1566 
1060.5801 
667.2501  
690.4601  
473.0601  
847.7501  
687.6801  
2100.7202 
9280.981  
8882.8909 
6489.6107 
2665.8203 
1808.5502 
1369.01   
1009.2    
792.61    
608.14    
485.76    
638.88    
1421.77   
8626.6299 
22551.1696
19279.3997
9849.4498 
4664.1899 
1701.0374 
1455.1928 
895.7167  
731.0343  
659.3041  
912.8071  
3056.5906 
18426.6104
25862.7292
16476.2014
6739.2852 
3046.7623 
2427.6282 
1169.7845 
831.7234  
754.6984  
578.219   
558.6774  
2166.1921 
7436.5249 
9393.5252 
6304.8578 
3374.2891 
1956.61   
1060.5801 
667.2501  
690.4601  
473.0601  
847.7501  
687.6801  
2100.7202 
9280.981  
8882.8909 
6489.6107 
2665.8203 
1808.5502 
1004.4401 
656.3401  
617.66    
692.2401  
1010.9901 
860.0401  
4100.6803 
15122.9812
27351.4421
18211.4814
7792.5706 
3035.9402 
3148.0099 
1841.6799 
934.62    
729.53    
541.89    
1611.1899 
5746.9898 
16423.5593
29029.0788
13920.3794
5763.0498 
2962.9499 
2488.2999 
1199.0199 
852.51    
773.56    
592.67    
572.64    
2220.3299 
7622.3796 
9628.2895 
6462.4296 
3458.6198 
2005.5099 
2818.4023 
1315.0384 
781.2711  
604.2988  
694.2959  
760.6617  
3016.5561 
25233.4613
23735.7788
8504.9385 
4073.3187 
1857.8806 
2783.6586 
1493.6351 
1374.103  
698.0814  
642.5546  
963.7227  
5455.6678 
13738.3195
30411.1325
17319.3089
7171.0329 
3830.2892 
1095.3553 
517.1481  
384.1419  
294.0123  
184.1073  
275.4349  
1996.5182 
6323.385  
9659.2336 
4172.2316 
2488.8452 
1452.026  
841.8     
708.11    
628.17    
411.58    
404.24    
485.16    
2334.3801 
17707.871 
23750.4013
8750.9905 
5299.9003 
1979.1301 
1815.8674 
1253.3352 
833.0969  
501.022   
452.9463  
814.4122  
2816.7534 
8955.7572 
25155.5439
18886.6993
6276.0378 
2777.6275 
1322.4695 
974.8915  
765.6646  
587.4658  
469.2462  
617.1608  
1373.4359 
8333.3614 
21784.5266
18623.9828
9514.6108 
4505.6275 
