NaN         
7246.38583  
3487.67686  
2109.68213  
2933.69915  
3399.31841  
3478.74174  
15019.94399 
45901.71924 
138070.50503
61512.37423 
16927.09664 
7974.10206  
1656.37948  
1337.90575  
2132.90468  
2058.62049  
1458.02487  
3299.32458  
10869.99032 
39161.99492 
38426.2653  
17256.8505  
5044.21288  
4977.041    
2096.00022  
1693.00018  
2699.00029  
2605.00028  
1845.0002   
4175.00044  
13755.00146 
49556.00525 
48625.00515 
21837.00231 
6383.00068  
6298.00067  
5772.5112   
2893.78103  
3268.04606  
3120.54751  
3184.76456  
3894.16234  
12957.7976  
48091.55033 
104896.5523 
56162.83141 
11659.40902 
9439.90706  
8069.99955  
4675.99974  
3309.99982  
2880.99984  
2993.99983  
3515.9998   
9906.99945  
47250.99737 
56304.99687 
21739.99879 
9139.99949  
3824.99979  
7550.99942  
3039.99977  
3241.99975  
3250.99975  
2406.99982  
3023.99977  
12382.99905 
47136.9964  
79431.99393 
36917.99718 
13642.99896 
3263.99975  
7519.25407  
5657.06924  
3096.68923  
2287.25956  
5497.16963  
5238.94667  
20115.56888 
76055.60131 
164601.24874
75116.06699 
21877.44402 
8849.10233  
1803.97167  
1640.35563  
2100.78793  
2539.195    
3292.24829  
4401.90063  
16793.71762 
53253.87285 
68250.96055 
26136.61273 
13563.34975 
3278.61362  
7467.00013  
4551.00008  
2189.00004  
3184.00006  
3410.00006  
4143.00007  
10818.00019 
48854.00087 
121603.00217
53020.00094 
19538.00035 
5565.0001   
2052.92449  
1366.32109  
3327.76403  
3685.82082  
2713.9524   
3703.52693  
8300.22847  
45639.45252 
153400.77381
137068.85946
30688.61434 
7283.11112  
7321.64234  
4462.40716  
2146.38745  
3122.01811  
3343.61864  
4062.34957  
10607.40951 
47902.97506 
119235.79393
51987.8769  
19157.66011 
5456.66795  
2096.00022  
1693.00018  
2699.00029  
2605.00028  
1845.0002   
4175.00044  
13755.00146 
49556.00525 
48625.00515 
21837.00231 
6383.00068  
6298.00067  
4946.99992  
3347.99995  
3273.99995  
3535.99995  
2401.99996  
3305.99995  
7628.99988  
33277.99948 
102594.99841
74453.99884 
23340.99964 
12497.99981 
8891.97546  
3575.61442  
3143.6477   
3031.69303  
2850.38589  
3148.60145  
6245.68393  
53702.57802 
122329.80432
78767.54594 
19737.70864 
4295.8892   
7873.2307   
4561.98597  
3229.29289  
2810.75312  
2920.99786  
3430.27003  
9665.43947  
46098.88771 
54932.12572 
21209.91765 
8917.14109  
3731.73574  
2096.00022  
1693.00018  
2699.00029  
2605.00028  
1845.0002   
4175.00044  
13755.00146 
49556.00525 
48625.00515 
21837.00231 
6383.00068  
6298.00067  
1898.00014  
1721.00013  
3501.00027  
3662.00028  
2844.00022  
3298.00025  
9393.00072  
65355.00499 
127427.00972
63268.00483 
22466.00171 
4212.00032  
11818.99953 
5422.99978  
3357.99987  
2995.99988  
4216.99983  
5543.99978  
22449.9991  
54653.99782 
126939.99493
39923.99841 
9341.99963  
3896.99984  
8069.99955  
4675.99974  
3309.99982  
2880.99984  
2993.99983  
3515.9998   
9906.99945  
47250.99737 
56304.99687 
21739.99879 
9139.99949  
3824.99979  
7042.66944  
3159.09671  
3421.24264  
2477.51731  
3605.22141  
4500.33059  
7043.62269  
95624.16067 
101249.3356 
20414.97139 
7509.76581  
2263.98753  
7246.38583  
3487.67686  
2109.68213  
2933.69915  
3399.31841  
3478.74174  
15019.94399 
45901.71924 
138070.50503
61512.37423 
16927.09664 
7974.10206  
2354.9623   
1610.12768  
1075.42609  
1406.01756  
1116.91733  
1667.68004  
8376.54537  
28483.06496 
44473.25232 
9178.93236  
7425.59299  
3119.87333  
2231.00012  
3924.00021  
3459.00019  
3883.00021  
3730.0002   
3631.0002   
13209.00071 
92468.005   
100685.00544
23125.00125 
11911.00064 
2340.00013  
3214.86256  
1484.76406  
1839.02699  
3238.41466  
2747.74577  
3373.83928  
6185.37201  
37748.13891 
98411.49624 
88687.42021 
15224.47426 
2923.40524  
4778.82314  
3234.18231  
3162.69799  
3415.79111  
2320.34226  
3193.61013  
7369.6466   
32146.69021 
99107.20844 
71922.88218 
22547.50575 
12073.12141 
