NaN       
4090.0766 
2304.7158 
1465.1735 
1128.3313 
1719.9644 
1656.4284 
4786.4133 
6904.8464 
3569.2212 
2330.2938 
1025.1367 
652.4124  
1365.7248 
956.8975  
772.7095  
755.7375  
699.226   
917.4169  
1721.2412 
35873.3138
19560.6095
5544.9349 
2638.9354 
1909.5881 
871.3772  
915.9611  
734.9947  
653.0659  
668.9468  
941.045   
2265.9433 
20058.2524
28541.7293
8760.5374 
3243.3218 
2264.0957 
1912.9313 
1525.8943 
1120.2935 
892.0487  
919.3888  
1412.352  
2073.4747 
5342.1736 
4712.9347 
2116.893  
2653.0948 
1560.7837 
1596.4587 
1558.4742 
1336.5469 
1309.5489 
1560.0213 
2185.5575 
5306.0556 
8189.9463 
6146.8445 
3338.8177 
2073.8003 
1370.3612 
1883.4193 
1502.3535 
1103.0101 
878.2865  
905.2049  
1390.5628 
2041.486  
5259.7567 
4640.2255 
2084.2345 
2612.164  
1536.7046 
779.0398  
681.4574  
379.6077  
451.0037  
475.9459  
1454.5446 
11789.671 
8807.8684 
5326.8953 
2134.2    
1366.0993 
1705.8874 
1007.7647 
1012.0929 
993.914   
1063.6524 
827.3443  
1174.0505 
2690.7121 
5425.248  
2458.5135 
1023.277  
981.0401  
838.058   
601.5681  
607.8266  
454.8113  
352.0362  
376.9794  
1025.8987 
4138.2423 
12312.538 
15701.7167
4286.0755 
2691.6397 
1816.3152 
1448.715  
1292.7589 
970.67    
988.1911  
928.9713  
1594.3683 
5145.8237 
35163.0568
13540.9123
6245.4473 
2904.7463 
1634.4114 
1034.0776 
950.7901  
936.3181  
565.3828  
426.0908  
973.1459  
1658.8427 
2333.9537 
2174.1084 
1812.8647 
1857.1934 
2093.7644 
1449.062  
1116.4459 
1447.986  
1159.4197 
1010.1739 
1778.3645 
5172.694  
6155.9319 
3221.2262 
3188.1243 
3427.3079 
2837.9199 
2015.0561 
1402.6531 
1264.5041 
1158.1745 
1278.0947 
1655.0045 
5128.8718 
5771.636  
6950.6333 
3880.5475 
2093.1731 
1537.8015 
951.1529  
999.8185  
802.2843  
712.8549  
730.1896  
1027.1988 
2473.3931 
21894.6093
31154.7586
9562.575  
3540.2517 
2471.3764 
1081.8616 
931.134   
593.3782  
552.4823  
550.3978  
807.8455  
1307.6533 
2506.6401 
4909.3801 
3799.9017 
2994.7068 
2144.8078 
1555.2708 
1099.4048 
587.4163  
558.6407  
975.4913  
901.7035  
3384.4362 
15294.3882
10992.5559
2736.0912 
1892.8361 
919.2351  
1455.0942 
1246.8186 
1086.7873 
876.0741  
707.5315  
1341.0562 
4334.2001 
9067.3387 
12090.9487
3354.3306 
4779.0935 
3212.4184 
2565.2557 
1779.5271 
1385.7212 
1190.7832 
1055.6283 
1389.2443 
5746.9523 
9925.4009 
5198.6997 
2059.735  
2099.0818 
1152.7047 
1927.7224 
1142.4482 
559.1376  
690.04    
814.0029  
1066.1036 
2223.3651 
17518.8518
6878.2864 
2061.5145 
1237.8579 
777.3998  
1155.9285 
915.4548  
787.7018  
848.437   
712.7139  
868.1855  
1034.3345 
1582.6293 
731.6794  
1167.7653 
1077.8803 
754.3838  
1350.9778 
942.0342  
791.2582  
703.4759  
909.3472  
1460.8535 
3078.7371 
10029.1664
7256.6429 
3498.3248 
5864.2    
6950.9241 
2450.2003 
1553.4859 
1261.1716 
884.4913  
782.5535  
1349.9732 
1818.3887 
2544.8194 
1383.6074 
1509.808  
1996.4578 
1371.3573 
1564.0764 
1205.7924 
892.393   
884.3504  
713.0445  
885.639   
939.0548  
3753.2954 
4593.5446 
3428.0793 
4832.7834 
4108.7699 
1883.4193 
1502.3535 
1103.0101 
878.2865  
905.2049  
1390.5628 
2041.486  
5259.7567 
4640.2255 
2084.2345 
2612.164  
1536.7046 
812.7918  
714.3407  
631.2722  
496.0213  
594.3857  
706.9045  
1076.0115 
4034.2885 
4943.8177 
2695.7421 
3731.6954 
1279.1032 
