NaN       
15565.1589
7055.3182 
3387.4257 
2382.6366 
2548.0513 
3933.8417 
40634.4329
68849.6134
59266.648 
25987.4486
7665.9706 
4550.6051 
4330.7363 
2913.6815 
2522.1819 
2588.749  
2465.0036 
3031.4459 
15026.2371
46447.063 
49473.3901
20028.1712
5503.1005 
5598.2039 
4183.5981 
3054.2697 
2345.6846 
2266.704  
2496.8817 
3608.2916 
8812.1933 
26522.6592
73514.378 
46337.3188
14898.1784
8090.1763 
4334.5948 
4137.6209 
2768.1815 
2437.2192 
2419.6729 
3805.6295 
9135.8865 
22142.1285
49529.5814
14653.2417
7407.0409 
5576.4262 
3636.5941 
3231.5951 
2812.5775 
2869.7718 
2753.4178 
3736.7218 
18400.1766
44588.8247
59866.3403
13779.809 
5212.4257 
4217.3966 
4267.7224 
4073.7874 
2725.4752 
2399.6188 
2382.3432 
3746.9178 
8994.9418 
21800.5288
48765.4593
14427.1775
7292.7681 
5490.3954 
2995.0206 
2889.0844 
2399.3853 
2158.9474 
2046.476  
4091.8975 
14332.6855
64674.4024
67676.5942
18050.9458
9761.6626 
8247.7493 
5967.6312 
3971.6062 
3233.6075 
3130.6758 
2769.5238 
4977.9811 
14090.837 
42011.9993
28334.4988
5868.7449 
3798.71   
3396.5807 
2855.7715 
2262.531  
2274.6732 
2550.4408 
2363.0449 
3169.0633 
11636.996 
40939.0732
57915.819 
21343.2268
8329.8308 
3922.4797 
4734.2095 
3839.7419 
2881.7416 
2499.4321 
2453.0238 
3716.2286 
8727.3194 
43912.2152
56015.8304
25330.5761
8310.3323 
5388.7789 
3421.9178 
2887.2108 
2631.7649 
1890.2254 
1672.2586 
3351.8855 
8543.9751 
19990.6587
31550.8032
7914.4626 
2988.6974 
3280.9468 
3093.1979 
3022.366  
2808.2777 
2329.7678 
2325.8543 
4324.4764 
12650.9649
26401.3971
44600.5005
11979.1667
5521.341  
5433.3643 
6838.8488 
4012.3566 
3923.6297 
3600.8921 
3369.9298 
7175.2979 
22871.9141
55717.43  
61735.4764
19872.251 
5800.8865 
6997.6485 
4566.6115 
3333.8917 
2560.4348 
2474.2234 
2725.4741 
3938.635  
9618.9601 
28950.8403
80244.707 
50579.5556
16262.1244
8830.8416 
3184.6876 
2638.2326 
2355.9858 
2038.9596 
1959.3187 
5068.6387 
14317.8851
31415.3194
42477.172 
16984.782 
4391.5467 
4150.1711 
4702.8685 
2658.7863 
2696.5304 
3550.4711 
3434.1269 
3965.4722 
28162.9849
63869.0998
88097.7568
17455.5947
9155.9115 
6202.3825 
7337.0922 
5354.633  
4235.4418 
3798.553  
3301.3383 
7140.6445 
16260.5038
74199.4203
86495.68  
19147.4374
11044.0448
6376.7099 
7088.1338 
4798.6635 
3049.6112 
2857.949  
2817.4073 
4353.1689 
14185.0096
41082.7965
50968.5034
17881.7575
6760.6776 
4081.6844 
5913.3106 
4274.8022 
3891.0397 
3572.5339 
3054.7009 
4107.8673 
9848.4819 
65978.8855
41170.6971
6785.3737 
4168.1327 
2855.3568 
2650.811  
2796.4651 
2296.0291 
2048.0518 
2293.5732 
3571.8939 
10647.5618
19312.6722
11947.1947
4269.8591 
2025.0774 
2625.5369 
2753.515  
3090.8541 
1208.7164 
1242.3851 
1549.5942 
3576.6221 
8803.6591 
27487.7555
32106.6816
8151.717  
4786.6577 
12537.6085
5612.8202 
4540.9942 
4650.4824 
3352.3606 
2400.9565 
6387.6656 
11204.7232
29310.6372
22407.0488
8009.4916 
3544.3991 
3797.2171 
2517.179  
2990.3087 
2478.3526 
2438.5881 
2140.0404 
4118.4016 
8129.1635 
28881.2726
55966.9668
30958.0038
12154.2157
7238.7226 
4267.7224 
4073.7874 
2725.4752 
2399.6188 
2382.3432 
3746.9178 
8994.9418 
21800.5288
48765.4593
14427.1775
7292.7681 
5490.3954 
4117.4256 
2795.3093 
2624.7343 
2153.5352 
1961.4183 
3537.2657 
8241.9127 
26212.0362
46494.5321
11624.1963
6014.095  
3333.4008 
