NaN      
171584.62
89672.04 
58417.25 
54903.34 
62745.19 
76008.79 
511277.03
814082.63
717718.53
326263.62
137205.05
70409.5  
73699.8  
64521.06 
58995.73 
59948.39 
48699.62 
62681.53 
231677.33
651106.54
495387.21
240741.17
122641.89
89527.65 
79424.13 
66668.88 
62497.98 
54970.37 
44055.59 
77971.51 
88600.46 
318419.91
914056.14
698563.56
332761.73
110524.6 
70222.91 
61008.74 
48004.66 
38577.63 
41345.84 
54971.75 
108823.98
270369.48
637649.58
180508.19
140044.18
75127.62 
81353.25 
79570.8  
65223.49 
65999.7  
56840.57 
95783.91 
201805.79
522410.72
590011.01
298833.93
122195.38
71563.03 
64520.93 
56054.93 
44106.76 
35445.19 
37988.62 
50508.13 
99987.65 
248415.92
585873.47
165851.22
128672.82
69027.38 
43767.44 
85540.28 
51727.99 
45923.51 
31412.88 
70738.31 
134482.6 
615658.79
721278.18
308777.98
148240.61
95235.28 
78553.35 
63985.24 
72412.55 
51200.78 
40761.54 
69635.53 
140153.47
443963.3 
408296.41
163208.63
83197.66 
75388.22 
63708.67 
55185.36 
54596.22 
39818.22 
42910.25 
69333.04 
134092.05
469000.02
650271.22
355773.53
167933.8 
80258.42 
102211.51
76534.21 
69369.85 
59660.9  
52511.14 
76681.86 
135581.03
607345.3 
742249.61
350429.7 
168065.56
85225.36 
58145    
55086.04 
50244.9  
45743.32 
34762.66 
41119    
87964.81 
203695.87
306240.96
156330.03
76764.6  
63537.48 
63270.98 
71432.63 
58444.47 
43201.05 
46506.99 
58348.49 
129606.96
289159.35
491299.23
253856.79
111043.98
77205.15 
89128.2  
86610.38 
72371.87 
52743.83 
62619.29 
118387.69
267468.88
590636.65
719453.79
377676.7 
138825.88
105900.29
74821.82 
62805.69 
58876.47 
51785.07 
41502.74 
73453.38 
83466.42 
299968.77
861090.3 
658084.65
313479.54
104120.15
66499.8  
54436.39 
42418.95 
43693.16 
39099.43 
73248.18 
157604.97
378226.78
506948.28
211647.7 
100999.42
86812.61 
70565.04 
59094.08 
54027.18 
49165.55 
43367.64 
56401.22 
254608.85
790261.69
1007544.9
245046.91
173813.89
98620.55 
82756.52 
97451.43 
58479.33 
70839.72 
51832.88 
82408.45 
188116.35
774564.92
988911.68
339176.06
186476.35
123374.82
81730.62 
67114.93 
51398.42 
56398.57 
41553.26 
61385.73 
196540.29
557719.84
546470.04
211259.69
115018.35
67646.23 
75862.13 
65305.17 
55206.96 
44520.52 
45606.82 
61354.16 
111339.31
791777.72
552746.39
111492.35
74046.86 
50719.41 
58329.56 
65359.77 
58026.48 
57127.73 
46531.45 
60440.89 
152361.46
330619.03
205379.12
106446.94
72451.59 
59322.01 
59854.38 
57477.04 
48709.59 
40720.07 
45073.67 
65663.56 
109368.19
422795.57
486482.37
135284.56
121989.98
176547.14
83440.22 
59197.31 
49555.75 
42359.25 
35656.31 
62163.81 
115837.6 
303266.2 
194506.95
85182.49 
64714.79 
44473.7  
62343.9  
46045.33 
56427.67 
47916.08 
39972.15 
68502.12 
98004.95 
396331.99
610529.98
396531.81
213651.37
112051.26
70192.71 
60982.5  
47984.02 
38561.04 
41328.06 
54948.11 
108777.18
270253.21
637375.36
180430.56
139983.95
75095.31 
60960.31 
53091.28 
45704.52 
54811.05 
43286.53 
63684.13 
112632.79
319777.5 
657700.95
175844.49
123736.46
59061.78 
