NaN      
876420   
597695.8 
400642.1 
361449.3 
854610.4 
662567.9 
3392248.4
5054603.2
3812741.4
2153459.5
883662.9 
426790.9 
456276.6 
419735.7 
323826.9 
424649.1 
394352.4 
655455.1 
2468977.9
4445571.7
2789297.1
1663856.6
828151.4 
597306.3 
484762.2 
394677.1 
369148.4 
328194   
438340.2 
1031734.4
1049210.4
2954415.2
5790971.3
3726179.5
1361137.1
538126.8 
221128.6 
287254.1 
201879.5 
272393.3 
337365.7 
501637.4 
645566.8 
2072338.1
3884553.4
1164504.5
1119383.6
341890.4 
657004.3 
826419.2 
439395.4 
413623.1 
619194.5 
1102603.5
2031825.9
3350082  
3374094.4
1331571.3
944251.9 
613752.7 
292805.2 
380364.5 
267316.6 
360686.7 
446719.3 
664238   
854820.6 
2744065.2
5143691.4
1541966.7
1482220.2
452710.6 
503664.3 
606398.5 
416023.2 
408005.4 
397491.1 
844118.3 
1266536.4
3729633.4
3875374.6
1326359.3
763562.7 
933690.7 
466038.7 
364230   
303206.4 
327738.9 
317321.7 
691931.2 
997314.8 
2473303.7
1929537.6
622605.2 
468332.6 
405688.6 
283269.3 
415023.8 
336262.8 
321486.7 
346727.3 
782144.6 
1951966.8
3860807.7
3905370.1
1642905.6
781577.7 
314655.1 
1196716.1
622052.2 
432234.1 
406536.9 
481064.2 
961589.4 
1710517.7
4985644.6
4263252.3
2009739.4
819038.3 
567943.3 
377541.7 
450468.6 
446506.5 
357810.4 
353132.7 
488030.2 
899918   
1517415.1
2273666.7
910228.7 
477526.2 
593856.2 
401722.6 
441009.8 
327745.9 
355318.6 
365165.3 
638794.1 
1136909.1
1981139.3
3206465.3
1371711.2
761828.3 
672336.9 
791331.3 
584954.7 
514900.8 
377746.4 
630184   
1084112.3
2679410.2
4408581.5
5069164.9
2235779.1
998515.5 
789695.1 
487004.7 
396502.8 
370856   
329712.2 
440367.9 
1036507.2
1054064  
2968082.2
5817760  
3743416.6
1367433.7
540616.1 
375148   
401898.2 
434816.3 
317947.5 
383635.2 
744021.4 
834136.5 
2336488  
4122160  
1904842.8
890099.7 
456235.7 
464905.9 
498213.7 
371707.9 
536017.2 
430083.2 
534995.3 
3154311  
6907831.5
6209784.9
1978322.5
1228331  
726762.1 
461211.5 
567650.5 
411220.6 
425494.9 
364547.7 
1218195.3
1951716.1
5160189.9
5130101.2
1569031.9
1204445.8
1170250.2
553634   
520316.2 
380331.7 
599456.7 
514951   
721651.8 
1972895  
4255089.3
3581570.4
1357015.9
687711.4 
419033.1 
538232.6 
609224.3 
361676.5 
281920.2 
394002.1 
557365.3 
1426214.6
3753921.5
3007498.5
734935.3 
436261.2 
302408   
247321.9 
338707.2 
269209.4 
249547.7 
273705.7 
343257.9 
648879.5 
1562699.1
1004450.6
770137.9 
467405.3 
371982.4 
562979.8 
554971.6 
417059.4 
384862.9 
512467   
652073.4 
1243959.8
2936409.6
3648543.3
1176554.2
1013866.5
1291318  
817857   
546008.4 
516294.4 
383869.2 
364641.9 
1010619.4
1472387.5
2636497.1
1643283  
777973.4 
496956.6 
330892.3 
521035.2 
343667   
276258.2 
231275.4 
315616.4 
604959.6 
1032175  
2851672.8
3034612.5
1687656.4
1096612.2
763170.5 
284746.7 
369896.3 
259959.7 
350760.1 
434424.9 
645957.2 
831294.7 
2668544.5
5002129.5
1499529.5
1441427.4
440251.4 
417248   
426622.4 
419761   
451254.4 
418001.2 
578764.8 
771111   
1635871.2
4018908.6
1456150.6
1037069.9
435559.5 
