NaN        
2881.14639 
1289.36909 
852.76934  
597.06646  
550.76197  
712.36195  
4353.93932 
10870.20315
14721.16218
9651.59724 
2619.21887 
950.38899  
970.12746  
701.95979  
453.37684  
389.01535  
285.74894  
293.55563  
1706.66658 
15465.02596
16428.72763
8958.22641 
2257.19285 
1378.231   
679.02867  
429.30916  
336.90372  
252.59364  
264.9355   
416.2616   
880.61844  
4888.46151 
22167.5419 
16832.6597 
5552.62837 
1923.50485 
1025.94486 
684.78471  
436.45205  
439.35869  
422.53315  
561.48473  
1212.99536 
5384.89027 
16799.64389
7311.50895 
3676.59126 
1252.9159  
591.73341  
642.50557  
489.0214   
364.83508  
275.47115  
365.65713  
2060.94099 
9135.11898 
15621.11511
5066.8869  
1456.66874 
626.55227  
1010.11701 
674.22013  
429.71865  
432.58044  
416.01448  
552.82238  
1194.28177 
5301.81439 
16540.46586
7198.70998 
3619.87032 
1233.58642 
671.16598  
592.94194  
307.24198  
454.73731  
344.05002  
547.76235  
2469.50908 
15383.5783 
17429.28161
6693.92072 
2352.33715 
1571.85361 
1047.19938 
635.95806  
392.3563   
352.71785  
271.16977  
498.1919   
2433.50141 
11280.60155
11032.42157
3020.7112  
1559.92425 
650.69692  
523.19171  
414.29517  
398.21693  
410.39774  
352.62436  
389.39191  
1483.57521 
8800.02553 
16240.89134
9147.18691 
3224.64894 
1154.24904 
916.67466  
642.15339  
451.60887  
320.40185  
291.49113  
376.74279  
737.22158  
9540.3315  
14977.10363
8601.87505 
2785.3706  
1230.31776 
650.86193  
497.02553  
344.56282  
196.76571  
163.43491  
286.01922  
1570.25697 
5164.28027 
10920.0162 
3276.12713 
1069.07362 
922.9106   
526.19949  
467.1563   
397.07011  
277.93253  
250.66065  
395.72124  
1931.76534 
7671.20092 
17562.69081
6447.39998 
2275.16857 
1476.0746  
1212.9865  
763.29258  
530.90098  
411.54364  
361.71244  
1126.85523 
3251.60432 
9644.94233 
16825.17645
8504.61205 
2668.02224 
1449.20717 
741.19456  
468.61292  
367.74766  
275.71889  
289.19067  
454.37085  
961.2401   
5336.00599 
24197.00681
18373.70978
6060.97813 
2099.60402 
701.94189  
398.46439  
306.87637  
245.01952  
268.4876   
443.2325   
1406.26578 
6971.4372  
13191.47813
7202.36308 
1760.46541 
1360.41985 
969.91943  
747.74755  
512.25044  
407.24286  
340.574    
337.02846  
2200.24393 
12831.70563
24955.4788 
8631.53411 
3210.46214 
1019.15116 
1785.91893 
936.45563  
621.43101  
452.31432  
354.20111  
816.23791  
1961.75889 
13320.4766 
24020.59143
8035.26905 
4168.41484 
1906.58273 
1767.31669 
1285.26764 
571.41886  
417.73374  
398.73284  
478.95066  
2419.34551 
11584.08384
14080.2039 
6587.41388 
2297.23404 
856.00458  
1329.23006 
906.17943  
424.79721  
338.06277  
421.1499   
523.00511  
1369.00454 
17688.1862 
14535.79383
4200.74195 
1521.32142 
774.50073  
535.07514  
361.49832  
262.39391  
233.92408  
207.11067  
299.34861  
1580.60833 
6576.12844 
5912.80927 
3046.75931 
947.07254  
935.00607  
746.31911  
603.4848   
451.66506  
363.31301  
328.17615  
421.24781  
1087.32346 
9912.2621  
15591.0532 
5430.38465 
2323.43283 
3173.85388 
1491.17556 
734.3053   
591.15668  
423.75086  
364.33927  
549.72503  
1388.99456 
6084.85679 
6741.58864 
3565.68257 
1434.76976 
845.34137  
722.06131  
519.72732  
422.76729  
342.5102   
345.61357  
450.1419   
1121.17444 
6215.42822 
14245.71059
10511.15911
4463.47958 
1751.96889 
1010.11701 
674.22013  
429.71865  
432.58044  
416.01448  
552.82238  
1194.28177 
5301.81439 
16540.46586
7198.70998 
3619.87032 
1233.58642 
742.37538  
308.36041  
270.10289  
290.35447  
231.63527  
384.1427   
1035.36427 
6006.92141 
16969.82881
5964.80378 
2202.15258 
605.10172  
