NaN       
4574.8093 
2358.318  
1296.0375 
903.4194  
1237.923  
1288.187  
8935.8039 
18249.6973
23164.6538
15634.6569
4810.9227 
1948.1253 
1509.0593 
912.1462  
694.9914  
522.446   
403.0363  
615.548   
3711.2048 
32726.4647
30814.5773
15947.0318
4724.6462 
2742.9662 
1754.9074 
693.0281  
418.0495  
335.1838  
368.08    
921.4246  
2783.0984 
14542.2278
36112.0277
25025.9344
8413.9201 
3551.3102 
1847.9986 
1431.9816 
874.0284  
915.3628  
597.4612  
1268.8116 
2919.1821 
9508.8257 
26232.3163
11593.9165
6218.3277 
2507.0928 
948.9161  
1148.4729 
967.7457  
610.8226  
489.3839  
1011.0767 
5020.2024 
14921.1269
25638.2891
8573.8604 
2900.4791 
1241.6879 
1819.4884 
1409.8896 
860.5443  
901.2409  
588.2438  
1249.2369 
2874.1461 
9362.1275 
25827.6148
11415.0503
6122.3938 
2468.4144 
1259.5724 
1003.5399 
837.4828  
757.0614  
550.9963  
1307.8231 
8218.9011 
25171.5942
29218.916 
10396.9962
4117.2613 
2925.9009 
1806.2452 
1902.7524 
1196.9589 
697.2526  
391.2616  
1101.7057 
4326.4101 
16896.764 
18076.5423
7312.1079 
3252.7857 
1641.8751 
919.2832  
655.7057  
622.1906  
707.5019  
1095.6279 
991.526   
5480.9208 
18312.2962
27650.2192
15819.574 
6279.6578 
2466.8825 
1523.5465 
1422.735  
883.0116  
731.187   
699.237   
1029.8748 
3998.1117 
21835.8802
25586.595 
14006.3963
5314.8268 
2422.7801 
1203.4066 
828.8812  
437.4307  
313.981   
238.8094  
848.0204  
3729.2941 
9194.9639 
17793.6966
6072.3626 
2403.7598 
2141.1629 
1193.398  
542.3635  
498.4458  
372.0571  
415.0371  
1074.925  
6567.6089 
14163.1833
27481.8021
11337.723 
4326.4673 
2660.0276 
2290.673  
1414.4077 
1156.27   
872.0327  
550.6282  
1610.7862 
8194.4582 
16091.0428
31361.7721
15405.9852
4565.1078 
2532.215  
1915.5713 
756.4756  
456.3224  
365.8703  
401.7781  
1005.7821 
3037.8944 
15873.5861
39418.1269
27317.0886
9184.2246 
3876.4369 
1401.9084 
685.1607  
752.1743  
381.3785  
612.7911  
878.458   
2723.0907 
9712.5639 
23212.2409
13846.8766
3941.3703 
2596.9252 
2192.282  
1483.7448 
661.1292  
541.2457  
1282.9422 
1686.1636 
8772.4373 
25858.6676
37990.2937
13498.324 
5991.6005 
2193.4144 
3370.6743 
1252.0962 
1031.7713 
608.8428  
539.9785  
1689.2621 
5330.4795 
24297.7514
40255.3383
13313.6441
7700.1048 
3307.1866 
2547.0939 
2806.7554 
1260.5513 
952.1862  
945.2949  
1171.6499 
5383.806  
21619.9379
23301.0833
9928.8756 
3695.517  
1427.0333 
2555.2813 
1301.4754 
779.6361  
611.8351  
745.3802  
868.7397  
3994.1414 
30268.8953
23770.3603
7318.7128 
3251.7587 
1495.5022 
1037.3048 
712.3812  
743.2853  
516.6897  
981.8046  
847.2404  
3000.5962 
12009.952 
9596.5326 
6024.3364 
2295.7708 
1570.4675 
1421.3034 
921.3234  
751.1196  
488.1887  
510.8116  
1014.3459 
4864.0951 
17526.6805
25819.3079
9722.7691 
4955.5566 
5375.4656 
2453.3386 
1290.4574 
925.1356  
851.7236  
691.9304  
711.2012  
3197.0314 
9943.2752 
10485.7854
6047.5429 
3002.5622 
1755.5527 
1275.0126 
1025.9994 
812.4854  
632.5044  
535.708   
749.5353  
1933.8012 
10629.9595
23199.1758
17042.2936
8077.0498 
3856.702  
1819.4884 
1409.8896 
860.5443  
901.2409  
588.2438  
1249.2369 
2874.1461 
9362.1275 
25827.6148
11415.0503
6122.3938 
2468.4144 
1470.9333 
935.9814  
623.9034  
514.9469  
329.7794  
975.2033  
3085.7611 
12199.7055
28236.0568
10755.7083
4728.8889 
1278.1881 
