NaN         
25180.20902 
8748.22425  
4887.48326  
5286.97812  
5308.6983   
4456.75617  
47312.57888 
96602.81428 
127669.26121
62264.39372 
15686.25092 
4063.49376  
4256.73735  
3848.74967  
2657.40641  
3367.98986  
2692.04557  
3133.65737  
20968.25893 
95347.04681 
103254.41113
44182.04743 
11290.6437  
5406.33627  
4170.14991  
2722.27718  
2499.2575   
2641.93305  
3222.68376  
5326.38574  
12263.63617 
54508.16025 
145469.69373
97356.98759 
26250.45865 
7359.18875  
6008.44432  
3982.03441  
3754.87589  
2778.07519  
3617.68838  
3675.49236  
8946.19697  
39155.04195 
129294.22742
30741.55647 
14908.20029 
5290.94667  
2205.16433  
3270.61493  
2361.43304  
2744.18101  
2708.44349  
4488.76877  
27791.91955 
74300.23315 
111021.2145 
21283.7013  
6282.01885  
1963.51115  
5915.7485   
3920.60121  
3696.94721  
2735.21619  
3561.87617  
3618.78837  
8808.1787   
38550.97399 
127299.529  
30267.28832 
14678.20268 
5209.32011  
3311.59021  
3669.21989  
2944.78688  
2795.26181  
3586.44827  
5767.40485  
20805.95711 
106915.52045
126078.5036 
35406.47014 
14000.67691 
10466.78763 
6099.68817  
2612.49707  
2176.29413  
2496.23333  
2838.01584  
4539.90047  
21665.63669 
82484.44542 
70840.45844 
11772.75871 
6360.85616  
3109.15369  
1933.55025  
1796.44253  
3540.31452  
3728.17737  
2962.89165  
3948.63022  
14061.1477  
81555.75682 
124821.92112
48520.72452 
20178.10751 
4089.16099  
9161.22666  
3774.79467  
3214.91362  
3121.63847  
3003.25836  
3812.6877   
9455.81266  
67775.61011 
121189.26811
61093.18823 
17928.9378  
4217.93932  
1510.03322  
1299.86021  
662.33648   
684.5357    
1654.94181  
3080.33657  
16263.88629 
38127.5188  
67445.64282 
17935.75792 
6021.29847  
3855.7536   
2185.80297  
1951.13901  
2567.51944  
1896.80564  
2420.03199  
4959.44796  
22093.6416  
49461.85801 
117911.7906 
29087.55758 
9342.99788  
6035.98921  
8086.92334  
6234.22001  
3305.86627  
2458.29205  
6045.89948  
6622.12152  
31791.07967 
100198.75317
170222.86646
60817.93101 
20744.71589 
9069.80671  
4551.93211  
2971.5049   
2728.06751  
2883.80517  
3517.72431  
5814.02271  
13386.3867  
59498.44736 
158787.61776
106270.13597
28653.71946 
8032.93126  
5781.28446  
2969.63161  
3248.70511  
3123.41385  
3261.6938   
4583.66009  
19069.9471  
58999.01216 
101016.193  
42344.03418 
10295.10336 
9009.71901  
6470.27528  
2868.2199   
5973.73434  
3692.81786  
2884.26164  
4418.13045  
24208.74394 
92820.92374 
173099.59075
40138.03282 
19313.20626 
6326.86942  
9482.20017  
4923.56838  
3907.10472  
4453.99793  
3063.9048   
5146.32659  
19287.07184 
100850.73425
168219.45835
43079.66077 
26532.5568  
12471.03795 
11743.77584 
6021.1882   
3166.79588  
3322.84807  
2722.10851  
3541.79774  
22172.9252  
76557.03624 
99313.94759 
28341.5413  
12112.07222 
3318.80414  
6959.04494  
3198.54714  
3355.57541  
2446.57297  
3642.97687  
5226.3747   
10227.44534 
115744.12945
96200.48606 
15186.14697 
6542.41292  
2131.85916  
2176.89072  
1801.75156  
2781.97834  
2703.85361  
1958.74793  
5095.10797  
20989.0311  
63037.70432 
48553.29265 
17071.20081 
5844.30494  
6233.10033  
2538.09433  
1433.33851  
1767.28471  
1490.17675  
2587.34411  
4245.95039  
9200.02495  
64822.52757 
99820.11974 
24150.68758 
13422.12435 
27269.1275  
8457.88859  
5021.58409  
3443.4491   
3017.38348  
3208.84748  
4331.11206  
15257.96022 
60662.83079 
56742.98884 
17152.96661 
8445.71464  
3820.38013  
5100.00073  
3536.75205  
3350.21228  
3643.26399  
2532.33691  
4005.64143  
11557.45321 
42024.84888 
101702.1596 
57783.75771 
21215.25531 
12278.76616 
5915.7485   
3920.60121  
3696.94721  
2735.21619  
3561.87617  
3618.78837  
8808.1787   
38550.97399 
127299.529  
30267.28832 
14678.20268 
5209.32011  
1760.08901  
1258.24315  
1508.17274  
3320.31669  
2480.25269  
3884.66554  
10930.49779 
48303.12442 
106505.26208
23549.62614 
14311.38227 
2984.65137  
