NaN       
2263.14   
1590.74   
1269.42   
1172.23   
1122.65   
1257.52   
2651.9    
2923.64   
1555.04   
1309.09   
1130.18   
1178.18   
1679.0415 
1320.6687 
1174.1451 
1160.2794 
1085.0411 
2324.5319 
3821.4122 
6670.6358 
4146.1339 
2728.445  
1603.8032 
1267.2023 
2263.14   
1590.74   
1269.42   
1172.23   
1122.65   
1257.52   
2651.9    
2923.64   
1555.04   
1309.09   
1130.18   
1178.18   
869.7985  
801.3599  
685.2485  
583.1965  
462.8026  
914.6163  
1042.9489 
1627.5627 
1503.3073 
1244.6086 
5677.1262 
3519.9449 
1102.9923 
922.0022  
589.6799  
539.3042  
515.3401  
724.3601  
1090.7952 
2116.6008 
4986.7998 
4432.2569 
3406.4616 
2352.2269 
1515.5914 
1040.5255 
557.9639  
521.2227  
873.0035  
772.7967  
2698.437  
12343.9569
10672.5766
3050.4116 
2057.9629 
963.591   
1105.5439 
1078.3412 
1062.7954 
1117.2008 
833.5268  
1132.7368 
2415.0932 
4929.2701 
2687.1005 
1284.2862 
1200.7484 
988.9651  
1410.664  
959.9415  
777.966   
747.3878  
663.2761  
833.3981  
1454.628  
30688.6677
20129.6967
6552.5235 
3041.1479 
2121.73   
1047.27   
935.21    
924.3     
548.23    
396.3     
866.78    
1374.55   
1957.69   
2193.72   
2100.5    
2098.51   
2280.99   
1442.469  
981.5845  
795.5062  
764.2386  
678.2304  
852.188   
1487.4242 
31380.5786
20583.5436
6700.2576 
3109.714  
2169.5668 
1103.2934 
1095.504  
990.4359  
867.8467  
679.0969  
1151.9425 
2317.4919 
3364.3566 
3054.9698 
2113.1831 
1299.8227 
1371.8203 
1684.5278 
1324.984  
1177.9816 
1164.0706 
1088.5864 
2332.1272 
3833.8985 
6692.4319 
4159.6813 
2737.3601 
1609.0436 
1271.3428 
1562.98   
1073.06   
575.41    
537.52    
900.3     
796.96    
2782.81   
12729.92  
11006.28  
3145.79   
2122.31   
993.72    
1232.3978 
1099.9559 
889.3205  
829.9023  
745.5728  
1201.7369 
2721.63   
3561.1181 
2664.1348 
5590.844  
4718.7721 
2054.6373 
1102.9923 
922.0022  
589.6799  
539.3042  
515.3401  
724.3601  
1090.7952 
2116.6008 
4986.7998 
4432.2569 
3406.4616 
2352.2269 
1920      
1568.93   
1340.83   
825.12    
1003.64   
1799.01   
4310.08   
4284.3    
4058.18   
2820.5    
2037.03   
1301.16   
1606.61   
1392.4    
1049.26   
1049.26   
946.12    
1555.04   
4669.09   
32296.86  
14961.32  
7923.97   
3594.05   
1949.75   
2147.8824 
1814.0792 
1134.5421 
689.0738  
679.5372  
2976.4399 
3920.2388 
8462.384  
4901.7835 
3119.4998 
1456.4244 
959.6966  
1376.53   
932.23    
785.85    
686.28    
850.91    
1309.09   
2566.61   
8463.47   
7366.61   
4078.02   
6666.45   
7618.51   
1679.0415 
1320.6687 
1174.1451 
1160.2794 
1085.0411 
2324.5319 
3821.4122 
6670.6358 
4146.1339 
2728.445  
1603.8032 
1267.2023 
2502.2375 
1889.8183 
1554.2967 
1228.8838 
844.857   
1006.5546 
1521.9531 
5333.9232 
8292.9454 
4119.1834 
5562.3156 
3096.4672 
1152.4    
1249.59   
1003.64   
884.63    
684.3     
884.63    
1432.07   
3633.72   
2957.36   
2310.74   
3112.07   
2251.24   
623.0888  
611.454   
459.1772  
349.1139  
358.5908  
934.5337  
3506.9602 
10562.3086
16203.4211
5078.9821 
3110.5016 
2023.7011 
752.2717  
834.1245  
585.2429  
447.3968  
442.7307  
754.6048  
1798.5176 
3488.1563 
6538.8263 
3810.9113 
4071.4582 
1501.034  
1376.53   
932.23    
785.85    
686.28    
850.91    
1309.09   
2566.61   
8463.47   
7366.61   
4078.02   
6666.45   
7618.51   
