NaN       
5127.3604 
2762.0993 
2693.4703 
2975.3451 
2975.9402 
3141.225  
12632.9736
48687.7578
40077.9514
10108.3386
4331.8589 
4160.3459 
4335.4386 
3508.1614 
2306.1236 
2746.4035 
2712.2083 
3941.9666 
11498.1057
57940.3917
62741.9894
23314.7392
7240.0665 
4746.7903 
5127.3604 
2762.0993 
2693.4703 
2975.3451 
2975.9402 
3141.225  
12632.9736
48687.7578
40077.9514
10108.3386
4331.8589 
4160.3459 
3174.0608 
2443.0723 
1621.8229 
1609.5803 
1621.171  
2123.951  
10655.1181
26020.9923
29307.7417
11478.5674
8455.5116 
3839.0293 
3221.9631 
2617.8311 
2336.2305 
2044.6358 
1894.6439 
4149.5204 
11527.5448
27477.5572
47161.1387
22653.3167
5060.807  
4372.6599 
4258.4705 
2361.2885 
2393.2355 
3186.621  
2972.1858 
2905.6183 
20294.2832
49999.3692
87544.8548
20837.4013
9443.6731 
5848.9153 
6305.7166 
4115.982  
3348.9532 
3278.8701 
2797.0896 
4256.3621 
11848.7759
38378.5659
32856.6267
8175.1514 
4572.1152 
3737.6651 
4080.6621 
2692.6865 
2329.3493 
2417.756  
2220.0117 
2311.3812 
11267.3909
37836.4236
51158.2333
24878.7349
5906.4277 
5493.4299 
3371.152  
2789.7294 
2541.2369 
1845.7632 
1574.639  
2672.0882 
6698.4291 
17026.2416
34110.9766
10278.9392
3353.8162 
3366.1536 
4172.6652 
2753.3962 
2381.8671 
2472.2671 
2270.0644 
2363.4939 
11521.427 
38689.4887
52311.6538
25439.6542
6039.5949 
5617.2855 
4217.6648 
3164.4064 
2904.069  
2683.2327 
1927.322  
2468.6036 
8879.7265 
48563.7589
67466.0775
31731.0052
8672.3166 
6350.1589 
4349.6045 
3519.6242 
2313.6588 
2755.3772 
2721.0704 
3954.8469 
11535.6753
58129.71  
62946.9967
23390.9193
7263.7232 
4762.3003 
4391.6217 
2435.1198 
2468.0657 
3286.2583 
3065.1182 
2996.4694 
20928.8321
51562.7181
90282.1524
21488.9321
9738.9519 
6031.7955 
4966.5211 
5350.6784 
3632.9053 
2819.8557 
2709.7433 
5223.1051 
8445.2306 
18041.6681
20870.5514
13294.241 
5600.2857 
4044.7584 
3221.9631 
2617.8311 
2336.2305 
2044.6358 
1894.6439 
4149.5204 
11527.5448
27477.5572
47161.1387
22653.3167
5060.807  
4372.6599 
4560.6553 
3278.602  
2855.165  
2775.3689 
2572.7547 
3252.8761 
10855.5815
36547.3857
33816.4273
14225.841 
6722.2112 
4986.6312 
4637.734  
3689.2256 
2766.9589 
2426.9081 
2296.8304 
2945.8704 
6803.6734 
37190.0388
60220.4657
32713.0871
9273.1077 
5497.6198 
7174.9038 
4136.2526 
2830.3771 
2423.903  
2342.6757 
6187.3407 
20474.6185
35974.8014
57072.7517
16015.8013
5680.2067 
3545.3878 
2731.0378 
3006.7241 
1175.0436 
1221.3781 
1469.0178 
2870.557  
6948.7663 
23570.1563
34947.0604
10658.7789
5407.807  
12950.3332
4335.4386 
3508.1614 
2306.1236 
2746.4035 
2712.2083 
3941.9666 
11498.1057
57940.3917
62741.9894
23314.7392
7240.0665 
4746.7903 
5016.2787 
3250.2598 
2585.5418 
2398.3771 
2083.1076 
2845.6119 
7811.7644 
35050.2622
59595.4266
15275.5965
8476.8866 
5985.4728 
3051.7296 
3128.5108 
2730.4824 
2551.5313 
2347.7666 
2943.867  
7814.543  
19886.1671
29769.2201
15282.2516
8237.2263 
5018.2878 
2734.8154 
2125.0734 
2135.0737 
2420.881  
2162.9444 
2455.7736 
8868.4899 
33894.2084
60866.277 
26945.2827
9086.3465 
3911.9316 
2507.5177 
2536.4694 
1944.9337 
1382.5053 
1948.5503 
2502.3652 
11559.5706
37796.0811
60566.3828
30453.1099
8087.7426 
4580.2743 
2731.0378 
3006.7241 
1175.0436 
1221.3781 
1469.0178 
2870.557  
6948.7663 
23570.1563
34947.0604
10658.7789
5407.807  
12950.3332
