NaN       
89791.97  
63192.75  
74177.51  
64817.01  
49178.69  
64779.52  
132498.62 
566274.5  
532451.3  
254480.44 
120798.27 
79731.79  
68165.75  
64348.85  
52247.77  
53651.85  
47481.86  
68550.67  
118583.76 
637767.9  
630689.66 
289986.03 
135302.86 
76273.59  
68255.95  
48036.38  
56386.51  
49271.07  
37383.5   
49242.57  
100719.68 
430457.21 
404746.29 
193444.95 
91825.59  
60608.63  
64657.39  
51953.08  
43406.68  
39660.82  
36606.7   
45992.16  
123765.92 
324064.11 
395455.29 
190449.43 
133724.63 
59188.59  
73855.31  
58883.16  
46860.31  
48267.92  
42293.36  
69147.61  
126378.49 
350676.98 
594830.72 
305248.87 
124856.92 
100164.38 
66446.92  
54196.3   
50603.59  
46050.03  
39773.28  
45143.23  
173101.4  
621226.2  
1002346.76
299649.51 
182180.56 
96476.55  
83697.39  
66399.88  
76744.06  
54263.46  
42299.78  
63066.25  
107818.39 
394900.63 
459611.69 
225823.63 
98671.25  
83448.74  
86191.37  
73491.87  
68628.07  
69736.28  
55470.67  
62309.75  
195624.32 
635686.7  
612083.41 
365617.49 
159649.9  
108773.67 
59060.71  
54496.45  
50764.72  
46216.56  
34390.59  
35501.59  
64511.49  
172727.73 
328638.07 
206209.07 
86791.97  
67047.92  
70457.54  
60076.28  
56100.34  
57006.25  
45344.76  
50935.4   
159914.02 
519645.07 
500350.45 
298875.73 
130506.56 
88917.55  
58137.72  
72143.32  
54410.7   
43566.8   
39082.25  
42114.44  
97974.42  
519399.39 
776387.59 
517698.28 
214590.08 
96255.84  
72659.32  
68590.8   
55692     
57188.64  
50611.91  
73069.6   
126400.94 
679810.27 
672265.42 
309102.23 
144222.17 
81301.63  
63444.76  
51747.64  
48317.26  
43969.43  
37976.27  
43103.61  
165280.47 
593158.45 
957059.53 
286110.99 
173949.42 
92117.62  
46166.03  
65315.17  
52551.52  
41311.37  
40294.79  
60488.01  
91505.23  
235961.64 
256367.53 
147163.33 
82322.07  
68805.84  
62594.94  
49905.52  
39715.74  
40908.74  
35845.1   
58605     
107110.16 
297210.93 
504139.71 
258709.03 
105820.58 
84892.79  
48964.89  
85001.12  
47508.19  
46970.56  
41117.17  
54818.28  
106005.96 
373373.79 
396516.4  
262331.51 
140325.16 
92944.47  
84015.72  
61271.24  
56717.26  
48779.16  
42039.01  
53576.24  
80463.98  
416763.8  
644583.3  
374059.55 
153770.06 
72777.76  
107695.49 
75700.33  
51533.79  
45843.29  
43311.42  
88259.34  
220115.97 
411467.7  
708907.55 
234658.83 
102860.45 
62828.48  
52799.34  
49381.85  
42739.64  
35729.32  
38725.39  
49235.23  
69657.11  
311355.53 
453385.9  
154974.38 
119781.31 
161793.98 
65593.75  
61920.87  
50276.38  
51627.49  
45690.29  
65964.15  
114109.41 
613703.93 
606892.76 
279044.41 
130197.67 
73395.67  
76424.82  
48832.81  
61993.22  
40382.1   
37554.2   
42209.25  
84636.18  
314291.36 
523853.48 
310609.72 
132663.31 
101228.52 
64597.97  
59780.64  
54435.53  
52992.6   
55682.2   
66356.95  
112987.05 
357204.79 
458807.51 
243182.8  
138732.45 
88653.59  
68879.31  
58110.48  
58713.32  
42820.91  
45184.72  
63716.13  
104673.11 
423308.22 
742767.89 
499508.63 
202097.38 
90146.73  
58411.03  
52820.3   
53125.89  
42039.86  
46856.42  
50145.03  
97595.48  
482227.97 
794407.19 
471867.85 
179378.43 
83319.49  
58639.55  
54844.05  
47467.13  
39681.4   
43008.87  
54681.21  
77361.98  
345795.03 
503535.58 
172116.32 
133030.5  
179690.24 
