NaN      
707766.1 
595536   
552217.1 
618756   
642814   
855122.7 
1857161.5
4133126.5
3357427.4
1448893.3
765476.4 
656509   
396340.2 
453700.9 
377874.6 
389569   
357295.5 
770106.9 
948741.3 
3320658.4
3234335.4
1504807.3
726800.7 
365899.7 
525033   
441778.8 
409644.1 
459003.7 
476850.4 
634344.6 
1377674  
3066023.7
2490596.9
1074813.8
567843.4 
487009.6 
579158.3 
361139.8 
293892.8 
258403.4 
256423.9 
599251.8 
708181.4 
1979315.5
2366230.7
1238153.9
933697.9 
364829.9 
290787.2 
305098.8 
333526.9 
243882.4 
288262.8 
507291.9 
516162.4 
1578458.9
3449359  
1870226  
762142.9 
365172.1 
372519.8 
390977.6 
294739.6 
425025.8 
334067.6 
377080.5 
2017741  
4824175.7
5371576.5
2007907.5
1087238.5
601329.2 
511981.6 
391886.1 
329627.3 
356297.4 
337932.3 
668644.3 
874664   
2368137.3
2288371.4
866377.9 
568344.7 
460215.2 
449448.5 
404929.6 
315658.1 
413937   
376559.6 
567929.6 
1941536.5
3816598.1
2966111.1
2076012.4
901128.2 
607553.5 
228085.2 
266531.5 
266939.2 
213913.1 
206808.1 
259345.5 
434021.9 
798975.8 
1482859  
696538.3 
318679.8 
370466.7 
372241.1 
335369.8 
261433.6 
342829.9 
311873.2 
470369.2 
1608014.5
3160973.4
2456585.2
1719389.9
746330.1 
503186.5 
316857.4 
367249   
246328.9 
462250.1 
424143.9 
859961   
1335333.9
4214112.8
4362168.3
1963696.6
934950.9 
559064.6 
467441.7 
535092.7 
445663.4 
459455.8 
421392.6 
908260.3 
1118940.8
3916368.2
3814559.4
1774762.4
857185.2 
431540.3 
326591.9 
342774   
258401.2 
372624.5 
292880.4 
330590.3 
1768974  
4229403.6
4709315.5
1760352.9
953193   
527191.4 
362941.5 
399177.2 
323071.1 
277696   
305280.3 
724874.4 
1083730.8
1954238.9
1710536.8
995070.7 
451446   
457614.5 
326664.7 
342742.1 
374677.6 
273972.7 
323828.8 
569881.9 
579846.9 
1773210.1
3874943  
2100975.6
856176.6 
410227.3 
406730.8 
690266.1 
448453.1 
385942.3 
585259.2 
848679.6 
1551307.2
3134693.1
2582201.2
1539866.3
1020069.1
686245.1 
1326496.3
675295.1 
474117.8 
445930.6 
516910.7 
937571.6 
1513627.9
4816519.7
5101488.2
2821740.1
1002869.2
650063.4 
852724.6 
792125.2 
536991.4 
443423.9 
481539.2 
1147260.3
2632823.6
3026282.1
4931337.7
2083648.4
891736.4 
502291.3 
572755.3 
552966.6 
419881.3 
387466.9 
505405.2 
583542.7 
1010320.8
2603694.5
4007160.4
1516179.2
1139415.7
1356579.6
496696.3 
568581.1 
473555   
488210.6 
447765.2 
965103.2 
1188969  
4161471.7
4053291.2
1885834.8
910831.7 
458548   
603138.4 
449310.6 
255620.1 
322372.3 
404731.6 
558624.1 
983775.1 
2464304.3
3579358.2
1491758.3
940800.5 
804461.9 
425095.7 
447738.8 
431423.5 
370976.7 
526660.1 
616935.9 
971804.4 
2811043.9
3098759.6
1444315.3
829437.9 
555145.5 
339856.9 
487664.8 
399234.2 
381691.1 
403257.2 
825436.2 
1869587  
4037122.2
5058243.6
2496729.8
1035843  
389822.7 
510533.3 
429401.7 
510090.4 
371389.3 
430315.3 
502648.3 
681254.4 
2455516.2
4458375.3
2660908.8
1414646.8
642293.1 
440389.8 
425174.4 
322845.5 
297922.2 
388604.6 
448684.2 
776832.6 
2001972.9
3081093.6
1165785.7
876093.3 
1043070  
