NaN       
1285.29   
581.36    
475.04    
427.44    
363.17    
422.08    
1972.76   
11252.23  
11690.58  
4536.2    
1701.82   
1533.22   
942.0913  
597.1649  
453.2268  
391.6446  
359.7704  
459.1664  
1158.3029 
10652.4274
15372.7664
8288.3048 
2795.7672 
1324.6218 
1285.29   
581.36    
475.04    
427.44    
363.17    
422.08    
1972.76   
11252.23  
11690.58  
4536.2    
1701.82   
1533.22   
1317.9459 
814.5978  
469.3239  
322.865   
171.1067  
323.8817  
1203.8679 
5699.5351 
10258.3518
5882.863  
2560.5108 
836.3905  
787.3221  
408.8946  
311.5943  
246.195   
253.9065  
392.2426  
1076.5807 
5898.8477 
13394.286 
8472.4862 
2234.4139 
1704.2447 
975.1302  
687.7848  
466.2128  
366.7817  
288.6933  
267.341   
1509.8218 
9732.0639 
22712.6453
9101.2188 
3652.4088 
1144.388  
1229.8906 
683.339   
417.1503  
371.1007  
268.52    
461.6424  
1950.7276 
9994.5437 
11729.5894
3720.7537 
2073.125  
853.5394  
1036.016  
685.8363  
438.3004  
372.1616  
257.2886  
247.3432  
1243.9824 
12458.9633
15882.4109
10033.3113
2727.6659 
1643.8697 
721.39    
504       
345.72    
195.37    
152.73    
250.12    
1187.9    
4318.02   
10956.69  
3808.26   
1340.83   
1142.48   
1059.3741 
701.2993  
448.1823  
380.5524  
263.0895  
252.9199  
1272.0294 
12739.8648
16240.4979
10259.5237
2789.1643 
1680.9326 
964.164   
553.0054  
421.8616  
305.3057  
281.3686  
338.9647  
798.5763  
8855.5227 
12743.3067
9159.0723 
3759.3674 
2440.0812 
945.1695  
599.1161  
454.7077  
392.9243  
360.9459  
460.6667  
1162.0876 
10687.2338
15422.9964
8315.3865 
2804.9023 
1328.95   
1005.62   
709.29    
480.79    
378.25    
297.72    
275.7     
1557.03   
10036.36  
23422.81  
9385.79   
3766.61   
1180.17   
919.6045  
601.8251  
424.7302  
336.7577  
251.0753  
609.6812  
1617.6447 
6671.8216 
9035.0391 
4682.352  
1849.5581 
1261.1454 
787.3221  
408.8946  
311.5943  
246.195   
253.9065  
392.2426  
1076.5807 
5898.8477 
13394.286 
8472.4862 
2234.4139 
1704.2447 
751.14    
593.45    
382.02    
280.26    
238.61    
353.26    
1968.6    
9318.35   
8792.73   
5422.81   
2477.36   
1283.31   
1013.55   
649.59    
452.03    
317.36    
271.74    
328.66    
556.36    
7957.69   
14991.07  
9974.88   
3484.96   
1519.34   
2177.6845 
1245.8165 
640.9898  
540.4442  
341.9574  
605.027   
2724.0991 
8605.4439 
17431.4432
8384.8986 
3097.6417 
1613.3986 
816.4     
603.97    
447.27    
356.03    
302.68    
363.57    
811.83    
8179.84   
15439.34  
6230.08   
2876.03   
3877.69   
942.0913  
597.1649  
453.2268  
391.6446  
359.7704  
459.1664  
1158.3029 
10652.4274
15372.7664
8288.3048 
2795.7672 
1324.6218 
1176.3331 
623.5366  
411.7135  
329.2546  
263.7624  
310.6576  
784.4292  
6502.1755 
15219.5721
5778.5816 
2829.6681 
1780.6714 
555.17    
423.67    
423.87    
360.4     
265.19    
292.56    
704.93    
5478.35   
10915.04  
7422.15   
3411.57   
1445.95   
561.9414  
407.1089  
387.1905  
394.8775  
319.3308  
329.9811  
1087.5961 
7130.2984 
15791.1908
10303.9164
3919.2004 
1384.6418 
713.3842  
424.0663  
348.8107  
288.5435  
219.9048  
323.7353  
1091.9463 
9115.0831 
16952.7326
10950.5472
4050.0687 
1294.1571 
816.4     
603.97    
447.27    
356.03    
302.68    
363.57    
811.83    
8179.84   
15439.34  
6230.08   
2876.03   
3877.69   
