NaN       
2366.71   
1306.13   
1050.66   
665.86    
531.58    
908.05    
3488.38   
16314.46  
16452.32  
7536.89   
3416.38   
2790.78   
1601.4473 
1109.8077 
950.217   
726.8679  
778.5475  
964.2724  
3340.5138 
16306.3525
23396.6539
14692.6267
5054.035  
2536.2214 
2366.71   
1306.13   
1050.66   
665.86    
531.58    
908.05    
3488.38   
16314.46  
16452.32  
7536.89   
3416.38   
2790.78   
1753.2765 
956.5894  
628.0144  
436.337   
242.6057  
419.8333  
2453.8066 
10826.6159
16153.2511
11274.5579
5344.7615 
2050.6824 
1548.468  
693.2887  
754.8374  
377.219   
571.6147  
770.2707  
2059.5478 
8108.386  
23211.5866
16114.1873
4944.2072 
3230.7968 
2242.8325 
1390.5899 
614.5157  
495.8462  
1108.4322 
1369.4315 
6145.3219 
19995.0474
35186.5006
14549.6313
6961.5991 
2527.4823 
2078.6008 
2005.9264 
1251.4706 
718.5154  
380.2401  
1006.4603 
3409.1423 
14696.4847
18832.6843
8865.6077 
4251.2306 
2128.1377 
1620.3747 
897.2528  
678.0111  
502.3382  
365.4736  
524.7057  
2728.6585 
26559.8592
29955.0608
18041.0795
5761.6342 
3317.4021 
1330.33   
839.42    
439.34    
310.81    
222.95    
744.21    
2822.91   
7682.68   
17808.04  
7072.56   
3017.89   
2666.02   
1656.9079 
917.4824  
693.2976  
513.664   
373.7136  
536.5358  
2790.1792 
27158.6814
30630.4317
18447.8361
5891.5368 
3392.1967 
1821.3273 
1256.2552 
671.906   
610.6114  
473.4244  
1133.0774 
1690.3699 
12895.4543
22798.5479
18119.1235
7729.9502 
4189.45   
1606.68   
1113.434  
953.3218  
729.2429  
781.0914  
967.4232  
3351.4288 
16359.633 
23473.1017
14740.6344
5070.5489 
2544.5084 
2312.96   
1434.07   
633.73    
511.35    
1143.09   
1412.25   
6337.47   
20620.24  
36286.69  
15004.56  
7179.27   
2606.51   
1691.0743 
1376.7446 
755.1682  
768.3873  
632.1188  
1132.9456 
3631.5038 
10488.1895
16316.3776
9695.2581 
4472.7313 
2288.6863 
1548.468  
693.2887  
754.8374  
377.219   
571.6147  
770.2707  
2059.5478 
8108.386  
23211.5866
16114.1873
4944.2072 
3230.7968 
1337.67   
697.2     
485.56    
378.65    
539.91    
1264.88   
6717.51   
15047.21  
14928.59  
10057.12  
5194.98   
2422.05   
1716.92   
1468.78   
904.08    
737.86    
665.46    
921.33    
3085.13   
18598.66  
26104.21  
16630.04  
6802.21   
3075.21   
3153.5193 
1844.9031 
936.2557  
730.8067  
542.8384  
1614.0097 
5757.0477 
16452.3026
29079.8833
13944.7418
5773.1358 
2968.1354 
1563.19   
928.28    
750.56    
480.8     
474.45    
885.63    
3663.12   
14569.38  
25708.31  
11266.46  
6189.9    
6659      
1601.4473 
1109.8077 
950.217   
726.8679  
778.5475  
964.2724  
3340.5138 
16306.3525
23396.6539
14692.6267
5054.035  
2536.2214 
1699.843  
1162.1993 
839.609   
445.6774  
381.4079  
686.41    
2202.1165 
11922.7559
26403.3673
10911.952 
6545.7181 
3391.1975 
1021.3    
497.06    
599.02    
646.62    
599.81    
855.28    
2259.2    
8875.75   
15165.23  
10640.47  
6052.84   
2827.28   
998.8434  
652.683   
614.2185  
688.3829  
1005.3569 
855.248   
4077.8316 
15038.717 
27199.0418
18110.0083
7749.151  
3019.0242 
986.959   
1030.7086 
826.7431  
437.2902  
434.369   
628.0318  
3852.9651 
16827.1595
30516.1107
21631.4997
8251.1288 
3235.432  
1563.19   
928.28    
750.56    
480.8     
474.45    
885.63    
3663.12   
14569.38  
25708.31  
11266.46  
6189.9    
6659      
