NaN         
521         
1188        
1343        
3975        
3512        
3849        
16153       
96921       
86108       
23919       
9505        
7958        
2760.16948  
2988.76941  
2370.85082  
3157.47416  
2523.58352  
3529.82252  
10973.79496 
84088.83762 
114263.0303 
45949.58445 
9532.31766  
3916.14642  
521         
1188        
1343        
3975        
3512        
3849        
16153       
96921       
86108       
23919       
9505        
7958        
7754.79783  
3122.04813  
3329.50001  
3338.74291  
2471.96376  
3105.61629  
12717.21117 
48409.20478 
81575.83117 
37914.39892 
14011.21796 
3352.09378  
5891.67892  
2953.52025  
3335.5116   
3184.96809  
3250.51084  
3974.55343  
13225.29837 
49084.3523  
107062.03673
57322.25691 
11900.10586 
9634.7845   
5903.4157   
2554.13879  
5491.30143  
3371.57957  
2573.5324   
3429.76041  
15031.01952 
69135.32022 
164246.44528
48645.9684  
19986.08756 
6057.59493  
6671.85836  
2788.83876  
2397.98991  
2732.02364  
3035.69066  
4224.8899   
16126.67806 
73652.96705 
80583.43217 
17105.26953 
7891.42431  
3568.5773   
4121.74461  
3637.00354  
2592.35282  
3263.08797  
2548.98632  
2581.75212  
13816.56592 
75368.08054 
103976.4767 
56827.45756 
12399.92702 
5493.08961  
1532        
1287        
677         
695         
1642        
2659        
11229       
31579       
71164       
24172       
6929        
4105        
4214.67402  
3719.00392  
2650.80036  
3336.65799  
2606.45611  
2639.96065  
14128.07609 
77067.33955 
106320.74451
58108.69716 
12679.49746 
5616.93756  
2434.91115  
2244.59175  
1916.92844  
2192.59727  
3207.9611   
3523.85208  
8007.1494   
68677.83642 
127657.2314 
65949.59794 
17857.65015 
8193.54469  
2769.18824  
2998.53511  
2378.59749  
3167.7911   
2531.82925  
3541.3561   
11009.65146 
84363.59506 
114636.38089
46099.72316 
9563.46419  
3928.9423   
6088        
2634        
5663        
3477        
2654        
3537        
15501       
71297       
169382      
50167       
20611       
6247        
2322.0335   
3116.33709  
3091.21313  
3290.27218  
3009.07712  
6960.30265  
13113.73974 
42061.37081 
56730.86333 
29356.37854 
10487.31983 
8795.31789  
5891.67892  
2953.52025  
3335.5116   
3184.96809  
3250.51084  
3974.55343  
13225.29837 
49084.3523  
107062.03673
57322.25691 
11900.10586 
9634.7845   
2158        
2722        
2317        
2185        
2094        
3598        
15425       
74817       
74811       
31965       
11355       
4320        
8975        
3609        
3173        
3060        
2877        
3178        
6304        
54204       
123472      
79503       
19922       
4336        
11839.68422 
5432.4907   
3363.87678  
3001.24325  
4224.3801   
5553.70246  
22489.28935 
54749.64899 
127162.15544
39993.87028 
9358.34927  
3903.82007  
2535        
1397        
1778        
1489        
2527        
3608        
6253        
52853       
103683      
32041       
15205       
28579       
2760.16948  
2988.76941  
2370.85082  
3157.47416  
2523.58352  
3529.82252  
10973.79496 
84088.83762 
114263.0303 
45949.58445 
9532.31766  
3916.14642  
4472.46647  
3493.19095  
2051.28162  
2451.75537  
1937.15169  
3628.72024  
7412.33109  
59870.31733 
130090.79232
33835.44698 
14571.94591 
6377.00961  
1563        
2189        
1309        
2521        
2921        
2942        
8534        
42813       
76840       
35870       
14464       
7886        
1887.42462  
1711.41084  
3481.49294  
3641.59588  
2828.15365  
3279.62403  
9340.66359  
64990.85159 
126716.99557
62915.48005 
22340.82276 
4188.53136  
3776.01359  
1683.12963  
4839.61036  
3165.30319  
2643.79768  
2743.78558  
6646.25445  
55422.70416 
112919.66709
73793.02989 
19662.32622 
5716.95516  
2535        
1397        
1778        
1489        
2527        
3608        
6253        
52853       
103683      
32041       
15205       
28579       
