NaN       
1466.1709 
997.7134  
808.5775  
776.7961  
689.3748  
866.1907  
1511.8648 
31896.2087
20921.7622
6810.3529 
3160.8113 
2205.216  
2152.0701 
1476.6901 
938.18    
475.83    
562.71    
1070.0801 
3415.5402 
4772.2302 
2505.1201 
1674.0501 
1578.8401 
858.84    
846.9399  
780.2999  
667.2399  
567.87    
450.64    
890.5799  
1015.5399 
1584.7899 
1463.7999 
1211.8999 
5527.9296 
3427.4397 
1105.5438 
1078.3411 
1062.7953 
1117.2007 
833.5267  
1132.7367 
2415.093  
4929.2696 
2687.1002 
1284.2861 
1200.7483 
988.965   
2858.2913 
1925.7478 
1504.9972 
1270.3494 
1080.1978 
1361.3815 
5239.1792 
9159.4639 
5771.1855 
2625.6628 
2609.4777 
1381.6052 
1852.0466 
1271.5179 
681.8297  
636.9321  
1066.8067 
944.3544  
3297.479  
15084.2651
13041.8451
3727.5906 
2514.8223 
1177.5043 
2802.6498 
1888.2599 
1475.6999 
1245.6199 
1059.1699 
1334.8799 
5137.1897 
8981.1594 
5658.8396 
2574.5498 
2558.6798 
1354.7099 
844.7257  
766.9077  
571.3565  
393.9384  
415.507   
716.3098  
980.4092  
3155.1355 
2475.7222 
933.8363  
411.482   
327.0063  
2127.1126 
1655.7523 
810.8987  
854.8427  
794.9182  
1046.5789 
2451.0734 
16052.1882
11781.9926
5874.0189 
8508.4404 
2973.96   
1342.8099 
1136.5299 
1198.0199 
1057.1899 
1128.5999 
1424.1299 
4774.2197 
30456.1984
13929.9193
4885.2897 
2040.9899 
1382.4799 
1281.2951 
1143.5984 
924.6057  
862.83    
775.1546  
1249.4177 
2829.6151 
3702.4112 
2769.8387 
5812.6697 
4905.997  
2136.1583 
2205.8549 
1513.5957 
961.6272  
487.722   
576.7734  
1096.8236 
3500.9018 
4891.4985 
2567.7284 
1715.8882 
1618.2987 
880.3043  
626.58    
614.88    
461.75    
351.07    
360.6     
939.7701  
3526.6103 
10621.4908
16294.2112
5107.4404 
3127.9302 
2035.0402 
1971.5701 
1332.8901 
1205.9501 
1084.9601 
1148.4301 
1424.1301 
4105.7902 
4677.0302 
6775.5403 
4343.8002 
2284.9601 
1618.5101 
1350.416  
1174.7123 
836.3145  
317.8632  
535.4324  
833.1492  
1354.3676 
2416.5428 
3188.4963 
2055.2414 
890.4132  
1034.5336 
697.6109  
598.5831  
484.5784  
390.3721  
489.7506  
694.3996  
718.1288  
686.0071  
981.822   
316.5128  
1503.6944 
2237.3399 
1219.5992 
944.5663  
811.6668  
556.1829  
451.4619  
697.2773  
1111.5176 
3513.7171 
3034.2886 
1505.5834 
2771.4473 
1061.8923 
1030.3284 
881.6779  
814.4875  
745.2541  
643.4471  
995.7117  
1903.8654 
4500.0333 
2156.3556 
2995.276  
2773.3269 
1791.8745 
1750.4703 
1517.0793 
1143.2136 
1143.2136 
1030.8382 
1694.2826 
5087.1731 
35188.8095
16300.9977
8633.504  
3915.8711 
2124.336  
1003.6399 
858.8399  
793.3899  
725.9499  
626.7799  
969.9199  
1854.5498 
4383.4696 
2100.4998 
2917.6897 
2701.4898 
1745.4598 
2163.9699 
1876.3599 
1495.5399 
1396.36   
1051.24   
2372.2299 
9352.0697 
19029.4193
8427.7697 
5014.2198 
6472.0698 
3016.8599 
3746.8591 
3523.9869 
2141.0596 
1617.2279 
1304.8303 
1459.1228 
5322.1766 
15132.1925
15579.8384
7579.4309 
3908.7673 
2466.7966 
1509.9725 
929.809   
757.575   
521.886   
442.8921  
731.6746  
916.8621  
1298.8847 
849.5224  
1064.4884 
1372.7011 
909.0926  
900.0831  
803.7724  
794.3957  
471.1799  
340.6027  
744.9598  
1181.3661 
1682.5496 
1885.4071 
1805.2886 
1803.5783 
1960.4119 
1517.7744 
1042.0242 
558.7676  
521.9735  
874.2609  
773.9098  
2702.3236 
12361.7364
10687.9487
3054.8053 
2060.9271 
964.9789  
