NaN       
4241.2284 
2798.6386 
2421.0048 
2512.8901 
2307.365  
2402.3297 
11710.7414
39325.2152
53171.2129
25857.666 
6138.8345 
5709.586  
4107.7636 
3176.6305 
1501.5869 
1453.1697 
1675.5793 
2231.3156 
7309.5052 
19687.3422
24522.8709
8421.3547 
5358.4579 
3587.5716 
3090.6456 
2378.8676 
1579.2009 
1567.2801 
1578.5662 
2068.1329 
10375.0984
25337.1529
28537.5255
11176.9072
8233.2983 
3738.1384 
6305.7159 
4115.9816 
3348.9528 
3278.8697 
2797.0893 
4256.3616 
11848.7748
38378.5622
32856.6235
8175.1506 
4572.1148 
3737.6647 
7236.8587 
4805.2203 
3051.7712 
2892.1865 
2749.3918 
3596.471  
11525.2949
36262.781 
57107.7483
24068.3593
7862.4331 
4339.9386 
5203.8336 
2885.4849 
2924.5241 
3894.0379 
3631.9989 
3550.6538 
24799.5314
61099.0255
106979.456
25463.2195
11540.13  
7147.3507 
7095.981  
4711.6785 
2992.3633 
2835.8852 
2695.8702 
3526.4596 
11300.9355
35556.8646
55996.0493
23599.8279
7709.3775 
4255.4543 
3641.4602 
2734.7846 
2945.6272 
2515.8574 
2269.0882 
3353.2603 
12755.9774
33808.6255
68818.7594
28093.5772
6725.9354 
3456.8872 
5457.2359 
3320.9708 
2404.624  
2849.5453 
2546.3732 
5681.4541 
7491.2586 
24344.1589
49150.2561
19168.8236
11385.6179
6832.3254 
3474.2937 
2549.2501 
2634.9571 
2555.5973 
2196.5446 
2425.6981 
8144.3387 
38531.2182
60857.2643
26093.3816
5825.1346 
4400.7059 
5163.5758 
5562.9752 
3777.0466 
2931.738  
2817.2567 
5430.3402 
8780.3087 
18757.5002
21698.624 
13821.7113
5822.486  
4205.2406 
4210.4254 
3256.0213 
1539.1147 
1489.4875 
1717.4556 
2287.0809 
7492.1854 
20179.371 
25135.7498
8631.8223 
5492.3772 
3677.2326 
2750.139  
2136.9805 
2147.0369 
2434.4456 
2175.0637 
2469.5337 
8918.1814 
34084.1227
61207.3198
27096.2612
9137.2587 
3933.8507 
6421.0571 
3694.859  
3610.7785 
3351.0991 
3024.2187 
5451.5038 
17089.5359
45226.9738
63611.1584
24597.3712
6203.9237 
6842.2925 
4145.1538 
2856.1172 
2112.9222 
2029.2701 
1450.5758 
1784.6908 
10739.3783
21146.6555
42355.4825
11951.4557
3401.0309 
3362.7092 
3854.1853 
2411.473  
2243.224  
1512.2243 
1900.1425 
2908.976  
8207.8898 
18437.0149
17883.3099
5666.9561 
6205.8523 
5892.2634 
2793.5789 
2612.7599 
2474.0387 
2107.291  
2204.2086 
3026.0214 
13390.9726
57847.6329
46729.2096
10052.2451
5948.3331 
2528.6272 
3825.9758 
3307.2636 
3404.372  
2993.0919 
2853.1003 
3880.6081 
7852.664  
30677.8531
32394.303 
14091.3213
6219.5778 
4217.4025 
5053.0094 
4019.569  
3014.72   
2644.2201 
2502.4949 
3209.6517 
7412.893  
40520.137 
65612.7716
35642.3068
10103.4472
5989.8918 
3726.8721 
3221.596  
3316.189  
2915.5622 
2779.1968 
3780.0893 
7649.2575 
29883.2089
31555.1979
13726.3158
6058.473  
4108.1597 
5915.5226 
3852.269  
3539.1541 
3293.4385 
2929.9626 
4603.3995 
6808.6915 
25995.2982
36543.6158
20557.8381
7877.4196 
3962.0358 
6171.0042 
3859.1993 
2894.6424 
3050.6713 
2692.3246 
2833.8004 
9213.1608 
56882.0769
62156.4714
24528.4643
7290.5807 
5349.5994 
3434.957  
2725.6239 
2789.5071 
2033.5016 
1404.4079 
3163.2622 
5456.8941 
15507.7342
15048.7281
6461.9444 
2470.7644 
2420.0903 
2897.3589 
2397.6514 
2184.0828 
1586.3534 
1353.3339 
2296.5439 
5757.0091 
14633.3158
29316.9042
8834.3022 
2882.4595 
2893.063  
4264.6042 
2364.6896 
2396.6826 
3191.2109 
2976.4667 
2909.8034 
20323.5139
50071.3854
87670.9494
20867.4143
9457.2752 
5857.3397 
