NaN       
72656.24  
61951.02  
57851.01  
58785.19  
46759.79  
52524.89  
164904.31 
535861.16 
515964.43 
308202.47 
134579.16 
91692.31  
88632.75  
60864.04  
47037.51  
44711.97  
43659.93  
55073.56  
114118.99 
242160.49 
312383.3  
129573.4  
103735.26 
67945.26  
66029.09  
53055.26  
44327.54  
40502.22  
37383.31  
46967.88  
126391.61 
330939.1  
403844.84 
194489.8  
136561.58 
60444.27  
105214.66 
83470.25  
96473.75  
68213.75  
53174.39  
79279.58  
135536.8  
496423.35 
577770.6  
283879.33 
124038.07 
104902.09 
86757.54  
69387.61  
54269.52  
59548.97  
42960.36  
55387.12  
150631.52 
494233.41 
612854.13 
291217.97 
135900.76 
74599.36  
81272.07  
66288.18  
61893.89  
56324.38  
48647.2   
55215.26  
211722.53 
759829.67 
1225983.09
366505.14 
222827.36 
118001.69 
78388.41  
62694.08  
49034.37  
53804.54  
38816.16  
50044.16  
136100.73 
446556.81 
553734.7  
263125.41 
122790.99 
67403.08  
61641.27  
50666.09  
49769.83  
71798.18  
44331.1   
59695.76  
113296.4  
362143.58 
817437.54 
518450.38 
203912.98 
80518.9   
58160.03  
63616.21  
61956.7   
40340.08  
56247.65  
72178.04  
82150.89  
258667.18 
517659.23 
352970.23 
155973.51 
103622.64 
69762.39  
55210.57  
54421.55  
59645.21  
56454.09  
53251.59  
76990.58  
355897.41 
629351.14 
349952.16 
132902.6  
64550.12  
54838.11  
77584.34  
62423.09  
49071.52  
47863.98  
71850.42  
108694.07 
280285.98 
304525.03 
174807.3  
97785.9   
81730.71  
92183.79  
63302.53  
48922.05  
46503.33  
45409.15  
57280.06  
118691.13 
251862.56 
324898.83 
134764.71 
107891.37 
70667.46  
65259.36  
55056.49  
55627.64  
40570.46  
42810.04  
60367.53  
99172.02  
401061.26 
703731.73 
473256.96 
191476.16 
85409.07  
87407.26  
82726.13  
70596.95  
51450.28  
59810.98  
98686.52  
189385.83 
483555.54 
745424.43 
480985.18 
151542.74 
107894.33 
74567.44  
51261.15  
45776.37  
43067.84  
43431.13  
52274.71  
126421.9  
298734.1  
660262.11 
228312.21 
90703.64  
67480.11  
64554.34  
61255.73  
46614.6   
40620.95  
43326.52  
54291.56  
97339.28  
285922.65 
252332.93 
113503.74 
117086.9  
79288.4   
42315.02  
46380.88  
46492.99  
41448.04  
35200.7   
51622.96  
121473.16 
570075.19 
522834.8  
142672.25 
93986.57  
45338.26  
40676.94  
61458.94  
62740.24  
49773.6   
42217.21  
49571.64  
79104.36  
370763.52 
408639.19 
200561.21 
97927.69  
74775.38  
109552.17 
79894.55  
73956.39  
63605.51  
54816.71  
69860.67  
104920.89 
543438.57 
840503.47 
487754.42 
200508.25 
94898.45  
42016.58  
63483     
64806.5   
51412.82  
43607.57  
51204.21  
81709.55  
382974.08 
422097.13 
207166.4  
101152.8  
77238     
110372.18 
85290.64  
71680.55  
60791.14  
41268.71  
66124.32  
115960.96 
335937.55 
407352.93 
335285.63 
165872.27 
79614.74  
104355.48 
71848.58  
56377.79  
54169.78  
50431.04  
52008.94  
93777.76  
678261.32 
763310.81 
340552.34 
147598.4  
112542.75 
76653.7   
52966.35  
45283.02  
38707.02  
31903.21  
48541.61  
76833.22  
232581.54 
188782.23 
101621.86 
66174.93  
42445.34  
37682.11  
34770     
32389.07  
29487.24  
21942     
22650.84  
41159.83  
110204.31 
209678.74 
131566.19 
55375.3   
42778.14  
66196.57  
53992.1   
50412.93  
45876.53  
39623.42  
44973.15  
172449.21 
618885.63 
998570.26 
298520.54 
181494.17 
96113.05  
