NaN      
409699.5 
369117.8 
287741.5 
377328.6 
343256.8 
517702.2 
1769828  
3479060.1
2703789.7
1892410.9
821432.9 
553821.8 
741747.1 
621280.9 
447913   
518429.4 
539091.2 
481577.7 
667634.5 
1101214.8
1692012.6
1175603.8
1051758.6
684070.2 
617471.2 
385030.2 
313334.6 
275497.5 
273387   
638894   
755029.6 
2110252.7
2522763.4
1320061.2
995464.6 
388964.5 
623406.9 
477174.4 
401365.8 
433840.4 
411478.3 
814164.9 
1065021.9
2883527.9
2786402.1
1054932.5
692036.7 
560374.3 
430093.7 
395876.3 
292385.1 
460840.3 
387796.4 
493137.3 
1223547.7
2881018.6
3003687.2
1335326.8
590162.6 
336143.3 
395478.2 
415073.5 
312904.4 
451220.2 
354656.1 
400320   
2142094.4
5121489.6
5702626.7
2131654.9
1154245  
638389.1 
687379.1 
632692.7 
467292.2 
736518.7 
619779.3 
788136   
1955483.8
4604467.2
4800517.1
2134130  
943202.6 
537226.9 
329733.1 
344904.7 
331088.5 
389225.5 
333468.7 
684052.8 
1366491.4
2920894  
5197915.8
2562163.6
825023.2 
425322   
621373.5 
645971.7 
354484.2 
423505.9 
401286.9 
599281.4 
825115.5 
2564673.7
4052731.8
2114674.2
1458102  
817212.5 
283464   
335594.7 
298760   
397547.4 
543117.2 
572529.6 
1337048.9
3852807  
4540318.6
1771207.5
579486.5 
599903.9 
362724   
398938   
322877.5 
277529.6 
305097.4 
724440.1 
1083081.4
1953067.9
1709511.8
994474.4 
451175.5 
457340.3 
953537.7 
798674.8 
575805.3 
666456.3 
693017.6 
619082.3 
858263.7 
1415644  
2175132  
1511273.2
1352066.5
879392.4 
239014.5 
342964.8 
280773.3 
268435.6 
283602.6 
580512.5 
1314842.6
2839226.1
3557360.1
1755899.4
728487.3 
274154.4 
656720.3 
475440.6 
422861.4 
310223.6 
506975.6 
791400.4 
1775161.9
3188732.6
4541501.7
2350246.2
915381.4 
676733   
368671.8 
325017.8 
248319.9 
236943.5 
269624.7 
431476.9 
867830.8 
1529583.8
2583474.6
1384651.9
558478.4 
292926.1 
388786   
313871.7 
240252.7 
141192   
259686.1 
402973.3 
534899.7 
1266786.7
1288337.8
638627.2 
478809.4 
468757.2 
222304.3 
270919.6 
330761.9 
374844   
276338.2 
507010.1 
980768.5 
2777907.2
3488932.6
1136816  
694599.9 
294242.2 
347577.6 
302120.3 
267428.1 
242165.7 
256565.4 
499645.7 
760017.9 
2318854.6
1701285.9
788990.3 
592375.7 
326087   
936093.8 
476548.3 
334579.7 
314688.3 
364778.1 
661633.9 
1068150.5
3398964.7
3600063.8
1991270.8
707713.7 
458742.5 
531693.3 
462156.7 
409087.7 
370443.5 
392470.9 
764313.5 
1162607.8
3547177.6
2602475.9
1206927.3
906163.7 
498818.9 
631957.2 
420312.6 
299993.7 
325722.9 
291253.8 
545485.7 
999425.6 
2553960.1
2349893.8
1567245.3
740622.3 
453033.4 
844592.5 
639965.5 
471632.8 
448463.7 
433792.1 
525908.2 
687544   
4333807.4
4941185.9
2480804.2
1110534.5
1369183.9
700674.9 
458131.7 
437712.5 
325443   
302833   
761599.5 
1007019.6
1968627.7
1519821.1
844240.6 
470308.5 
292726.3 
331501.5 
387379.8 
387972.3 
310903.7 
300577.2 
376935.5 
630812.3 
1161240.2
2155203.5
1012356.3
463172.7 
538440.3 
541556.7 
568390   
428482.4 
617888.2 
485656.1 
548186.9 
2933323.8
7013223.7
7809016.6
2919028.2
1580590.6
874192.1 
