NaN       
1076.7812 
712.8227  
455.5467  
386.8055  
267.4124  
257.0757  
1292.9308 
12949.1999
16507.3537
10428.1031
2834.9944 
1708.5529 
1150.4101 
533.95    
452.23    
325.29    
194.78    
263.21    
1208.3301 
5857.1903 
10353.7205
3193.3901 
1860.5001 
1074.2501 
1283.3099 
793.1899  
456.99    
314.38    
166.61    
315.37    
1172.2299 
5549.7496 
9988.7592 
5728.2596 
2493.2198 
814.4099  
1229.8905 
683.3389  
417.1503  
371.1007  
268.52    
461.6424  
1950.7274 
9994.5428 
11729.5882
3720.7533 
2073.1248 
853.5393  
2049.15   
1363.4008 
599.7756  
433.8965  
389.7981  
438.1493  
1914.6314 
10132.4548
14778.9361
8010.4872 
3014.0433 
1108.5191 
1191.6052 
840.4702  
569.7101  
448.2057  
352.7821  
326.6896  
1844.9961 
11892.5425
27754.76  
11121.6523
4463.2286 
1398.4375 
2009.2599 
1336.8599 
588.1     
425.45    
382.21    
429.62    
1877.3599 
9935.2094 
14491.2391
7854.5495 
2955.3698 
1086.9399 
1052.3827 
649.1745  
562.0765  
444.1399  
417.3264  
580.2198  
1614.8657 
6838.48   
18259.4805
11626.6347
3606.736  
1516.0787 
1316.2139 
843.4539  
434.0119  
406.4513  
295.9973  
490.9357  
1106.4933 
7649.6    
18514.8417
10409.8519
4969.2508 
1739.6325 
721.39    
423.67    
335.41    
300.89    
240.79    
295.34    
1090.7099 
7808.9296 
20616.1989
9524.6295 
2524.9599 
1241.6499 
956.0913  
625.7035  
441.582   
350.1191  
261.0371  
633.8712  
1681.8273 
6936.5369 
9393.5188 
4868.1319 
1922.9423 
1311.1833 
1179.1613 
547.2946  
463.5322  
333.4197  
199.648   
269.7882  
1238.5288 
6003.574  
10612.4821
3273.1998 
1906.998  
1101.0979 
565.09    
409.39    
389.36    
397.09    
321.12    
331.83    
1093.6901 
7170.2505 
15879.6712
10361.6508
3941.1603 
1392.4001 
1257.5201 
723.97    
498.25    
382.21    
316.17    
921.72    
2300.8301 
7543.1404 
15790.4108
9246.9405 
3129.9202 
1678.0201 
1069.6803 
631.5757  
347.2766  
289.0371  
266.7308  
277.3912  
951.8079  
5464.8604 
13117.2376
4602.0888 
1488.6239 
927.1326  
806.8031  
357.8995  
252.4582  
145.056   
212.4927  
324.5365  
1201.6368 
7125.95   
7777.1728 
3199.0037 
2936.7317 
2033.9502 
805.3589  
439.4823  
381.2275  
321.7216  
270.8348  
396.1649  
1343.2437 
12074.0652
15375.4039
5427.233  
2634.7631 
815.6635  
1319.4679 
586.0195  
435.3467  
350.6324  
281.204   
344.5241  
1285.2618 
10236.0521
11431.3127
6033.3094 
2471.9606 
1877.3896 
1104.3061 
707.7561  
492.506   
345.7773  
296.0723  
358.0891  
606.178   
8670.2434 
16333.4116
10868.0581
3797.0129 
1655.3859 
1285.2899 
570.8399  
424.07    
341.55    
273.92    
335.6     
1251.9699 
9970.9091 
11135.209 
5877.0295 
2407.9298 
1828.7598 
1342.81   
712.07    
461.16    
341.36    
277.29    
469.88    
1253.55   
9383.7997 
12061.4896
8856.1997 
3758.6799 
1670.0799 
1215.305  
830.5151  
594.313   
335.6384  
337.5399  
451.641   
703.8428  
11088.1864
16911.3381
9924.309  
3003.9582 
1784.8502 
991.9713  
446.9074  
355.9982  
252.5272  
204.35    
288.5279  
630.665   
3053.6149 
4059.8259 
2487.6976 
1080.0339 
628.073   
620.0034  
433.1661  
297.1313  
167.912   
131.2648  
214.9673  
1020.9485 
3711.1508 
9416.7996 
3273.0342 
1152.3852 
981.912   
976.5348  
688.7754  
466.8843  
367.31    
289.1091  
267.726   
1511.9965 
9746.0814 
22745.3592
9114.3277 
3657.6695 
1146.0363 
