NaN       
1684.1334 
932.558   
704.6895  
522.1043  
379.8543  
545.3519  
2836.0261 
27604.9394
31133.7357
18750.9618
5988.3436 
3447.9356 
1636.7801 
772.77    
574.02    
439.34    
275.11    
411.58    
2983.3801 
9448.9804 
14433.7107
6234.5303 
3719.0602 
2169.7501 
1707.1999 
931.4499  
611.51    
424.87    
236.23    
408.8     
2389.3198 
10542.0892
15728.7388
10978.2592
5204.2996 
1996.7898 
2078.6006 
2005.9262 
1251.4705 
718.5153  
380.2401  
1006.4602 
3409.142  
14696.4833
18832.6825
8865.6069 
4251.2302 
2128.1375 
2986.3747 
3014.696  
1342.7896 
999.7008  
935.9804  
1090.5289 
4322.2802 
19158.8584
24733.1001
12265.1002
4920.8524 
1884.5152 
2740.7322 
1699.2952 
750.9357  
605.922   
1354.4997 
1673.4397 
7509.5584 
24433.8665
42997.7604
17779.5901
8507.0457 
3088.573  
2928.2398 
2956.0098 
1316.6499 
980.2399  
917.7599  
1069.2999 
4238.1397 
18785.8988
24251.6285
12026.3392
4825.0597 
1847.8299 
1516.902  
995.5438  
768.9406  
706.2369  
591.9189  
850.3873  
3185.6183 
12178.1911
30542.5368
19839.9298
6142.011  
2504.9954 
2128.331  
1453.6444 
599.3958  
550.256   
436.2172  
933.3457  
2828.9973 
13657.8171
27712.7106
15384.0973
10976.6321
3494.8931 
1389.8399 
984.0099  
1000.8699 
783.68    
732.9     
1175.2199 
4912.1297 
20881.2689
32261.1883
16848.2191
5112.0697 
2668.9899 
1758.1704 
1431.3691 
785.1307  
798.8743  
657.1991  
1177.897  
3775.5896 
10904.3252
16963.7561
10079.933 
4650.194  
2379.4936 
1677.6867 
792.0832  
588.366   
450.3201  
281.9856  
421.8663  
3057.9412 
9685.1306 
14794.4399
6390.3445 
3812.0074 
2223.9768 
1004.4401 
656.3401  
617.66    
692.2401  
1010.9901 
860.0401  
4100.6803 
15122.9812
27351.4421
18211.4814
7792.5706 
3035.9402 
2379.2101 
1345.8001 
1091.1201 
811.05    
482.98    
1328.1501 
5827.9103 
12631.9006
29489.8415
16858.9309
5385.0003 
2962.3502 
1373.5386 
740.9675  
441.459   
391.1129  
483.9118  
662.1935  
2874.2264 
8884.2639 
21873.7351
8902.8177 
3170.7687 
1927.1366 
1412.8972 
649.6217  
340.4219  
304.918   
403.2262  
793.4273  
2569.5852 
11259.1193
13669.9129
6516.3928 
6118.3388 
4583.755  
892.4285  
750.6979  
665.9501  
436.3337  
428.5522  
514.339   
2474.7769 
18772.8763
25178.8228
9277.3017 
5618.6524 
2098.161  
1618.8117 
806.5519  
772.7565  
473.6283  
411.1191  
908.3693  
2601.5062 
14771.9135
15550.3676
9793.9197 
4802.8881 
3081.6431 
1870.6577 
1600.2986 
985.0338  
803.93    
725.0471  
1003.8284 
3361.381  
20264.0351
28441.6526
18119.1394
7411.2986 
3350.5727 
1576.8799 
785.6599  
752.7399  
461.36    
400.47    
884.8399  
2534.1198 
14389.2787
15147.5686
9540.2291 
4678.4796 
3001.8197 
2449.4199 
1155.98   
753.53    
597.63    
466.72    
1361.47   
5584.7398 
17045.7794
18138.4894
13629.2095
7761.2297 
3378.8899 
2832.1775 
1841.2621 
994.536   
660.9912  
479.2708  
793.3873  
3814.5265 
18239.0732
27358.1344
17029.0886
6450.7029 
3665.7562 
1624.6015 
782.8356  
556.6005  
505.0544  
386.952   
373.8745  
1449.6449 
4976.6226 
6286.2736 
4219.2957 
2258.1197 
1309.3898 
1143.3609 
721.4451  
377.5937  
267.1277  
191.6159  
639.6162  
2426.1686 
6602.9301 
15305.2376
6078.5584 
2593.7455 
2291.3285 
2246.063  
1392.5928 
615.4008  
496.5604  
1110.0288 
1371.4039 
6154.1733 
20023.8471
35237.1812
14570.5877
6971.6262 
2531.1227 
