NaN         
4283.92745  
3780.11274  
2694.35699  
3391.4843   
2649.2841   
2683.33917  
14360.22162 
78333.67179 
108067.75417
59063.5104  
12887.84066 
5709.23228  
3519.00017  
2406.00011  
1607.00008  
2101.0001   
1669.00008  
2492.00012  
12517.00059 
42562.002   
66456.00312 
13716.00064 
11096.00052 
4662.00022  
7550.99942  
3039.99977  
3241.99975  
3250.99975  
2406.99982  
3023.99977  
12382.99905 
47136.9964  
79431.99393 
36917.99718 
13642.99896 
3263.99975  
6671.85772  
2788.83849  
2397.98968  
2732.02337  
3035.69037  
4224.88949  
16126.6765  
73652.95994 
80583.42439 
17105.26788 
7891.42355  
3568.57696  
12463.62479 
6236.40173  
3385.91231  
3528.69174  
2824.9931   
3198.25933  
16013.73344 
66328.18634 
109614.83149
39954.78506 
14579.81998 
3695.94765  
7213.94994  
3121.1472   
6710.34798  
4120.0565   
3144.84612  
4191.15324  
18367.84462 
84483.07968 
200708.48707
59445.17523 
24422.91759 
7402.35632  
12220.99924 
6114.99962  
3319.99979  
3459.99978  
2769.99983  
3135.9998   
15701.99902 
65036.99594 
107480.99329
39176.99755 
14295.99911 
3623.99977  
7418.93354  
3855.32469  
4507.87372  
3995.59224  
3679.48204  
4187.69779  
15686.58739 
53232.55069 
165482.16374
79908.79549 
15370.47719 
4592.23753  
7519.00675  
4582.69716  
2204.24612  
3206.17617  
3433.75024  
4171.85549  
10893.34606 
49194.26218 
122449.95014
53389.27786 
19674.0798  
5603.75955  
1762.99991  
1532.99992  
2408.99987  
4683.99975  
3771.9998   
4168.99978  
8238.99957  
53340.9972  
125099.99344
42145.99779 
9161.99952  
3696.99981  
2414.1639   
3239.98276  
3213.86197  
3420.81901  
3128.46707  
7236.46382  
13634.04838 
43730.22312 
58981.75127 
30521.13992 
10903.42105 
9144.28623  
3606.9475   
2466.13119  
1647.16244  
2153.50858  
1710.71196  
2554.28052  
12829.82717 
43625.71734 
68116.88058 
14058.7928  
11373.31327 
4778.51356  
1898.00014  
1721.00013  
3501.00027  
3662.00028  
2844.00022  
3298.00025  
9393.00072  
65355.00499 
127427.00972
63268.00483 
22466.00171 
4212.00032  
7571.00039  
5696.00029  
3118.00016  
2303.00012  
5535.00028  
5275.00027  
20254.00104 
76579.00393 
165734.00851
75633.00388 
22028.00113 
8910.00046  
5117.22549  
2825.87107  
2442.6515   
1918.08861  
2103.22845  
3629.13911  
7453.37181  
32169.54107 
98323.19276 
28204.96042 
4921.13652  
6027.99408  
3060.15438  
886.02353   
829.35401   
2125.55696  
2208.31246  
2994.48969  
9696.78548  
54642.91533 
64859.62122 
17217.64107 
17699.7818  
9213.74523  
2365.17927  
4160.00155  
3667.035    
4116.53568  
3954.33378  
3849.37962  
14003.43028 
98029.31271 
106740.50861
24515.80932 
12627.36453 
2480.73487  
4145.37675  
2348.84151  
3720.36785  
2675.29763  
3094.14699  
3537.63455  
9983.60301  
66999.47214 
67436.80015 
22741.05643 
13356.9829  
6848.39235  
9778.64615  
3932.15977  
3457.11913  
3334.0008   
3134.61448  
3462.56685  
6868.47747  
59057.57501 
134528.02195
86621.91694 
21705.87059 
4724.25735  
4037.99964  
2287.99979  
3623.99967  
2605.99977  
3013.99973  
3445.99969  
9724.99912  
65263.99412 
65689.99408 
22151.998   
13010.99883 
6670.9994   
7810.99972  
4175.99985  
1915.99993  
2440.99991  
3066.99989  
4115.99985  
1318.99995  
52409.99813 
88662.99684 
58990.9979  
19316.99931 
5266.99981  
8889.14953  
4349.49851  
3396.81524  
3418.90367  
3246.03775  
3717.57755  
6029.17899  
78864.31182 
116053.53248
46400.09286 
13382.70297 
7107.67023  
5268.87202  
3052.94245  
2161.08629  
1880.99384  
1954.77111  
2295.5829   
6468.24227  
30849.99651 
36761.31836 
14193.96255 
5967.47091  
2497.32782  
1316.68752  
1106.12065  
581.85212   
597.32234   
1411.22775  
2285.29512  
9650.83824  
27140.78019 
61162.36997 
20774.7851  
5955.17483  
3528.06937  
5911.91864  
2557.81762  
5499.21079  
3376.43579  
2577.23917  
3434.70043  
15052.66932 
69234.8987  
164483.01628
48716.03522 
20014.87436 
6066.31993  
